"quartet" "cluster" "phylo" "mutual" "shared" "clusterNorm"
"mb49" 0.693073780432704 0.230844903340292 0.260761259375044 0.188907749984496 0.129929864706686 0.157010454606734
"mb50" 0.830220291653739 0.251897487856837 0.694575639692621 0.228001579771035 0.109698372419651 0.107559831552858
"mb51" 0.639305181340717 0.204520975509602 0 0.155932732595236 0.0771415742905993 0.164703559060856
"mb52" 0.77498587874941 0.260781914463055 0.350113657815381 0.230525609642931 0.151724539566055 0.180587887522158
"mb53" 0.679803239241625 0.219276429970376 0.155521477532413 0.17492510630682 0.0987067132577899 0.156913089544397
"mb54" 0.644050393935505 0.209818510721887 0.020545911645708 0.162266178789793 0.0685200262200081 0.167565465947925
"mb55" 0.786283491246784 0.221895856306202 0.791596027460337 0.211677832310914 0.102302962205334 0.0722123585803234
"mb56" 0.725686866341614 0.206935912939092 0.405058004037031 0.181372785658509 0.113935807581211 0.121229145587318
"mb57" 0.810791908758339 0.245476618405924 0.770842965952378 0.236158167911534 0.114738072407295 0.100329339872213
"mb58" 0.876923076923077 0.242686700268004 0.795609980236675 0.229795846099338 0.110449230022044 0.0960685097704496
"mb59" 0.901704362739843 0.254450901660111 0.87507063920633 0.246784673615843 0.123524120288088 0.111030001424159
"mb60" 0.903796073717949 0.266918158040721 0.850967834152679 0.258707788173865 0.128966040548678 0.12466925311703
"mb61" 0.836389423563975 0.274136840487308 0.734039762620717 0.26006566004053 0.124633478754488 0.133364712812852
"mb62" 0.773936431277853 0.24808518043338 0.531479790648436 0.225376482249889 0.128575832411215 0.134927501577608
"mb63" 0.849723133716161 0.264375200357984 0.787231810096574 0.252543411479316 0.122987828742195 0.122388796053627
"mb64" 0.642797086712347 0.207118175505673 0.0931657920977294 0.159976192527894 0.087449037750105 0.154827152083335
"mb65" 0.992355838292633 0.263479973222228 0.979144190555562 0.263017629189897 0.130755414467038 0.121795990882921
"mb66" 0.8263859747284 0.227908166790821 0.625066755887371 0.204635744716292 0.123252015564299 0.112229278361972
"mb67" 0.716181749480446 0.228149652249998 0.250441986943518 0.184023373610746 0.118119993212619 0.161024350542737
"mb68" 0.867136318765144 0.267984343930827 0.802075306150796 0.257851059574154 0.126519983164129 0.127166865090031
"mb69" 0.841272457557277 0.256978232019372 0.636532167788013 0.230347398713497 0.144075295079555 0.14517428213795
"mb70" 0.698097890118282 0.240152214138529 0.0522875297847048 0.195262002845833 0.111624543461175 0.189793712851371
"mb71" 0.875180226570546 0.200904690385897 0.895720952777809 0.196073832664543 0.0964760433507539 0.0471831327656458
"mb72" 0.692489828316563 0.228094422542138 0.114096535649889 0.188175682473198 0.106786393440451 0.16631248322283
"mb73" 0.75398220659528 0.25537911905593 0.27787644463234 0.229141082656949 0.141178744731081 0.183682003972783
"mb74" 0.818272841051314 0.228548947467773 0.739507877817481 0.214628613985286 0.101185159605284 0.0801453014993025
"mb75" 0.794119282378234 0.263974500781998 0.432637847207772 0.235399605115954 0.153801732166753 0.171596746221918
"mb76" 0.759768539668037 0.249712306836105 0.415724007475694 0.219601507944163 0.146002092459945 0.155401572449363
"mb77" 0.701248660806586 0.218915304718082 0.187765568293121 0.175203328670991 0.102979997556724 0.156528533730588
"mb78" 0.833119955468967 0.25535449615317 0.709665446057501 0.237687297711029 0.110880687156162 0.111448964209515
"mb79" 0.707396138558436 0.239094211120613 0.0941800507801043 0.197836699558345 0.116939540795246 0.182361868352579
"mb80" 0.750236809408407 0.212600038273216 0.4947966396404 0.187800519943019 0.119732882849945 0.114410522505556
"mb81" 0.689085040511165 0.227880984641006 0.344711492433825 0.194172241946041 0.127290761513038 0.131421941644088
"mb82" 0.857599686745415 0.220642562661905 0.821178314815923 0.210999036288895 0.100624926622125 0.0699178236686163
"mb83" 0.880719069439549 0.21375242708377 0.87507063920633 0.204747626084326 0.099243888982836 0.0625023820269518
"mb84" 0.756545433005568 0.217451418148316 0.715702041867184 0.20417338824141 0.0952442001189267 0.0664394359706614
"mb85" 0.794612436115843 0.244094878087171 0.723495786040469 0.232811677149857 0.109586731148094 0.0979338989555757
"mb86" 0.62900077994824 0.198903120525245 0 0.150207224295714 0.0616747978391193 0.159021036428695
"mb87" 0.67777066282771 0.225574372251153 0.0316952229054437 0.182210830461249 0.0850150079681296 0.176686363385714
"mb88" 0.661844705837203 0.209272473695953 0.134814882206194 0.169147755238562 0.0911019447837751 0.150550920853495
"mb89" 0.730484053978834 0.229616222406607 0.355987406932825 0.19235287897726 0.122655488251025 0.146140380018166
"mb90" 0.691447366027411 0.224420027000563 0.200238244677638 0.181493102341969 0.108825420478398 0.156959860339486
"mb91" 0.636877497427436 0.206342949076668 0.0205140332005591 0.159005052249714 0.0719067887822544 0.162892613224377
"mb92" 0.6872039636184 0.217445804876748 0.324090064896845 0.178687413061647 0.113757026467342 0.132771728090351
"mb93" 0.626205197132616 0.198401854895383 0 0.150560569757175 0.0593030025567478 0.158435083073889
"mb94" 0.653472725197897 0.206629058203172 0.0723972693945134 0.167890663091865 0.0792814891613859 0.147610085808569
"mb95" 0.621798442123457 0.191545127158243 0.031684695577603 0.149987538839608 0.0641469600843571 0.140724791101291
"mb96" 0.699993019761423 0.230438856999418 0.154758763792732 0.195044415939014 0.113020295855454 0.1632129395445
"mb97" 0.655927188811631 0.211652509760876 0.0106029127266893 0.168533755328117 0.0811379907871247 0.163949765496737
"mb98" 0.709115814928754 0.217357318118661 0.342937114771348 0.17847360369248 0.111652423735146 0.132673666871357
"mb99" 0.678380249192432 0.199885585988582 0.562310858319116 0.178755495269679 0.105729203330135 0.0800082060608177
"mb100" 0.798638263448834 0.197061625561951 0.810537244766602 0.187697254392553 0.0900208136494251 0.0421013410716834
"mb101" 0.817535716003656 0.2374393596642 0.635505542050248 0.217833222459992 0.146634098378524 0.142347330635083
"mb102" 0.66401797077561 0.214037081263093 0.147539472829139 0.169919835860716 0.0945022879805175 0.145740138001367
"mb103" 0.624614186651336 0.19939712442922 0 0.151584614671061 0.0641602252659512 0.159307409681599
"mb104" 0.692533358322791 0.211764183947173 0.177244433469554 0.171200299780425 0.102538810031926 0.153229858423787
"ufb1" 0.761876160314513 0.186260388871472 0.694550649364563 0.17034730717817 0.0997202510821601 0.0639834085293823
"ufb2" 0.676440934296757 0.221555719055968 0.421077878052263 0.188412412630709 0.110137812142917 0.104925073256864
"ufb3" 0.721717777397065 0.222747617817399 0.384590318807388 0.192123967364261 0.106624126838114 0.125509847671744
"ufb4" 0.630602642248393 0.204086750961928 0.0205140332005591 0.157416020862102 0.072805325688779 0.160512895050537
"ufb5" 0.749478724225809 0.247093563864452 0.493924371153694 0.22345621818336 0.133936062696145 0.133406322232007
"ufb6" 0.736652614788652 0.227754442813958 0.401964432238229 0.191802420136299 0.113781015560444 0.130961107272361
"ufb7" 0.704652924732868 0.225833522729594 0.16761124173222 0.1860506641983 0.113168891575336 0.158297812448389
"ufb8" 0.767685398616962 0.239047674677898 0.532091487351245 0.21558979850344 0.130038259462311 0.12411648405123
"ufb9" 0.634242573925346 0.195069847602671 0.0620213858148561 0.156785147864762 0.0736668944187241 0.1388784660012
"ufb10" 0.697315271054829 0.22926067680372 0.21951301335053 0.194102956264451 0.129893576396362 0.15467051406764
"ufb11" 0.759869424269465 0.234350063458763 0.465559837553875 0.205871613528473 0.130114489252384 0.138575573471656
"ufb12" 0.728951697323164 0.231851149598838 0.479236940225777 0.202529326120702 0.138904530354187 0.136062265518925
"ufb13" 0.631377168369598 0.198820315180536 0 0.151510397905922 0.0711599378177357 0.158882536821892
"ufb14" 0.711066886040532 0.233784469148145 0.1256192870069 0.199290640009041 0.107093774634039 0.167035479282997
"ufb15" 0.693326843570644 0.227041887598192 0.104728351775843 0.189615753103862 0.110314044625512 0.165016250602491
"ufb16" 0.800504441276456 0.231100336122774 0.65635569682167 0.212671898036546 0.12508596839637 0.115899715413015
"ufb17" 0.721492317998142 0.228514102949279 0.425171343153069 0.189074402509678 0.127551680184184 0.132134153958473
"ufb18" 0.609741716066672 0.183704889043016 0.051916176624573 0.146227891896957 0.0759697216164534 0.134519080301509
"ufb19" 0.627026575296674 0.168896888767013 0.691391691725109 0.15630708752632 0.0681147915923223 0.008172062406079
"ufb20" 0.632586848536787 0.201305496214719 0.0105732583316544 0.155056974606308 0.0590137544671412 0.159428953300054
"ufb21" 0.69086950078092 0.220563094897927 0.356343207831375 0.190465505355078 0.121651247849545 0.122350371202226
"ufb22" 0.645810403407188 0.209802240019145 0.0413191770355997 0.170168571844462 0.0838051943275038 0.163764535770926
"ufb23" 0.63860273157673 0.204552275727268 0.0311782890271149 0.164519439494262 0.081124484531616 0.159676004194558
"ufb24" 0.793362140296037 0.254483332181743 0.524743662299001 0.232691943840683 0.139605482339856 0.141855884110254
"ufb25" 0.783665835411471 0.234303127874421 0.670093887642561 0.209167179402078 0.0994719185537565 0.0870064106593751
"ufb26" 0.623038536255542 0.194711665587595 0 0.147849101115208 0.0654887483146653 0.154120534948984
"ufb27" 0.633129528170222 0.201431722976534 0.103441769318721 0.15408253455028 0.0854026161397734 0.14576715247077
"ufb28" 0.610618313571563 0.184182420346851 0.0625147487569082 0.142541945951485 0.0573255390666444 0.132901998032217
"ufb29" 0.707166163783803 0.230836493685154 0.124339573034999 0.195452426672755 0.100162701526715 0.163777941445972
"ufb30" 0.706165640859518 0.223956307477797 0.289967995723168 0.191286175102093 0.123115132831576 0.139739223646654
"ufb31" 0.627862178180378 0.204225813490227 0.0309445773965434 0.157073996544578 0.076272791250476 0.159439095907752
"ufb32" 0.699646149548375 0.209371834559735 0.475015775512503 0.185675708245902 0.103453265796864 0.0899504610275419
"ufb33" 0.669896554651403 0.204315317084088 0.339585826775575 0.17241185776271 0.102844847452647 0.104278077437151
"ufb34" 0.657682090497838 0.186619382588479 0.321894963814016 0.160788981657308 0.0934200198701226 0.10854774606381
"ufb35" 0.635735447597886 0.185899571287782 0.290757640692224 0.15628242296851 0.0984151870928507 0.115164987161603
"ufb36" 0.7047360708384 0.221117335518043 0.281920939322845 0.180861534581391 0.116051659446262 0.146278928816746
"ufb37" 0.656728272135462 0.205953682783262 0.0827718693885245 0.166980082776747 0.0836140243572464 0.146884469119205
"ufb38" 0.688307803018358 0.231033460078018 0.0740872033440263 0.190015812508717 0.106107939786855 0.177162937728413
"ufb39" 0.685583344245122 0.180745514855214 0.589341140225621 0.161573333498666 0.0967814774127711 0.0577392262221746
"ufb40" 0.685510357868995 0.178817911666921 0.5104155598309 0.154971122751106 0.102858270076055 0.0760186766167233
"ufb41" 0.623670469407668 0.196211917448287 0 0.148026308053794 0.0582644301541701 0.156134991574973
"ufb42" 0.576119623207089 0.166779293499078 0.0307871885591952 0.127048139347509 0.0599870933873957 0.119900407547738
"ufb43" 0.742897848349427 0.213553925815674 0.520895339414902 0.187473719406246 0.124447067334286 0.115483360721679
"ufb44" 0.664690776544912 0.201828813021948 0.187852654235027 0.159171813681726 0.0938052674608421 0.132414473964997
"ufb45" 0.598652466724515 0.17730915417929 0.0525507203749875 0.137505818780229 0.0581337574223216 0.127715026907939
"ufb46" 0.655350015022104 0.219922148331701 0.387202697900408 0.189504092480344 0.109263751232628 0.102761978532684
"ufb47" 0.804839288460553 0.258447525238449 0.559082492245368 0.23575371405714 0.142342539352369 0.147018130569491
"ufb48" 0.686876856457789 0.224296464618012 0.300409372663283 0.187165825884164 0.124603027823925 0.14008735269693
"ufb49" 0.742011906953907 0.206604023786293 0.484189421303388 0.183030923714826 0.111288950461471 0.107495659315467
"ufb50" 0.602822997644139 0.181671057029088 0.0728553900603437 0.144712433143927 0.0856397388170322 0.130232683179195
"ufb51" 0.689318164465145 0.179315801712539 0.736828444041748 0.165524213291291 0.0777691941704841 0.0208165987391801
"ufb52" 0.703457800275052 0.23325118670625 0.116406625544698 0.196017952625377 0.111110922014157 0.171773676252606
"ufb53" 0.686579451117305 0.225183125576702 0.191023369628881 0.188631014039664 0.115109443703622 0.150442992044994
"ufb54" 0.586085126482335 0.173528761475353 0.0416269232978679 0.133972011977891 0.0655728123301631 0.125534939629391
"ufb55" 0.781430180926503 0.23519321899652 0.702093056496896 0.212696444230991 0.102616148800145 0.0867883331447695
"ufb56" 0.662094365681773 0.209063872361529 0.155521477532413 0.169762047301175 0.0962302233820439 0.145884764061709
"ufb57" 0.707007162281206 0.226390012980167 0.230940997612685 0.191730899067928 0.129493528165293 0.151732361691239
"ufb58" 0.689297980412258 0.224574311857273 0.126027517317975 0.18508943728814 0.115008032662881 0.162272600873764
"ufb59" 0.697893426645687 0.20103051339444 0.520829624672924 0.17962065664066 0.100530155175024 0.0813246725556082
"ufb60" 0.710653572637995 0.226586741843126 0.284532282836602 0.196044166713363 0.129985428080442 0.142451521180123
"ufb61" 0.613310037386341 0.194268879157495 0 0.146655523132065 0.0709442503186479 0.15323273716394
"ufb62" 0.589618931001735 0.176299595138237 0.0415647466730425 0.135063346257061 0.0643810549044361 0.126689789209232
"ufb63" 0.747433859463548 0.24778019502028 0.329344645604623 0.223017364644235 0.135402197219824 0.166175677373498
"ufb64" 0.617194320635942 0.186015523261862 0.478933021060869 0.160548522514502 0.0918666884542045 0.0640600570629386
"ufb65" 0.662237509620066 0.207763751762268 0.167554833662103 0.16630889493459 0.106788673440768 0.138571135742153
"ufb66" 0.628334032296916 0.19907616229589 0 0.150438681503364 0.0613655578370892 0.15776467427386
"ufb67" 0.689721044835223 0.224385864997018 0.148687635697489 0.186718639803408 0.118221710787493 0.156526495871995
"ufb68" 0.688023081666813 0.210355605000826 0.466189907924279 0.181457131393801 0.102244962890133 0.0917197399488578
"ufb69" 0.763249104463162 0.238425375612583 0.524683521751877 0.215555135477175 0.127876241154042 0.123372003684932
"ufb70" 0.673982546563357 0.214511959056553 0.356343207831375 0.182409702891993 0.117035941695151 0.11558175841266
"ufb71" 0.675883507056859 0.221926177363678 0.0926169508627257 0.183367215608511 0.102105119330325 0.16381189356062
"ufb72" 0.652850395230521 0.205449221464776 0.113905731134725 0.16103823542566 0.0835228165857787 0.146443743628619
"ufb73" 0.641051136068162 0.204575668366734 0.103544637462367 0.156882740850975 0.0836932977095391 0.149130248026177
"ufb74" 0.628020845083132 0.196746346435543 0.0104657975754641 0.150378398500468 0.0709246720298545 0.156257775330676
"ufb75" 0.684701237167676 0.214176424337953 0.25060513694434 0.170194418196534 0.104254746128475 0.138671104945618
"ufb76" 0.679438450220696 0.22445340080648 0.442155756104525 0.196764488843997 0.115829003929119 0.107973781427158
"ufb77" 0.762839975371027 0.215777264085471 0.583229490841868 0.192838035747343 0.106841131129797 0.0982808595526616
"ufb78" 0.614734617168708 0.19469514369341 0.0412366371346511 0.149402730489385 0.0829976755075911 0.144043697831986
"ufb79" 0.620023205129312 0.194453451642142 0.0412936179258186 0.150101951332072 0.081167754977039 0.145903868429421
"ufb80" 0.777606328260792 0.253562569013225 0.483730699405326 0.227666329349952 0.131812015978644 0.141128157335392
"ufb81" 0.642226905065107 0.2017104014536 0.103544637462367 0.159357114101521 0.0831673612739517 0.146065256359766
"ufb82" 0.719376391982183 0.230329252920136 0.286588507894325 0.196567580242597 0.129396971552422 0.146728732810821
"ufb83" 0.665494379988022 0.215922810591329 0.271338855627705 0.178062133218396 0.116243403406388 0.131178667465496
"ufb84" 0.835768273573601 0.231508433898536 0.677096313644767 0.212575511958668 0.12613075857319 0.116368956559345
"ufb85" 0.763182534426454 0.216348986501625 0.557771624269765 0.189235868323752 0.125218468649254 0.118435025645398
"ufb86" 0.675879342733142 0.21681089124029 0.415830146162356 0.186614061528247 0.106423222408342 0.0985014965347142
"ufb87" 0.675814923661035 0.217444725542925 0.0943533337055452 0.177692880121921 0.105463878414278 0.159055886244015
"ufb88" 0.546135789562204 0.162118393547062 0.0205936553878466 0.119106377495708 0.0553756192087481 0.118912016023479
"ufb89" 0.612332884656256 0.178006355042879 0.241261084073184 0.146111108550021 0.0913119211546094 0.112336850858766
"ufb90" 0.706269904942504 0.186032370600266 0.602261484473237 0.165270570135057 0.099767646611895 0.0637481740562298
"ufb91" 0.732499401347823 0.232218940384996 0.360913102157445 0.197657599739783 0.126833020098067 0.136008279655289
"ufb92" 0.70290699002078 0.203349655964891 0.507549184929699 0.177459016198272 0.102228523830338 0.0833490269954987
"ufb93" 0.609770414939841 0.189332236215107 0 0.143487466701185 0.0594750003739427 0.148444658973008
"ufb94" 0.633702245280742 0.202707403126009 0 0.153756371945608 0.0643903062132196 0.160912228877355
"ufb95" 0.760937946811553 0.212938370118034 0.687573850079345 0.195408228807025 0.0869943937051402 0.0615317253374291
