"quartet" "cluster" "phylo" "mutual" "shared" "clusterNorm"
"mb49" 0.899260967555952 0.268913238365293 0.829758218195527 0.258554974302333 0.125541925877116 0.127687620489444
"mb50" 0.96349806463228 0.288078486008023 0.9687227131867 0.28704347075644 0.145988910462037 0.152603728104193
"mb51" 0.671389211339702 0.204729298474311 0.0828342650468308 0.163007152715711 0.0867600586848639 0.152822344817729
"mb52" 0.875300889586604 0.245632765093138 0.801961880262371 0.231152770916792 0.112828324063207 0.102080819392644
"mb53" 0.739050041490782 0.252280952691341 0.238500695222974 0.203537420384511 0.134438184524657 0.181499896789274
"mb54" 0.724766303138215 0.233718195896585 0.186642365811369 0.192248675153012 0.122606178061167 0.173282621252987
"mb55" 0.882535897568814 0.26694637786207 0.787066643435733 0.251864908487641 0.122456917465785 0.126910931137664
"mb56" 0.749694376528117 0.250598721257197 0.261145185655744 0.219582661223998 0.136745738468729 0.17970775565487
"mb57" 0.598293677696348 0.17771588288666 0.0209175805409311 0.145617114173008 0.0640969741635377 0.137083810647409
"mb58" 0.756628713261366 0.252764569535805 0.384621012036269 0.214086967662484 0.138653492293877 0.160630048254318
"mb59" 0.681069728002087 0.225618494908042 0.0731495964419392 0.181071876324637 0.0997616776826869 0.164519038715559
"mb60" 0.718854695671947 0.219336667490097 0.291430750877867 0.178480144039059 0.127381963059675 0.152386744510561
"mb61" 0.791615673019018 0.235545318836155 0.638062489193137 0.216440883556588 0.131798486887667 0.122269706328235
"mb62" 0.66604890545101 0.208028318338059 0.0938140305637325 0.16567636417104 0.0921694331430873 0.15631841243358
"mb63" 0.779803675009127 0.23555231528437 0.579531961576328 0.213040471254614 0.125235759570132 0.121907342314738
"mb64" 0.892660982371711 0.256095258324085 0.820955930211456 0.245267689763686 0.121140191358929 0.114090591149554
"mb65" 0.938757355960038 0.205772398504202 0.926306501771722 0.200166107308383 0.0991823003136218 0.0544640203088869
"mb66" 0.850970754485131 0.263471548399539 0.718761235746653 0.246949095080478 0.118433521672404 0.123314225283468
"mb67" 0.794978643608709 0.240198033953155 0.747262431983178 0.226750374196342 0.109092025793973 0.0956118887362946
"mb68" 0.73007751307143 0.225598349660828 0.468615689023151 0.196846783659474 0.128739499143194 0.130501505468417
"mb69" 0.744552663865604 0.228016558089369 0.406525673747432 0.197801364366201 0.130968428925575 0.145686321875257
"mb70" 0.872237106496986 0.237934169717052 0.822762041391301 0.225747814197738 0.110192945659043 0.0929172235575523
"mb71" 0.791006423982869 0.233039392518562 0.736727374827151 0.216683608802325 0.10315164872425 0.0867470930704139
"mb72" 0.757991886525797 0.25308862219494 0.30585608605567 0.220210086624359 0.145094399907755 0.173694540571326
"mb73" 0.827660183066362 0.187128730618427 0.863096158835562 0.180653161932402 0.0887311253930117 0.0323969724329987
"mb74" 0.8876204067071 0.224640843048758 0.854142055031141 0.215127457204495 0.104803631571237 0.0770942497628138
"mb75" 0.827003565338707 0.255888734299928 0.718555782093572 0.236741235999402 0.113786717088833 0.114288443266489
"mb76" 0.773582949786458 0.226376027717493 0.555775621431904 0.204619607663298 0.119795228483083 0.111473154363639
"mb77" 0.720822205551388 0.218118916501533 0.249690617232822 0.176494573011551 0.11730148903295 0.156452187668726
"mb78" 0.869489240601128 0.252271993038191 0.781161719133442 0.23998965079476 0.116307852246079 0.109983455987172
"mb79" 0.764422755531787 0.234488286295661 0.684103990910926 0.213915121714373 0.104269591642457 0.0884676688662302
"mb80" 0.781203156887179 0.253708082360298 0.421035048769028 0.220392328813809 0.14951516841927 0.162063125014513
"mb81" 0.703818265812361 0.216312243393165 0.336577936185705 0.181189964553878 0.114354680533813 0.132978496754908
"mb82" 0.646109592852367 0.193245051597375 0.0728579105247892 0.15514651424618 0.0666238229020146 0.143044306034567
"mb83" 0.606490575583073 0.182416231219854 0.0104583038289877 0.148591310560449 0.0626663230970124 0.139196125994188
"mb84" 0.761286626819857 0.22876564310432 0.479878964634482 0.202956535371336 0.121821053920421 0.133530927939915
"mb85" 0.73006199103064 0.240402525987995 0.207352405462838 0.198282797035767 0.125683186123102 0.175261616153917
"mb86" 0.625437433108478 0.182150502966246 0.0418251859913528 0.147441680911852 0.0677618951485487 0.133365240340239
"mb87" 0.663688612421548 0.201273289950577 0.146252840958313 0.163889419598293 0.0946560937157403 0.142598492256573
"mb88" 0.710539029947198 0.213925682809226 0.207987160506982 0.170684597724737 0.110689540992059 0.15625808727469
"mb89" 0.684161885402007 0.210981376179226 0.10357246462087 0.167807248415324 0.0950149656250849 0.156585184465638
"mb90" 0.682263803945421 0.207626876835747 0.27388625772504 0.172386168740132 0.102716230616509 0.132635672635842
"mb91" 0.618955605953844 0.178455117471124 0.0209151605807507 0.143938665506298 0.066790229892146 0.132718673049176
"mb92" 0.698299487035345 0.212561372610851 0.372367282070086 0.18069006299008 0.121876873421426 0.128678847293849
"mb93" 0.771921331316188 0.226009170227245 0.708386836888823 0.208848056991485 0.0990719117924459 0.0787229620955563
"mb94" 0.743255089120483 0.229112132417969 0.520706032874581 0.203262258651803 0.120935016699605 0.115185135338668
"mb95" 0.691495390081784 0.202605540352945 0.385689878519016 0.172030511324403 0.113352045252154 0.117511529677986
"mb96" 0.575167389102077 0.163850484673553 0.0209160278685258 0.134043121292477 0.0504174052002872 0.122768244652881
"mb97" 0.695402945603399 0.218614527653062 0.124215604789422 0.176595106388657 0.0977408390683541 0.161290777919758
"mb98" 0.842203845066441 0.225317358749066 0.689439050967128 0.208383886331755 0.145141679614853 0.129976614410818
"mb99" 0.739516859781372 0.220963740392931 0.54150105247761 0.1953765485589 0.113975015829426 0.105832519102203
"mb100" 0.678184076169449 0.207122808280171 0.332367162855266 0.175602499391801 0.116958647338403 0.122678942329234
"mb101" 0.707322442358939 0.206262928669564 0.420459919859875 0.177692096596705 0.110291891958463 0.108214324250885
"mb102" 0.616024862163432 0.181144216614221 0.062614930832108 0.145385184549092 0.0726211955098922 0.132289081037112
"mb103" 0.59864943132007 0.177988835978096 0.0104594173586874 0.144112557517714 0.0593805357603382 0.133494515667237
"mb104" 0.657617146339658 0.198644523287773 0.179366969044421 0.160343977091832 0.101780339887927 0.135400277339025
"mb105" 0.631370597568133 0.199062526475921 0.052198021567047 0.158733831751414 0.0691601102441125 0.140282613668187
"ufb1" 0.705642967508868 0.204701941260065 0.526101245906954 0.178255853990399 0.104969987899713 0.0868712747532184
"ufb2" 0.668177741862367 0.201148634749863 0.272716912979614 0.168554729326917 0.110924537723216 0.125439572430972
"ufb3" 0.571427963215259 0.162249498465363 0.0209153326598317 0.132104033544685 0.0510125200652132 0.121028423594571
"ufb4" 0.744527819823301 0.223885520241893 0.458520916610302 0.195591916399743 0.120122090713908 0.128384034681703
"ufb5" 0.749598715890851 0.241126006811747 0.437525954462464 0.208947178883306 0.127311978876618 0.128974500942684
"ufb6" 0.725459109525697 0.206291910262161 0.691351536428753 0.188773994647599 0.085429285854006 0.054368441301795
"ufb7" 0.670094992682845 0.200960593511541 0.220354053597864 0.164237651993213 0.10626236192488 0.132308058004346
"ufb8" 0.598583993302476 0.176194636056346 0.0625879079367189 0.141487055321352 0.0669896100294855 0.130341418827429
"ufb9" 0.619554268714562 0.181714478193417 0.0625880798392562 0.14681827167113 0.0694329716404313 0.132915974964869
"ufb10" 0.637515614678267 0.187446518254158 0.062600647453985 0.151041620093285 0.0674360573216166 0.136900259835363
"ufb11" 0.653706611899128 0.201177049106994 0.105239468282928 0.157080520287936 0.0925690811231957 0.14611886108528
"ufb12" 0.696744331810566 0.207005364311179 0.207929707416179 0.164488118956557 0.103326518059647 0.144462112917902
"ufb13" 0.733812687721853 0.239417612058797 0.420976910320101 0.207666061268242 0.122068749282022 0.126782236767795
"ufb14" 0.736705155309807 0.160853237224982 0.822864768217841 0.153264264143558 0.0721994524106751 0.0011682125440022
"ufb15" 0.737962668363559 0.175522527679668 0.711378508466666 0.164860175808824 0.100505137325895 0.053306655182907
"ufb16" 0.757726563579991 0.244617536414168 0.457827497533324 0.21143550304476 0.12279149557436 0.13238582648176
"ufb17" 0.625312865424328 0.181037761131206 0.0519044113005977 0.145683713030901 0.0634635191382083 0.133944528623468
"ufb18" 0.717185955020722 0.232213634354017 0.196896172044406 0.187762203431718 0.116822352224657 0.166370468562251
"ufb19" 0.62870843801366 0.187335722715609 0.0935353971297205 0.149095030435019 0.0938229235828076 0.140603471228735
"ufb20" 0.756715328467153 0.17850156459269 0.781161719133442 0.167724938284263 0.0791614060463186 0.022174919776004
"ufb21" 0.605319513863721 0.184944203318533 0.0521778445480749 0.147065130694149 0.0673445221838341 0.128784609976668
"ufb22" 0.640767815875112 0.189811259434278 0.062600647453985 0.152818881866376 0.0684463582834409 0.139412103724989
"ufb23" 0.751114459722484 0.213001201310694 0.73114232313495 0.198834620116304 0.0942357857748291 0.0617666109398428
"ufb24" 0.676010350760727 0.204843445432129 0.340285517528701 0.174201179980952 0.108945627279777 0.120271613655721
"ufb25" 0.658699715449423 0.199627880438675 0.29258511806896 0.165664135287545 0.103969911436643 0.11437894472601
"ufb26" 0.66879416457716 0.195645955266527 0.239013092164844 0.16227560059201 0.0951310777611877 0.119434593101397
"ufb27" 0.602997188422671 0.175626146956834 0.0626004738414092 0.14000095152017 0.0650198605654431 0.128232507539543
"ufb28" 0.582295497375689 0.167059385452431 0.0211329462818473 0.136463193551787 0.0508127973849503 0.126077475551664
"ufb29" 0.841981132075472 0.191485877245132 0.822916131631112 0.182241892671209 0.0871229681446611 0.0376300758831877
"ufb30" 0.711137411876399 0.233727322459638 0.116052968356453 0.195261752397021 0.10549126908299 0.16798312545548
"ufb31" 0.727027146716266 0.21568698797162 0.526221137900127 0.184731941834975 0.10935028582689 0.0994654603528768
"ufb32" 0.861580252745955 0.21262989572763 0.774339989299756 0.198556622853415 0.129210731215083 0.0959409124208579
"ufb33" 0.701436276019777 0.207664161263389 0.322751145171212 0.17195464540167 0.120603469220793 0.132654531552164
"ufb34" 0.664420838999525 0.207742200976884 0.124226543082056 0.164388202503811 0.0983459530532045 0.145197785835502
"ufb35" 0.675084894740128 0.209105526753112 0.113856642707495 0.166757102405147 0.0943857737621917 0.151035332257541
"ufb36" 0.54390297287206 0.16370591141096 0.0104628204229151 0.125348454446031 0.061221299617182 0.115618644637686
"ufb37" 0.70378811025239 0.212748033615819 0.315161176011285 0.174872668025092 0.121848646375885 0.138328318248794
"ufb38" 0.586155842135245 0.168904372998965 0.0209165680774266 0.138215466395926 0.0500788984678325 0.128013239213662
"ufb39" 0.69210348520001 0.224311450863043 0.0950068468932926 0.186526878332789 0.10001015929279 0.157827873002049
"ufb40" 0.695623203817498 0.215231402051686 0.26969112083368 0.177774286990886 0.102931196297512 0.131631779021791
"ufb41" 0.82684970302482 0.243802096359805 0.656140620479616 0.225571496580305 0.129417252736209 0.132046081014003
"ufb42" 0.694970308523463 0.210266131306281 0.402764738440057 0.182560572698042 0.108180970122985 0.112877646154331
"ufb43" 0.677531124573618 0.212263845232648 0.397954965626037 0.179829425577805 0.116447202102307 0.115353897191882
"ufb44" 0.697899457163087 0.205620401066584 0.432706705726847 0.173509267751806 0.108868337691307 0.10767449171962
"ufb45" 0.657090188249254 0.199109123286646 0.135688680627573 0.158656578035558 0.0975324626748947 0.140275345005684
"ufb46" 0.693003383360805 0.200958902226904 0.484015544074261 0.173878019749869 0.0973568039935585 0.0825326298611761
"ufb47" 0.65227928513589 0.199040401761797 0.145795735655742 0.157779694806969 0.099217963644548 0.135886902279466
"ufb48" 0.78589972584531 0.253885417445709 0.437264439209834 0.21638020888043 0.140718147727324 0.162262236922042
"ufb49" 0.618459367712102 0.183858103817795 0.0935121964570094 0.145057644175434 0.0915098724964703 0.135150958037044
"ufb50" 0.580048466870468 0.167286944932771 0.0104595433809208 0.135297414348846 0.050814770594174 0.125838298763679
"ufb51" 0.76547519988423 0.243724495260215 0.526221137900127 0.217294858786067 0.132313226032243 0.131726930433165
"ufb52" 0.565168354276481 0.158565275295467 0.0209150943975212 0.128414392271657 0.0506609974509513 0.116981787385729
"ufb53" 0.639825871251733 0.170681438603198 0.617353412312262 0.152118617379665 0.093944925116913 0.0477479504708638
"ufb54" 0.570928033766788 0.162319842595747 0.0209153326598317 0.132228955007 0.0451948987029636 0.121102228971065
"ufb55" 0.685944989307573 0.198897172548448 0.326069616402783 0.166435874929434 0.108106902837023 0.113312299162077
"ufb56" 0.648006895988107 0.197652922466825 0.104552022294907 0.157361196392149 0.0892619752684109 0.142343915314199
"ufb57" 0.63088133165502 0.184961776627974 0.0519352188196343 0.14837300826245 0.0707329122083497 0.136321674674219
"ufb58" 0.650686724905382 0.190463233251317 0.491787986441995 0.16785146301285 0.095862172860736 0.070530223876421
"ufb59" 0.693395896886571 0.205849377215039 0.409997909415507 0.178349638846195 0.103394709301891 0.107916226312656
"ufb60" 0.568489132720638 0.166571765214983 0 0.128882591977809 0.0434603034704367 0.124086727634109
"ufb61" 0.726612735946899 0.203133779784219 0.702155559427378 0.185963138328946 0.0857992993463299 0.050294141453763
"ufb62" 0.604160044404787 0.179136449538744 0.103952980098779 0.14167464374907 0.0885914620977329 0.128029039797048
"ufb63" 0.637318887873646 0.212913611923366 0.563696425937134 0.184401344948032 0.0842436333171711 0.0619497539549821
"ufb64" 0.719546443125911 0.214410586853889 0.543009860878344 0.188418354976465 0.109901179334971 0.0974353603244885
"ufb65" 0.798988985697846 0.230553819025153 0.593518263728 0.206579387627217 0.112113454466913 0.116839884095086
"ufb66" 0.707932030357982 0.219645399966949 0.280161358329335 0.184759284989505 0.111496444483014 0.136515990147337
"ufb67" 0.676269627870703 0.197419805563155 0.379738227554841 0.163974569365128 0.106408182986915 0.0984627740966805
"ufb68" 0.598889993934805 0.175946809965717 0.0104575085369948 0.144255818899355 0.0558431850844514 0.133249436438723
"ufb69" 0.72226967923803 0.218299968818249 0.505197265948497 0.192178502900396 0.109292814663089 0.102213600961263
"ufb70" 0.645787795749944 0.192456791757745 0.0730698168287545 0.153181177464832 0.0711727472564009 0.139748817220896
"ufb71" 0.570237200140902 0.162477195919287 0.0209150943975212 0.131542063748534 0.0453285047176705 0.121087034121711
"ufb72" 0.549643857601268 0.153831520373768 0.0104580112993965 0.120449628799425 0.039152788824926 0.111280562746856
"ufb73" 0.56054969222181 0.158300145022433 0.0104586185322454 0.125516601494847 0.0395616918219289 0.115401347304652
"ufb74" 0.65736389018148 0.197424489799304 0.155584103639471 0.156128030160364 0.099698018892721 0.134026350596586
"ufb75" 0.600366648030892 0.177555588600014 0.408421192609773 0.148378003443048 0.0971178901171723 0.0761220344848321
"ufb76" 0.553059779452416 0.15417113645317 0.0104569257737098 0.124472436721453 0.0480347450133949 0.112373447429704
"ufb77" 0.787308204900386 0.25010902689403 0.541679025934507 0.224187855731922 0.138127219065473 0.139285092187667
"ufb78" 0.605899607929182 0.176972337658288 0.0632299687511742 0.141873066780292 0.0697930103003361 0.129656091375746
"ufb79" 0.68070306192162 0.210928069906362 0.631428705130793 0.189540472809623 0.0879890303368122 0.0601852494056391
"ufb80" 0.789182292244536 0.228121254280753 0.562338826827781 0.201210700148602 0.132629026017479 0.133334223823176
"ufb81" 0.654220664675306 0.199682387952903 0.0938605012312305 0.157068001670928 0.0897328809090929 0.144484143678404
"ufb82" 0.548407941875649 0.15685550911677 0.0209188347173749 0.126884582954667 0.0573295540581305 0.11119014693435
"ufb83" 0.658141903360869 0.227818424146833 0.578909124942384 0.204135932679465 0.0980335453541995 0.0799940745734775
"ufb84" 0.587055609235998 0.170138293746849 0.0209165680774266 0.138469776130522 0.0522070607570343 0.129307870686934
"ufb85" 0.5874322198849 0.172682504477522 0.0104608996896337 0.138399960064178 0.0571885196114603 0.126637726575516
"ufb86" 0.649181395641157 0.1944187742958 0.188963891995532 0.158521613391735 0.0972120676516119 0.130831014275469
"ufb87" 0.683727446196952 0.200173057745266 0.409930721802547 0.17273491009774 0.102753980957728 0.101321866191374
"ufb88" 0.754257907542579 0.209869498731739 0.600882050918241 0.190396305089279 0.115180959441758 0.0922180986148526
"ufb89" 0.727384723688842 0.216104266792304 0.670058200772327 0.197473068613992 0.093452260284551 0.0654883029694898
"ufb90" 0.659211439829304 0.197626321429544 0.200408482957134 0.163371775603698 0.0941249959163147 0.128756638352481
"ufb91" 0.564085151244362 0.16478679955539 0 0.128198552541891 0.0465094992808442 0.121492690989018
"ufb92" 0.635013207103068 0.165398458123264 0.532715205347124 0.147650098274682 0.0940425508352633 0.0626585437199892
"ufb93" 0.712140983008517 0.172594396114273 0.626563860296173 0.159264657095119 0.10770000898373 0.0707403056834599
"ufb94" 0.82218188326132 0.193686437886416 0.732445121143454 0.179243507162822 0.110235261728513 0.0741900164716795
"ufb95" 0.633179307711033 0.197681177402273 0.0626569679892123 0.160317694071159 0.0723118540554269 0.138799888918172
"ufb96" 0.587831849069345 0.16755500804481 0.0310973134105921 0.135733882496276 0.0581243202836304 0.121210117846182
"ufb97" 0.644653489492562 0.192043302968513 0.0736192822212507 0.154542479599841 0.0740983360636961 0.14176777797328
"ufb98" 0.533221215367747 0.150659786187351 0.0209172370644908 0.123092606119801 0.0485344413233434 0.10735726695005
"ufb99" 0.608429176158982 0.180328853219762 0.206829854616859 0.146078635811195 0.0873173051627466 0.109891508880626
"ufb100" 0.53413038665137 0.15059511373288 0.0209190081101026 0.122114434086631 0.0547042486620063 0.1065572289437
"ufb101" 0.733321870701513 0.21895983785532 0.687993621707595 0.203323983651326 0.095239991024538 0.0700661601757985
"ufb102" 0.621673094319859 0.188283276931424 0.470840552363844 0.164280058542827 0.0919568980019663 0.0680273066577893
"ufb103" 0.683352396572933 0.21089531591148 0.372042324495193 0.177272850985174 0.113970668134111 0.113808571967713
"ufb104" 0.634659870319703 0.187180861480952 0.0728579105247892 0.150219025718515 0.0653297776123123 0.136602768539388
"ufb105" 0.596464410830632 0.170908086919377 0.0310663800691088 0.139569432766574 0.0549470702244706 0.127049631813205
"ufb106" 0.590205286490281 0.173184478515262 0.0104594173586874 0.140323213577713 0.0543983371881306 0.128430105021191
"ufb107" 0.579758860065765 0.165873980045625 0.684207794638742 0.149157594141979 0.0706504325913559 0.00709633532219157
"ufb108" 0.734116240638515 0.235286064845475 0.479115993668523 0.209137089833568 0.127577089057036 0.122271493050337
"ufb109" 0.573263209393346 0.182172888153409 0.424362687946083 0.155628410425068 0.0849328414611418 0.0609673878076508
"ufb110" 0.657003651397132 0.19476627834185 0.135074171185062 0.158520464195257 0.0913697401118011 0.142215067719922
"ufb111" 0.605676086295959 0.17543212308758 0.0518943867424385 0.139196108177411 0.0753952826572231 0.130787181065091
"ufb112" 0.567866130057191 0.159780678866563 0.0104580139342629 0.130989801309578 0.0481965845331353 0.118498478508732
"ufb113" 0.664376961931934 0.195814176282846 0.198799039478308 0.158340273711178 0.101033423650847 0.126719466599185
