"quartet" "cluster" "phylo" "mutual" "shared" "clusterNorm"
"mb49" 0.723180733975584 0.222560817258234 0.248905098134312 0.187886236324575 0.109518527990625 0.153878782459029
"mb50" 0.770022058662939 0.227836073948548 0.583283905058894 0.205781627326034 0.124348303466087 0.114129809301251
"mb51" 0.669551393968353 0.210141514415046 0.104119166761992 0.168046112675178 0.102045121690115 0.156398044102097
"mb52" 0.765896342831501 0.211973145883667 0.612660891950989 0.189703942113367 0.112816198869154 0.0956742346743732
"mb53" 0.92304932735426 0.295953911340821 0.829837445876699 0.285818019345337 0.140519989983001 0.162988870327385
"mb54" 0.777645361600703 0.219148410805909 0.726183050637341 0.20345439991008 0.0959394865377124 0.0724858998171319
"mb55" 0.929871840939035 0.232004871741949 0.885436994885373 0.222473636731489 0.109136159458054 0.0882589368030626
"mb56" 0.69834655301685 0.194758740503413 0.427841797165569 0.167759644229784 0.112982699890061 0.107542897285109
"mb57" 0.817374634244779 0.264964684633765 0.718804565218632 0.250052066399963 0.122073913262779 0.12738785018161
"mb58" 0.676269996878788 0.2106243530121 0.0724825609437449 0.163409753632998 0.0879242096978992 0.156827740157927
"mb59" 0.656879440776041 0.208118956042982 0.176152947904589 0.166750025067632 0.100404855287025 0.143496621528976
"mb60" 0.855177367664935 0.244628801401398 0.739550166239655 0.228624566130301 0.107577610903842 0.103245692090866
"mb61" 0.913295226783461 0.20822905051513 0.863169365994304 0.199355239162112 0.0953093963325788 0.0594902136672697
"mb62" 0.823416846805344 0.283011536877537 0.526953652598497 0.25068691717162 0.150430975298598 0.176961347627943
"mb63" 0.889019082691664 0.251250559868878 0.83331621483337 0.242639798565686 0.116278166047837 0.111106847563385
"mb64" 0.915959687980413 0.222191966379794 0.916606751916796 0.217311269816311 0.108572984398885 0.0766093462799622
"mb65" 0.974120769741208 0.256009162254696 0.979151687979199 0.255250793403327 0.129346308058149 0.116756119334702
"mb66" 0.71887316071962 0.223497615479378 0.300909372931586 0.191235407124093 0.127587347176342 0.148198689261647
"mb67" 0.771674366391779 0.247690462891608 0.437508263651647 0.215540668938408 0.144671613790875 0.154464684804184
"mb68" 0.627264619907186 0.198439044210824 0.0102417779842036 0.148753536852255 0.0766978791937796 0.156756116787328
"mb69" 0.745250572318242 0.219930550768715 0.423851612017032 0.190809115991779 0.126235988329176 0.123140476087335
"mb70" 0.720907469645951 0.215654182750783 0.249954807021414 0.178140850159809 0.104557200649271 0.151713012826638
"mb71" 0.745049582998313 0.221845175423357 0.312447245721945 0.185844098030296 0.122822326455069 0.153169847244915
"mb72" 0.771694669938959 0.219734912600475 0.694738480856329 0.201816307480771 0.0940674379031707 0.0732403901604112
"mb73" 0.853393157599551 0.235815397653231 0.812519258312458 0.223351115671211 0.110474427445208 0.0927826802720757
"mb74" 0.764813559322034 0.206685054136847 0.702045089002762 0.187794453943252 0.0862344627724251 0.0573129957790462
"mb75" 0.752708104037537 0.222714173356882 0.67021499759452 0.204502820626472 0.0938586008325393 0.0753325761808626
"mb76" 0.786212654302582 0.225306724839679 0.750025677749944 0.211382750199737 0.101053986087179 0.0803070952438884
"mb77" 0.803246626246822 0.203341757042752 0.778953923425317 0.193327197457609 0.0902115431131224 0.0541257512329977
"mb78" 0.668055285831348 0.206450745327095 0.0931801395395783 0.158553785097471 0.0949760362738826 0.145955513466395
"mb79" 0.609010797924555 0.184313755582882 0.0102874923424862 0.140258361419659 0.0704365056538712 0.139013404074997
"mb80" 0.718837292336127 0.231388841194757 0.302027530513718 0.192603016079966 0.11853975471812 0.148250417690263
"mb81" 0.696861329464818 0.209558627852103 0.373162999306043 0.178299156846262 0.111137457825729 0.111441442814741
"mb82" 0.656817513750407 0.198464501411843 0.053246095724977 0.153693802680926 0.0755891141777032 0.1462751126724
"mb83" 0.701384652079489 0.214372334999255 0.186768035401016 0.176766992261116 0.112182144581703 0.154509829188024
"mb84" 0.682936488044513 0.215324469795226 0.260388885267361 0.177256549605214 0.105884850964747 0.139321998523787
"mb85" 0.846229791435271 0.233906437287976 0.770873989770745 0.218622673204792 0.105334347170446 0.0905164190824164
"mb86" 0.709619505762112 0.218054003182404 0.230557620060655 0.180025479128895 0.113781468459394 0.154199764445705
"mb87" 0.706939050344488 0.199043412598284 0.470011740831992 0.173309924176531 0.108701472789195 0.099626786931678
"mb88" 0.704535112998635 0.210880750077498 0.20832529586198 0.17237212065064 0.103859959765019 0.150840800482981
"mb89" 0.72502275652092 0.210259681620219 0.364518481407834 0.177579614510236 0.112556576489267 0.124835778654651
"mb90" 0.680619783240511 0.216851002064849 0.155822515899551 0.172847947226163 0.106952353971294 0.147558439317549
"mb91" 0.680868609125893 0.191764152881456 0.677159296676919 0.175607549425546 0.0794474007440176 0.0404863475668611
"mb92" 0.624581225449537 0.184893855816445 0.0309540347427897 0.141410537980701 0.0599571656933816 0.137204958114439
"mb93" 0.735710629585395 0.179715740410649 0.523592250467769 0.160982731988356 0.0892267050393107 0.0586522817630911
"mb94" 0.837152143702121 0.231938855199436 0.635343671077115 0.21144575394279 0.142930893291909 0.136761146675406
"mb95" 0.660279807117615 0.205050665550204 0.0930837544589169 0.158781221833849 0.0934806997042309 0.140100826569518
"mb96" 0.637822900026197 0.192839433251494 0.134518951809527 0.151947240539115 0.0822403747430262 0.131372960121604
"mb97" 0.596925876118854 0.181269739372367 0 0.131732330543796 0.0598169306859457 0.138860338523695
"mb98" 0.627984124636789 0.186262028998291 0.0417665596733582 0.142917424980379 0.0581660469316759 0.137144198008108
"mb99" 0.639962419599624 0.188624554260176 0.0308718743035526 0.145111224070909 0.0617228808882046 0.137897274952058
"mb100" 0.674632846699432 0.196524736961734 0.259382393099399 0.159655712215195 0.0966811126781683 0.109523982118392
"mb101" 0.658586773118235 0.18903014798127 0.238759101666371 0.1517659954265 0.0964620952564732 0.110410221638749
"mb102" 0.700979578283248 0.190720322016563 0.487969316119812 0.166808843022099 0.100334790663195 0.0902706146651729
"mb103" 0.702718903874973 0.219312394822633 0.229931625315759 0.178320524719587 0.106753840013257 0.134655900738156
"mb104" 0.732821678557764 0.195323911389578 0.591836359229416 0.175301648721315 0.104343609957566 0.076485437609359
"mb105" 0.785657306955967 0.173742988893434 0.812519258312458 0.165976365737759 0.0774214396470814 0.0190921555857833
"mb106" 0.617092510029964 0.181093325442311 0.041788621504737 0.143849104137055 0.0808106712851498 0.131741531108877
"mb107" 0.601971371446148 0.18288244647957 0.0102173665093718 0.132761445737536 0.0578716521176776 0.140619721791122
"mb108" 0.719648811015668 0.206857821142977 0.416582208345086 0.174064618808135 0.11625221871829 0.121065948868325
"mb109" 0.758997520011291 0.244172810657286 0.5 0.218175173232428 0.124817080865156 0.132872238952906
"mb110" 0.61462197627356 0.190765791092539 0 0.141073463566892 0.0649791047853345 0.148856784368905
"mb111" 0.726526325838942 0.211395359438125 0.510366002685366 0.185133150373174 0.10244422062616 0.0952680904262858
"ufb1" 0.66170377313072 0.188366254070761 0.260371868827854 0.154959020076308 0.0981969527261012 0.109492872465898
"ufb2" 0.767036172695449 0.268883979221963 0.574357619071262 0.237458423830617 0.111288803403709 0.131286893196749
"ufb3" 0.766448589212058 0.230497435630198 0.499933890786821 0.20494315106087 0.132921050251768 0.135141107197389
"ufb4" 0.597621179414218 0.181030950264306 0.072859012711163 0.142010829663228 0.0736891115820062 0.12991630167894
"ufb5" 0.821356999713713 0.216032830229499 0.676993126732482 0.199976303749696 0.121441620334977 0.100588459580699
"ufb6" 0.734874187164263 0.216909580748167 0.65620827365634 0.193660285477842 0.0896625035786258 0.0703382545571276
"ufb7" 0.66650073761175 0.206958668005358 0.0738638287653078 0.159483929484371 0.0934453544131401 0.150009998482107
"ufb8" 0.698850839383756 0.217760673708502 0.291600306556854 0.181195260361484 0.102711708976951 0.133148131142527
"ufb9" 0.590707863587613 0.17991795089623 0 0.130385824028486 0.0603208375603605 0.137260684732285
"ufb10" 0.598547451372327 0.178601029816648 0.0623999541821117 0.139488077169161 0.0738530425157772 0.129115713594447
"ufb11" 0.616088824581424 0.191248622236403 0.010252660896221 0.143195248093969 0.0735121536929176 0.148897195736966
"ufb12" 0.643871562975827 0.196698801300655 0.0644282142653308 0.155020217337008 0.0830007025214054 0.144451755821196
"ufb13" 0.76380660396901 0.240403195035794 0.500059313929327 0.212577113181975 0.121829695744887 0.128547522403988
"ufb14" 0.608870591044033 0.179293202969202 0.0536162335861758 0.139981457844104 0.0766457454762951 0.131308324204466
"ufb15" 0.636757042551999 0.191249165454691 0.0538783690763427 0.147784217968753 0.0604168064684299 0.14071082298347
"ufb16" 0.672708788475265 0.201502182753298 0.455881110053504 0.173638567391134 0.0981871140332292 0.0836518477065777
"ufb17" 0.651155362345939 0.20125966880124 0.207224551525925 0.163056108320045 0.0975909740232669 0.130680414454374
"ufb18" 0.613188432492172 0.164114787485918 0.698855197835681 0.150755250141652 0.0643095695225996 0.0056206937219256
"ufb19" 0.666031110551103 0.205266108128943 0.103811680408324 0.16046056171265 0.0913875259332959 0.144586534013862
"ufb20" 0.612255048791011 0.190806601735479 0.0105539588518301 0.139992875224227 0.07238923990922 0.148896689203032
"ufb21" 0.743105934045815 0.220784504022741 0.488101898620926 0.191912209671894 0.124369804660371 0.124060782698504
"ufb22" 0.628066073304159 0.186642709092753 0.0322575382480115 0.144040232345935 0.0601308055012136 0.137588696949034
"ufb23" 0.62340510336381 0.184918893270061 0.0624958616035099 0.146923493708481 0.0752361279582443 0.134002756004893
"ufb24" 0.640084396624135 0.190996578217448 0.0858644527350583 0.15260830893485 0.0795867814668168 0.13843506875247
"ufb25" 0.831888757248862 0.205536808488772 0.83151722107827 0.196919196198942 0.095524156866353 0.0568368362671492
"ufb26" 0.773726553088969 0.235749242427921 0.552067269144141 0.208887441688258 0.131315014121645 0.123208244376171
"ufb27" 0.630476349327895 0.187986011769574 0.0624422814762736 0.149515461632689 0.0817628673265924 0.137286377352096
"ufb28" 0.746337670840494 0.218445807252984 0.510524890849661 0.188876499702522 0.115719032151432 0.103090058912045
"ufb29" 0.704384268214055 0.187083086871371 0.705168110332911 0.172765026799489 0.079331502649827 0.0348217930172149
"ufb30" 0.694057285985537 0.230027138079837 0.257429296775793 0.190631303791675 0.118302259939998 0.146532533326194
"ufb31" 0.846113399351503 0.223034659336939 0.739426398561989 0.210982782255548 0.12028377516039 0.108621354510622
"ufb32" 0.647303503856264 0.175481731199079 0.550915459092756 0.152711769383513 0.0793113825883187 0.0528240919144519
"ufb33" 0.651358714459188 0.195166670899639 0.0424460373001108 0.149966439715329 0.0647633064833397 0.142818793049778
"ufb34" 0.678293398616918 0.211374755508986 0.134964380713228 0.164351439883393 0.0998052218244915 0.146941614394091
"ufb35" 0.662415931522404 0.208670949889162 0.189427897417572 0.170657410307001 0.0973578093076569 0.138832942725147
"ufb36" 0.690037081776554 0.222120635973953 0.205893784049075 0.180252165547563 0.102112026639054 0.13752513594041
"ufb37" 0.713458594911156 0.233418213964355 0.248453219877737 0.192589077392234 0.107015656067105 0.13812066517547
"ufb38" 0.705109065273285 0.213477803150541 0.463099221312947 0.189072027601107 0.105779736322083 0.0976571878010766
"ufb39" 0.652118366875746 0.20234236649549 0.189427897417572 0.163401690312234 0.0936707624152508 0.131858782785198
"ufb40" 0.676463234458461 0.192746282995736 0.291594761868465 0.1602946969487 0.0925130374587906 0.114556923096406
"ufb41" 0.686331448125089 0.216387034674469 0.197667202346064 0.173237529565038 0.111461917215681 0.140261551924541
"ufb42" 0.755819467422574 0.241482893486638 0.342675241697112 0.202460142862094 0.108962811635665 0.147187904638834
"ufb43" 0.667694204685573 0.175322923728475 0.694686587072574 0.157583910789694 0.0720430618519041 0.0205536596701004
"ufb44" 0.752166053730599 0.217523384773927 0.697802186698164 0.200232911303427 0.0943495903623502 0.0710669445115951
"ufb45" 0.672610948343497 0.206113733197422 0.145174604574721 0.166427619219211 0.091598966201851 0.135782547118446
"ufb46" 0.771528538106345 0.212962378886307 0.562433271829507 0.18729834565923 0.110871842047001 0.097065863891939
"ufb47" 0.779691047831751 0.221379981936677 0.44779148736861 0.192578550163424 0.129321020871536 0.137158929367717
"ufb48" 0.66483032428203 0.207957335948517 0.105749140788787 0.162037584239809 0.0954340377800511 0.143185973143562
"ufb49" 0.690121243572204 0.200544483243784 0.505237291116461 0.175062996571503 0.0943083111643885 0.0824784857311519
"ufb50" 0.669757323042656 0.192446246677917 0.410482015988109 0.162789329674674 0.100696274596615 0.0921653810105766
"ufb51" 0.67826505444264 0.192747102441384 0.425438085926698 0.165949958048912 0.103642150349309 0.0924827346594827
"ufb52" 0.722018439575691 0.208089139425068 0.416589539251291 0.181074568745381 0.10895025360696 0.109955987429226
"ufb53" 0.604238869634764 0.203642978187515 0.568181794975948 0.176047045300819 0.0803740946668291 0.0541829750500895
"ufb54" 0.6434301647887 0.191505085300493 0.481661249350413 0.166306472329618 0.0927509397426269 0.0718740332603727
"ufb55" 0.651105471228464 0.184822360768092 0.416128915194841 0.15936583628156 0.0943165261359866 0.08344262306117
"ufb56" 0.648581212929897 0.205746690159882 0.175985268142503 0.163681228802743 0.10187361938903 0.135563923393974
"ufb57" 0.545526867722572 0.178033446604978 0.589456204199156 0.158578567124453 0.0683502110001597 0.023648566894194
"ufb58" 0.636265515380464 0.197073247272604 0.635359961635539 0.176111100607259 0.0804034498436348 0.04678914713771
"ufb59" 0.705248308376285 0.212881548096719 0.209550893637989 0.177847334297728 0.107280593281688 0.148656832310926
"ufb60" 0.618963436877403 0.176574117175532 0.444869950146671 0.145909958913856 0.0787394398617381 0.0537598222946734
"ufb61" 0.678653035788474 0.195527765984756 0.300521912411814 0.161970953875646 0.096487136996711 0.108390428470825
"ufb62" 0.657293149394779 0.188156116656427 0.272402118238155 0.153049332055954 0.0989123896711138 0.109334124910016
"ufb63" 0.645014694227975 0.182663562504191 0.217922567091359 0.147239855551929 0.0986357626063031 0.110386168574728
"ufb64" 0.808445477712702 0.214850691411544 0.656201807432422 0.197444963286888 0.117868600019188 0.0992322429733655
"ufb65" 0.715231295552581 0.211599855895626 0.239524959069327 0.173943213833068 0.111650178152541 0.147328170532153
"ufb66" 0.686398953489208 0.194102713692255 0.301326887536536 0.162054778460144 0.0966105722209055 0.106839700802665
"ufb67" 0.66235729457391 0.203946171550323 0.0724323907433562 0.159351056910538 0.0806545692914764 0.146743352727723
"ufb68" 0.748594713196113 0.21371704648662 0.505916071438141 0.188631621929691 0.110481885882119 0.0973657739130355
"ufb69" 0.609415831929793 0.179897781769614 0.135356239856419 0.139172501256823 0.0837501615736439 0.126639549840042
"ufb70" 0.6198813230715 0.20353202360802 0.578922787155063 0.184431313333708 0.0839453604470799 0.054456815051645
"ufb71" 0.604448494069421 0.180523712968905 0.01027936639868 0.136267164968108 0.0657680982624998 0.135897611554534
"ufb72" 0.65636388176542 0.1849045903354 0.652552918896202 0.165786427371833 0.0770279114224325 0.0323428781375792
"ufb73" 0.603738541964701 0.183340987876118 0.0102628162074412 0.137609776733194 0.0678198280203934 0.140148399422915
"ufb74" 0.611454735015012 0.187491518062384 0.010252660896221 0.141310079362101 0.0689948641232996 0.144943345411223
"ufb75" 0.668958965657338 0.204018785283304 0.0845451186183911 0.157428238013771 0.0837975261066419 0.146861154664138
"ufb76" 0.660931440673066 0.20392954911483 0.115713789221131 0.164518537060524 0.0974492167545397 0.146861847710453
"ufb77" 0.741915363208905 0.193222973945052 0.635469802061689 0.177694282641319 0.098161489119205 0.0744197005195979
"ufb78" 0.652179111799243 0.187672878959795 0.187133692981004 0.151110295774034 0.0885325171889443 0.121286463805054
"ufb79" 0.593495340369437 0.177525747074008 0.0102951938880325 0.133913165037917 0.0635933189287034 0.130778836974789
"ufb80" 0.73885422575156 0.199795521654931 0.56237395790018 0.178425108890465 0.101570080778512 0.0819600995160913
"ufb81" 0.692909006292259 0.210239042809441 0.230408860245266 0.173860455651095 0.103503227260953 0.140400159830161
"ufb82" 0.614448930650702 0.19037322418745 0.010252660896221 0.142261825125712 0.0692240957887129 0.147975956212936
"ufb83" 0.644011355789151 0.169089251517257 0.474408515089114 0.142131269281886 0.0899468113245373 0.0653449965627853
"ufb84" 0.66282783130895 0.205946766140641 0.114492810358134 0.163318178691388 0.0955978767058652 0.14899045707322
"ufb85" 0.644147198421993 0.186642230855263 0.385442834896883 0.153001909981277 0.0991727013170616 0.0858513899157517
"ufb86" 0.666731565837971 0.216125812676102 0.20792750008679 0.175593428210807 0.104650047295461 0.131034182845871
"ufb87" 0.761491085899514 0.217723925813601 0.542644690337205 0.191362967296977 0.114399507007299 0.102234244653926
"ufb88" 0.661767236244755 0.195777233538529 0.128344164868333 0.156947302168972 0.0786640659022435 0.138011836977022
"ufb89" 0.602775347948945 0.179294499546939 0.0206680600321619 0.136772553418279 0.0516350096905248 0.136846200074598
"ufb90" 0.716920947633619 0.207038217254053 0.312450974001226 0.174087917856845 0.111941960446123 0.130233152239766
"ufb91" 0.593573004232994 0.176888938037759 0.104079049493379 0.136633640721056 0.0766128232954991 0.117884356739582
"ufb92" 0.624312027275256 0.182354495934755 0.0937170690276022 0.143842558528366 0.0819166554544374 0.129255049652904
"ufb93" 0.688960582371676 0.226302915203817 0.427082097626472 0.193297397444069 0.109611783527548 0.11237088275244
"ufb94" 0.592005618888905 0.179085380129688 0 0.12899195672116 0.0586497171828745 0.136565895435583
"ufb95" 0.640652410888362 0.188157563033516 0.125045167914051 0.150624557246715 0.0886550445549273 0.132945295638549
"ufb96" 0.642077596429084 0.186414185800805 0.272074575462383 0.151187820499362 0.0885615399419181 0.0981515497784384
"ufb97" 0.591467268623025 0.175880767927398 0.0832907032126676 0.135157451187617 0.0727092075350849 0.119835662387856
"ufb98" 0.582877751934171 0.168976922864116 0.0728396142876637 0.128928784706487 0.0692411668432195 0.11500947978558
"ufb99" 0.673899494136916 0.198182060226748 0.27557980577879 0.164405397160643 0.103701294825273 0.111233512873409
"ufb100" 0.656341596761102 0.203482201968021 0.0737813395955346 0.15763489527246 0.0858888585914892 0.142712303450887
"ufb101" 0.777886885974141 0.209788869548678 0.620877242204294 0.188266252639222 0.104031228100984 0.0930881108362076
"ufb102" 0.661262569095127 0.206984131974932 0.153980155023049 0.167803942046751 0.0915857374997292 0.129829400307613
"ufb103" 0.655957225324122 0.189382966704052 0.476824800072214 0.163360728765427 0.0925567127607212 0.06966710535232
"ufb104" 0.637412421327633 0.172808797418524 0.30239213941075 0.14400131498289 0.0815668213659939 0.0925984583179436
"ufb105" 0.646797489634406 0.18595720871141 0.197481294734603 0.150580348462224 0.0841530882379375 0.11391043284271
"ufb106" 0.722783632311254 0.240439713031775 0.264514696553308 0.201020349974549 0.107297717021407 0.145842307672057
"ufb107" 0.591282196433626 0.190762537605011 0.578922787155063 0.168517914671956 0.0741931297429024 0.0392972595851033
"ufb108" 0.670219753222596 0.213161118935997 0.189431133067846 0.17492570304296 0.0993762480662145 0.136949108810345
"ufb109" 0.604818691745831 0.176694405880054 0.0626678654915312 0.133199929864684 0.0622815651075711 0.120620043605789
"ufb110" 0.586799134347187 0.172690927981944 0.0206079818497302 0.135738080127901 0.0688373056562955 0.126673029573659
"ufb111" 0.501655495437293 0.165653453545789 0.589352416631645 0.144026831505531 0.0635261048445287 0.00894331652207825
"ufb112" 0.718665691161004 0.188931541197731 0.631651500527001 0.171543769010409 0.103761137430962 0.0694963258086342
"ufb113" 0.602457737834126 0.180148572280416 0.0102951938880325 0.137929076805087 0.0672173275494684 0.13355073550926
