"quartet" "cluster" "phylo" "mutual" "shared" "clusterNorm"
"mb49" 0.901147849922906 0.235130689711793 0.874910127875194 0.228400375484342 0.111969475911484 0.0834215285707086
"mb50" 0.706838906205323 0.245038289090874 0.125429955064251 0.19877618139038 0.111192293894723 0.182271245319349
"mb51" 0.778293180493491 0.218377007310376 0.591895937877986 0.190255373055714 0.109996136980115 0.0971231391179223
"mb52" 0.972758229284904 0.28203810339721 0.947930575447887 0.279555495288261 0.140618676783896 0.139632864227883
"mb53" 0.68105032385617 0.228619077513723 0.0722471489280846 0.187774248748575 0.111007808245842 0.175641745915891
"mb54" 0.786640307980439 0.250856602721852 0.528945710524715 0.217401883690233 0.130215176514655 0.134641322976516
"mb55" 0.739568371989585 0.226722828483085 0.228391512206687 0.190051240270726 0.126859683028119 0.162471691435059
"mb56" 0.707723315059658 0.209655982759114 0.384029775503265 0.174400774685777 0.117511790311635 0.121155103581099
"mb57" 0.779830686522894 0.229934106490743 0.726286838204852 0.211212740778912 0.10005517499335 0.0766009266520744
"mb58" 0.646527720282889 0.218151015247369 0 0.172458154425274 0.0898316056569384 0.177449437340553
"mb59" 0.732164774470696 0.260046831097867 0.366670098849714 0.226217942208576 0.142189093643361 0.164245642490808
"mb60" 0.716768211505631 0.244491649138356 0.15665889053184 0.202519187682217 0.110582123646368 0.181726030770187
"mb61" 0.7527192941506 0.228502808192271 0.50597591717944 0.195923400487225 0.113313018048218 0.108476360023778
"mb62" 0.745514365507479 0.261977579889442 0.261319572898246 0.222032624983563 0.145707310335137 0.188387988282807
"mb63" 0.860319064462571 0.203505750488624 0.875064194374861 0.197633582518673 0.0956372597326382 0.0455238929062658
"mb64" 0.806287128712871 0.272640291190696 0.694894162207596 0.252478456607611 0.121444548922555 0.127799090393824
"mb65" 0.912989382879894 0.22132828802713 0.829732558934261 0.208921555568333 0.096757108661799 0.0658648033808994
"mb66" 0.895066018068103 0.290156774800866 0.821087591601688 0.278163173293161 0.137791768813554 0.14881494960885
"mb67" 0.860613301473517 0.277106584157352 0.757938983120886 0.261035438621201 0.127745805838706 0.133285052394164
"mb68" 0.749374084951183 0.268682714038685 0.240758938537454 0.226502928841585 0.139334256496246 0.195687026588713
"mb69" 0.782890640714949 0.282600301917747 0.419156001146152 0.245556506408991 0.160768202888837 0.189712590749884
"mb70" 0.878839409076416 0.265407566210202 0.778902029641561 0.247381995656947 0.120140063949413 0.119703717968671
"mb71" 0.707476871697855 0.237480269045422 0.134832127030633 0.193765342027434 0.126226122504925 0.178520133503541
"mb72" 0.76254997535462 0.244608402566673 0.426546326502271 0.208991810935182 0.137851003724845 0.146773090225389
"mb73" 0.850685705480507 0.276402570879171 0.736820255248945 0.258427432551463 0.126781962466172 0.132416867631105
"mb74" 0.744431671499025 0.227599871785189 0.270105858313873 0.191675029998268 0.129723978214349 0.157791248098542
"mb75" 0.735100314712825 0.237239272903398 0.27977188107186 0.192992636401298 0.123825086954462 0.151827106203923
"mb76" 0.821836455002284 0.246739237626025 0.68085999037808 0.219634376412058 0.104115444414817 0.0967483243577729
"mb77" 0.790725484985384 0.232030308057646 0.718547787719187 0.212676710780114 0.100311826646605 0.0797061970242844
"mb78" 0.659121598899024 0.21652338367462 0.0521746843492357 0.174797851372025 0.0879224376261877 0.162685830352008
"mb79" 0.786350844277674 0.236549977867182 0.715753421160759 0.218270320331176 0.10378175189158 0.0849003872045507
"mb80" 0.739913229998738 0.255134526614863 0.219440562247091 0.215010762130267 0.126234782993643 0.187828689851701
"mb81" 0.752430453521403 0.271369969454931 0.285456829112737 0.229978641053885 0.148158646438737 0.189658546825809
"mb82" 0.630019728853102 0.202993876497143 0 0.164495688940796 0.0818327766929961 0.158612896605252
"mb83" 0.631664674522474 0.20595123882915 0.0209040282613404 0.168036612990929 0.0912296611772245 0.160677557263999
"mb84" 0.729380235965705 0.238033673795211 0.362774273232469 0.198884895226897 0.125216558288025 0.139557025198085
"mb85" 0.880662514156285 0.205726630084568 0.854113171354282 0.196838076971856 0.0956081105413422 0.0481852762274397
"mb86" 0.656584735364913 0.210297557736442 0.0515159300949632 0.175087231709295 0.0897885123272123 0.158629387084967
"mb87" 0.723303559525397 0.202620059696908 0.718650498718965 0.188287360457909 0.0880538691650289 0.0444625284337856
"mb88" 0.632157228871398 0.196147755624721 0 0.161050205103174 0.0798139453518033 0.145709879421513
"mb89" 0.77569197040285 0.206490589118288 0.770822634270857 0.192672892928186 0.091691603663863 0.0491007638721171
"mb90" 0.684340743247252 0.227764174976564 0.104378453280986 0.18791873052781 0.0919883945633774 0.168097941783037
"mb91" 0.751084568144684 0.246876731444019 0.684153170028481 0.225272044715448 0.107050476077859 0.0968010910553502
"mb92" 0.82423902370599 0.231088858683379 0.656130177051113 0.21435887901685 0.152876361145807 0.131886444032425
"mb93" 0.724146874361433 0.210810121045525 0.372358771619934 0.178792741430639 0.121725272689407 0.12227633665624
"mb94" 0.655699717406548 0.216278283602344 0.0418097772293819 0.173274598163318 0.0917461436131502 0.167106044330288
"mb95" 0.793753670153766 0.238124003784724 0.566317472570522 0.208391532884163 0.123704829729975 0.119878188318558
"mb96" 0.703737898313778 0.206334414347452 0.41491677735201 0.169950625993003 0.10727550108134 0.103760948442172
"mb97" 0.614526413871692 0.196541275650802 0 0.153507273081055 0.0652958428956063 0.154953862246509
"mb98" 0.601289879777833 0.180484740349003 0 0.147526633767119 0.0666697741121555 0.132459578981073
"mb99" 0.641613676639216 0.18805013134062 0.56890912343661 0.164714096358962 0.0979859465808007 0.0617281522841108
"mb100" 0.689866181163375 0.230035179827307 0.07218173882772 0.187685342262477 0.102911774752482 0.17414805824936
"mb101" 0.673707146776515 0.220497189870254 0.0731173140979785 0.177311292524444 0.0842017196161097 0.163882197049435
"ufb1" 0.644286825332591 0.203318858782815 0.0203791413735617 0.166289809906453 0.0715917369384041 0.151166211745228
"ufb2" 0.728755641521599 0.233369068953691 0.492303482777453 0.198449337999565 0.122843190665452 0.114112416041126
"ufb3" 0.787855396886659 0.228648729878457 0.687532097187431 0.207033521696097 0.0968496708856022 0.0756538946024089
"ufb4" 0.61047258225324 0.185638534839008 0.0415886557884567 0.152976847473535 0.0735493155471511 0.136399018304126
"ufb5" 0.706584540202092 0.208615414301867 0.392333480921883 0.176769949538605 0.108784168276053 0.106103815004277
"ufb6" 0.671506050857469 0.220805287628446 0.0730947073246993 0.176140868129009 0.0770492550947628 0.160562198543481
"ufb7" 0.647380044916178 0.210540780217842 0.0527005791473453 0.16977992215473 0.0885547412411492 0.158836077604231
"ufb8" 0.771249089584851 0.262696188855091 0.470815974881009 0.225980081558581 0.136729762428977 0.148317594608876
"ufb9" 0.812666145426114 0.223747965196058 0.676993126732482 0.206638607895326 0.130305250702429 0.103611739070755
"ufb10" 0.76074567354863 0.240745188525242 0.534571388862981 0.212835920994587 0.131788130185727 0.122971156130737
"ufb11" 0.748658309419524 0.245680284002175 0.383883181632403 0.208475170701372 0.135095984957571 0.148198716343133
"ufb12" 0.69785996541891 0.227235299001302 0.197163370486972 0.182025269344019 0.123005028909612 0.157332305468758
"ufb13" 0.726695748226087 0.25033329649732 0.444204349807465 0.217027376434986 0.126948729316641 0.134048583484393
"ufb14" 0.629671356414104 0.206273921404617 0 0.161783955045563 0.0767405856589148 0.165130279217435
"ufb15" 0.74083538032391 0.222540189917659 0.314613918040705 0.191187221774539 0.130136545658821 0.145112744131566
"ufb16" 0.756630013938361 0.265516463015166 0.317117135311036 0.228734858709988 0.142190634726722 0.183050477362061
"ufb17" 0.740089906007356 0.219152785322901 0.670162554123301 0.192132728195186 0.0900490882239021 0.0641033280794796
"ufb18" 0.832182093283337 0.223279131287661 0.708209762647235 0.208960882696838 0.128613755918009 0.103070346336218
"ufb19" 0.725876020767289 0.217186272817287 0.290897136942632 0.179668027401472 0.120556945442449 0.139107124169364
"ufb20" 0.609167586345047 0.186329792478384 0.0100015932521492 0.151878737756657 0.0764104073004234 0.13863299280509
"ufb21" 0.713904864605799 0.182092736442122 0.622032967654724 0.159278505681436 0.0889549967268696 0.0545447638764086
"ufb22" 0.629918938555349 0.189332672243521 0.123702077526943 0.152703657892792 0.0880368950308273 0.133653263810487
"ufb23" 0.629314827332625 0.201295306456079 0 0.160901461195023 0.0753042572607766 0.158984042458486
"ufb24" 0.791839787269403 0.170254988777207 0.8525321613827 0.163636006022444 0.077985360240882 0.00507200150615428
"ufb25" 0.605012831907368 0.1916054669232 0 0.149257823087939 0.0654742029709294 0.149703320188143
"ufb26" 0.671895212516025 0.197446111661441 0.290308688601869 0.158691701924071 0.104855792663841 0.117518210982572
"ufb27" 0.700408937355538 0.224539842298188 0.631641766159283 0.203742039967903 0.096305499686368 0.0699199970543126
"ufb28" 0.724696711449769 0.208189568746353 0.451033787038429 0.181425420184719 0.121782058763984 0.105863364831363
"ufb29" 0.631101627874908 0.200757902480268 0.0203619647744128 0.158583292756223 0.0746678855140127 0.150592301307351
"ufb30" 0.665865314791179 0.219717490312953 0.0835573566984205 0.178614982326093 0.0932522438908231 0.166157727235775
"ufb31" 0.801259842519685 0.233656355738959 0.701992645531543 0.213463294519349 0.0990392698126991 0.0816547655943157
"ufb32" 0.651738981407428 0.212297730983901 0.0418173201242918 0.170213003257019 0.0874789808349522 0.160735686800453
"ufb33" 0.62934660948052 0.204356097246291 0 0.160636182504525 0.0664505312320866 0.163114519276021
"ufb34" 0.773610643943641 0.268933833108784 0.507756722747074 0.238027903004208 0.143224834975894 0.15552289014873
"ufb35" 0.702234030396526 0.181027878706949 0.602974506685253 0.15990348364578 0.110062229758676 0.0751848270609728
"ufb36" 0.721707218263709 0.208843618259123 0.518652601461067 0.183393810465418 0.106494530729717 0.0861244408893658
"ufb37" 0.611406818844158 0.1871591057636 0.0925605829010051 0.14949881837284 0.0951744924854604 0.13617812142314
"ufb38" 0.715875315333317 0.207760368113486 0.408774699659001 0.178997628142869 0.110460163994623 0.105138010843315
"ufb39" 0.767608655673389 0.199060195288363 0.80199239130228 0.191027858134431 0.0933651802506588 0.0401965773305179
"ufb40" 0.684506618531889 0.230881853303341 0.146265506173839 0.19178137956476 0.104936678501288 0.161384551733041
"ufb41" 0.690248685266067 0.230655067516085 0.135817575448116 0.189616552975053 0.101508514919813 0.171212197008944
"ufb42" 0.68214913823426 0.228381577115466 0.135795620827432 0.186210965682292 0.104960544261183 0.17241013024427
"ufb43" 0.785100394779094 0.263536568904769 0.467324446473779 0.237573458663249 0.159100417800403 0.16834577399782
"ufb44" 0.642900887788352 0.207204312906601 0.0417014084798304 0.166020464046178 0.0859971666761044 0.155308859695052
"ufb45" 0.649340884716945 0.212917836375305 0.0313530384414711 0.169373058640033 0.0918657397560658 0.165327005767024
"ufb46" 0.654060208934519 0.21868532051077 0.0316764998304753 0.174578699748566 0.096233570465309 0.172898116304566
"ufb47" 0.70235133510262 0.237079700891332 0.156719085612875 0.197059021130027 0.10316036909634 0.168142435103258
"ufb48" 0.596572415674152 0.188806811552834 0 0.146290771905603 0.0662474077860653 0.146578330770249
"ufb49" 0.724262783898387 0.247255326411317 0.429047752140725 0.213162353145548 0.125442059240867 0.130472041928554
"ufb50" 0.648667512690355 0.225750833725751 0.563765069758921 0.198159471669073 0.0896574975069887 0.0712298241256276
"ufb51" 0.638551683799211 0.209793677049835 0 0.167642069551317 0.0824576536098807 0.168358359586594
"ufb52" 0.658881256133464 0.222364819761988 0.579026574722574 0.194067547091135 0.087722877077392 0.0675244665593077
"ufb53" 0.732144817441324 0.233754691532386 0.379009247508674 0.195610147099015 0.128734048095498 0.134896213965272
"ufb54" 0.729783552610101 0.21533993983269 0.301356213823732 0.180744404273813 0.121087979981076 0.137076634849036
"ufb55" 0.6023103186445 0.190413433471056 0 0.149384145130023 0.0673240358809848 0.148449147298182
"ufb56" 0.62285429291312 0.198582305391788 0.0104510128138237 0.152996498300054 0.0730241838858704 0.150105896094038
"ufb57" 0.654031757877698 0.205400082861949 0.249139503982853 0.171691200872034 0.113420219300207 0.126154436249395
"ufb58" 0.751949215547973 0.263888864894025 0.444204349807465 0.224962176702554 0.131072419180859 0.149686162280171
"ufb59" 0.625090575773899 0.198039739897881 0 0.157507239878706 0.0742067817231571 0.154268287846662
"ufb60" 0.713912291919923 0.246119934948923 0.156904165257583 0.202974620056497 0.107824117495017 0.177940507352402
"ufb61" 0.6944342212914 0.231532160927681 0.135758963757027 0.192502791607124 0.0956902991999752 0.167689902850168
"ufb62" 0.706109733321086 0.21157884743412 0.311649490984 0.173782058463185 0.111167776549162 0.123131301170991
"ufb63" 0.620856543268474 0.193101374633062 0.0206232381739489 0.15609916817723 0.0769149596063804 0.144296129295483
"ufb64" 0.758518309062633 0.225038040697838 0.648820125084962 0.195643476629678 0.0913461861343043 0.0711017508291631
"ufb65" 0.645916379605988 0.212490900958066 0.073135745650067 0.171888970223555 0.0906081831813504 0.163097759390052
"ufb66" 0.705038526695448 0.180094068497882 0.631531630091086 0.160580981255822 0.0945234991701318 0.0532017706718372
"ufb67" 0.681673448989791 0.213376401632172 0.284188196222338 0.17631741418586 0.114437183404648 0.125255698467803
"ufb68" 0.692989437969859 0.226491552184241 0.1465819878457 0.186087286248017 0.118766440331803 0.16222685728977
"ufb69" 0.690362411239662 0.227477925489066 0.155663558915487 0.185674994188184 0.122107233954099 0.163240779265314
"ufb70" 0.755531727261795 0.233307546754658 0.552197647181122 0.212755780935634 0.144103140892102 0.134391380022613
"ufb71" 0.692773089266611 0.21003198665053 0.377147371286262 0.176614708472921 0.114787939444289 0.107943879662175
"ufb72" 0.720828227276803 0.21432272838212 0.34597413194032 0.181457246924721 0.123091116912717 0.126348025456859
"ufb73" 0.716527343202727 0.219186303349351 0.463219091748862 0.181171262881677 0.108926515945612 0.0980579819693078
"ufb74" 0.686033634085112 0.225390825397465 0.093087581592992 0.183330940288816 0.100431453381125 0.169166598027316
"ufb75" 0.662784214006177 0.220601884131319 0.126644973310241 0.17820012110701 0.100798472888357 0.167070509376955
"ufb76" 0.593982973373803 0.178618561313912 0.0204875602704653 0.146730001288605 0.0679895682473984 0.131792148536468
"ufb77" 0.656040685889734 0.213987964559354 0.0948910187327927 0.176309331152739 0.08564641994102 0.156933541218442
"ufb78" 0.672178443568871 0.212958299591971 0.135452159028019 0.169744623127421 0.0957649321325406 0.134575287841109
"ufb79" 0.647780704844466 0.203517507444158 0.114515870308724 0.159255843086955 0.0956415907763659 0.131622300220395
"ufb80" 0.784641543635724 0.22341334648834 0.54149171728625 0.202273241150024 0.142746839903893 0.136572433879932
"ufb81" 0.71352173086842 0.180719731015462 0.684204217345478 0.16435468585545 0.0980440417848057 0.0536284968464522
"ufb82" 0.614735686427284 0.197665086800305 0 0.151714850603981 0.0648509923715131 0.156135842406375
"ufb83" 0.630809566117342 0.205713449545508 0 0.162745311294031 0.0743316355906346 0.164542228867599
"ufb84" 0.720387556458588 0.251349113305857 0.146438240514457 0.2074220729881 0.10756370115163 0.183642602296078
"ufb85" 0.563649182177101 0.167193662683141 0.374126898499047 0.128125441397291 0.0834086938227925 0.059321678449074
"ufb86" 0.715919524026401 0.228034247615501 0.293693936383012 0.189876278965819 0.119992552987898 0.14132462611977
"ufb87" 0.653642592485568 0.217215262170958 0.0422400100443286 0.173947538799467 0.0948059924280515 0.169864612539782
"ufb88" 0.634214834403728 0.209704395810768 0 0.166363491470295 0.0854939659506505 0.168264396789841
"ufb89" 0.722990746758271 0.247683733797519 0.271948795380371 0.213249399833425 0.123648967766492 0.163320704819114
"ufb90" 0.658807193009974 0.213291375268152 0.198486437047033 0.177257472172455 0.0961284272651106 0.134847191419698
"ufb91" 0.753847958704833 0.210706824142073 0.547135620048145 0.1823812645362 0.109033811160261 0.0881893594292593
"ufb92" 0.708210477988063 0.214094176029719 0.165776419037586 0.177297372789904 0.113088284077777 0.153365866031951
"ufb93" 0.623168057852829 0.200008223007367 0.0313597848522689 0.16044552105672 0.0846230362622773 0.153123172755878
"ufb94" 0.667393404850977 0.196462157476592 0.518593022812498 0.169443014607748 0.0951216091518738 0.0718086191899165
"ufb95" 0.708310094813162 0.20109968193866 0.708226342708565 0.186177869769935 0.0862257742939546 0.0426405890476638
"ufb96" 0.594712537644521 0.186030793783903 0 0.145449492298704 0.066800989682029 0.143660140366496
"ufb97" 0.803347834310573 0.253934394753879 0.494702773665582 0.219448128889102 0.134345901650754 0.138208266876639
"ufb98" 0.760489244530989 0.261087582753555 0.324933267338752 0.224431097691991 0.152145314460743 0.178227630803656
"ufb99" 0.716830630151555 0.234052888108778 0.620952667763923 0.204399197651053 0.0939807350533052 0.0815398275454563
"ufb100" 0.683531505873976 0.218204333443426 0.259382393099399 0.178561250690397 0.112283085488893 0.130511672111491
"ufb101" 0.668890205532628 0.207985529676668 0.16678286456551 0.16549304660814 0.0926256262773518 0.12910727011047
"ufb102" 0.611505196757889 0.195465387162195 0 0.15222048756453 0.0697898937087549 0.153822285247718
"ufb103" 0.688870848288042 0.220420565239062 0.249059789651935 0.180498918676168 0.118539788630768 0.13297649477633
"ufb104" 0.743258355719013 0.234673706936789 0.362641690731355 0.193583593900409 0.118919174263983 0.13576281569109
"ufb105" 0.692339666006504 0.206622218248009 0.481841865923993 0.178917260683919 0.103509980770223 0.0835584713490614
"ufb106" 0.623389871070029 0.19872355564576 0.0104524443073455 0.152186108941612 0.0715523336630252 0.148448586748258
"ufb107" 0.618244533148212 0.19050341194652 0.0411176847457294 0.155577958708557 0.0681251176235209 0.139735356177963
"ufb108" 0.65312501913527 0.215417038158949 0.0844233193868204 0.175054625041314 0.0949134246713554 0.164079917319062
"ufb109" 0.612256223244015 0.170430977622407 0.552007955214814 0.144831241898919 0.0845490642289003 0.0420431767658561
"ufb110" 0.700089285714286 0.184008904611874 0.594429732256405 0.158701871213355 0.0898478634263687 0.0570581973815019
"ufb111" 0.68469926280725 0.228552597633763 0.16716009285922 0.185913791954588 0.1157198558734 0.168947281337116
"ufb112" 0.822550665006406 0.246856339697867 0.67723038244979 0.233409332375486 0.142548971244388 0.130296468648063
"ufb113" 0.651258004959405 0.215795416935521 0.114940363605577 0.172738574697167 0.0981166956159456 0.164483054314868
"ufb114" 0.743396783237421 0.203883092875942 0.624866543659014 0.181012278397177 0.111565626613464 0.0806724905351846
"ufb115" 0.682127439581702 0.206416245816855 0.144945016575292 0.168622142019303 0.100822927140844 0.14884792816606
"ufb116" 0.691515206630896 0.204697961608191 0.176223924841288 0.16999890871554 0.0961186914634039 0.143243589778596
"ufb117" 0.713300138596581 0.236346905261224 0.348436509394784 0.200484551914138 0.125632005461586 0.137491410168738
"ufb118" 0.74765637627283 0.250615602108253 0.35893429407781 0.207967746332887 0.1297716541875 0.153617537762429
"ufb119" 0.757485066663396 0.209633735655306 0.483896208677533 0.180144404122422 0.117183963166402 0.107424021235697
"ufb120" 0.691501722894463 0.221771866879682 0.219966944151558 0.177413355544327 0.118297620151136 0.144158982343618
"ufb121" 0.727650322620866 0.210719250053431 0.367088290934016 0.181386398972122 0.121142359450025 0.122341054565873
"ufb122" 0.729124317429949 0.236827905946795 0.47375360919974 0.204507300858682 0.120790769687742 0.118715989774036
"ufb123" 0.699163756932015 0.226839061003991 0.147556402844165 0.183660121853476 0.120097977449534 0.162598812793122
"ufb124" 0.698385482729828 0.23204075550962 0.271948795380371 0.198799638766401 0.106237326372005 0.145923558650104
"ufb125" 0.831083064279425 0.209145068156783 0.789435446685654 0.193505689782773 0.0911044134917079 0.0522817495736192
"ufb126" 0.659348644089789 0.19682379868878 0.394006742703748 0.163458767668191 0.103366541780656 0.0930211793105032
"ufb127" 0.698866455051716 0.223535977152749 0.187826006011987 0.182623791353122 0.11707314929005 0.153361684171036
"ufb128" 0.699498129391368 0.246254591341036 0.423040294002438 0.214839193945748 0.122795671554599 0.129047434661168
"ufb129" 0.750061505270529 0.229588700388272 0.583461846846875 0.210190901974535 0.125114715848739 0.110356412484486
"ufb130" 0.69417908293052 0.222949266219826 0.228378699349889 0.184245648419425 0.127394963804149 0.145453804011677
"ufb131" 0.649051294667569 0.210639314140511 0.0738704044634678 0.170615157971952 0.0851596624670398 0.159017173316603
"ufb132" 0.738579067990833 0.237395769502526 0.486412050368466 0.209796935629248 0.118219008150638 0.118827081409849
"ufb133" 0.750757780856677 0.221765189525914 0.36871820274986 0.19010401010007 0.130388477221824 0.144230295581159
"ufb134" 0.592308190847416 0.180063744712214 0.0100382644966097 0.145464308230151 0.0677208923147072 0.133305011846465
"ufb135" 0.708634292699189 0.238441377849439 0.5894043104154 0.210591200093472 0.101202312844909 0.0868021400229729
"ufb136" 0.654901960784314 0.220270104316736 0.56381751323014 0.189540320290204 0.0847328994981665 0.0648291127375687
