"quartet" "cluster" "phylo" "mutual" "shared" "clusterNorm"
"mb49" 0.833633985749076 0.262871975097362 0.768328741111924 0.249239514891572 0.123977151239991 0.119863745703898
"mb50" 0.722674142189547 0.237529609451131 0.218645500682291 0.195690117343551 0.121563581794135 0.175711546957017
"mb51" 0.719414720247109 0.228143467610526 0.437001162759488 0.201437216766768 0.124718788625826 0.130798547646965
"mb52" 0.823278762054272 0.241082132357385 0.739512188221555 0.223854625414194 0.108445047676606 0.0947387131277022
"mb53" 0.693934660939737 0.226373815318518 0.366512786584843 0.185112552794545 0.115764214370512 0.128726152004542
"mb54" 0.81670573437768 0.241198062747467 0.781360729610061 0.229640257155061 0.108848960319516 0.0948769985714736
"mb55" 0.801798132037592 0.264546880985167 0.506059296186704 0.236622567455552 0.166889825110578 0.171544740222624
"mb56" 0.9046490004649 0.278136534930158 0.850977916265521 0.267925559575216 0.13341690036447 0.13795420899837
"mb57" 0.978369384359401 0.259435010453465 0.989576379299851 0.259259233638336 0.131024826779287 0.116630607825972
"mb58" 0.822264719517849 0.250892703683926 0.749987161784341 0.22856717391898 0.110717794205652 0.106441073557828
"mb59" 0.669814805813445 0.21790151162681 0.218147727695841 0.174876889789413 0.106410823981098 0.141707085992793
"mb60" 0.728118864420271 0.228505841194211 0.435864209267323 0.198805348779673 0.128134042937065 0.131297195614075
"mb61" 0.613285949402118 0.190985110750598 0.145330615388388 0.153599331662331 0.0964728234965809 0.125144006471111
"mb62" 0.855702783237177 0.21429999236805 0.854120663060554 0.207009518558776 0.101666224773982 0.0627921276727437
"mb63" 0.661586449579653 0.2181180308689 0.102327947081191 0.17186765942295 0.101105777375584 0.165256480779297
"mb64" 0.683501218659985 0.224525449916232 0.0930304859461966 0.182935056634943 0.106314354939569 0.17218026442221
"mb65" 0.897684839432412 0.253292490224446 0.822798448097471 0.238612610385905 0.116287512437525 0.109303615006007
"mb66" 0.635086089081453 0.207784500977775 0.0102420985112343 0.163817983246859 0.0647746906389646 0.166613833900649
"mb67" 0.842559271803556 0.274728938082208 0.739666246809466 0.257735580706271 0.124195990952442 0.134873689451569
"mb68" 0.735915140598419 0.252189113818507 0.520938362186843 0.224548792911106 0.132687866741368 0.13950230102216
"mb69" 0.730981761537922 0.235137528284307 0.239508604413721 0.1929730661712 0.129762379778995 0.167777604015029
"mb70" 0.866475759190197 0.212938031696297 0.852591704740653 0.203938475248571 0.10064024220189 0.0602002143150936
"mb71" 0.721731950250297 0.234722838988685 0.353099476737647 0.20387190282301 0.142035079294743 0.160330000111342
"mb72" 0.758221603845181 0.205165527837238 0.736885803023942 0.192404954545515 0.0919659115340285 0.0517798451912441
"mb73" 0.604552099768197 0.192233704980466 0.0308041485722655 0.147554248429402 0.0621007003034681 0.147528673662068
"mb74" 0.80455530183266 0.237830178535152 0.747263000204741 0.218507124510215 0.106832397240045 0.0907652114727187
"mb75" 0.759820160908661 0.232957983751266 0.552034525807291 0.201955962351014 0.120496786693685 0.117373252786311
"mb76" 0.72040072343393 0.232631397575867 0.259467694848265 0.196161475688155 0.125427916822948 0.17035032001967
"mb77" 0.676274909384358 0.22687633486466 0.144392213683506 0.183846058255524 0.121684102958956 0.168375635197799
"mb78" 0.692155004258359 0.211078602612896 0.342955754939083 0.178186929341649 0.105867275994694 0.124845647492856
"mb79" 0.707618414553646 0.228131452818191 0.207476183575072 0.194406661681714 0.121421657439034 0.169802063087486
"mb80" 0.759149498339701 0.238829299437226 0.560332099549045 0.218780466399101 0.125396949911678 0.123889696488711
"mb81" 0.825245608812146 0.239893194393146 0.715664388843967 0.22110556935573 0.10656373699019 0.0932387571566402
"mb82" 0.766800689259047 0.2324256861897 0.705339082754099 0.217091279412466 0.102661786094145 0.0828968206062702
"mb83" 0.672093730979915 0.218728623110697 0.26420815670723 0.177782782579241 0.11416586919927 0.133169861333994
"mb84" 0.701760310389424 0.221136657426626 0.354138013239005 0.18556822836185 0.118969816917406 0.13622697712738
"mb85" 0.726541635408852 0.230787791434477 0.302077614082104 0.191691853427879 0.129187614271431 0.156128797052653
"mb86" 0.707228018930191 0.223590412000179 0.311019436533229 0.183068159500291 0.114487608214166 0.138977742218591
"mb87" 0.632328441647034 0.20060149790811 0.0718635900727259 0.157978069039686 0.0767718188530139 0.148971419962728
"mb88" 0.64564278216211 0.207050771044347 0.0625037724675025 0.166014357502438 0.0836929869998907 0.157910525149585
"mb89" 0.886186596895998 0.215907141316389 0.864544283760703 0.207148578302649 0.101454074383692 0.0647091858778533
"mb90" 0.706875609464014 0.228533818156454 0.17691958564791 0.184603938309954 0.102593556556472 0.170286503017409
"mb91" 0.717099536211202 0.230180598509093 0.290645589653257 0.197350432638282 0.126966165270212 0.162297523945122
"mb92" 0.681470106045199 0.223922351001815 0.436097404712492 0.186634601287376 0.106486090149168 0.10633994623899
"mb93" 0.624778604397017 0.200153799826793 0.0103347355662886 0.158018645027762 0.0626405588634998 0.158750706142445
"mb94" 0.822486360093531 0.202002129619191 0.83322206879762 0.193329805592013 0.0944392313421593 0.0481228471979123
"mb95" 0.766448993030785 0.230398270569831 0.755230446014402 0.219079038758603 0.106586731508098 0.0814102727333697
"mb96" 0.611379600572841 0.188733457534479 0.0422592334096182 0.146210024995894 0.0716012215561795 0.138373425239296
"mb97" 0.590479688786554 0.176586467524758 0.0930743732746955 0.139002675996564 0.0729260104948084 0.114213344650602
"mb98" 0.695810707714401 0.226038874408246 0.395842973622943 0.19470977857578 0.120299729310299 0.128753148974241
"mb99" 0.702087080904185 0.222688067689003 0.489263765630962 0.185935060543353 0.106370922331905 0.105555774191691
"mb100" 0.710597850676686 0.226007726317536 0.269764827759078 0.192042404118766 0.118450769424268 0.157756685716886
"mb101" 0.680342260800752 0.223704930452086 0.216895883317921 0.185717479399198 0.118164379898887 0.155113796621701
"mb102" 0.593730725612304 0.18656715433722 0.0307810865538655 0.141806783392679 0.0614265293254941 0.140538188049501
"mb103" 0.605627238619114 0.19007563341302 0.0101995160631008 0.148291318837594 0.0602353743783336 0.148153020542006
"mb104" 0.636163377696191 0.201640314786727 0.0421872494537052 0.16013814064248 0.0783745446858516 0.153846025832379
"mb105" 0.676849801642218 0.217562687538556 0.354140500166297 0.180902542719447 0.10479592957258 0.119211518426225
"mb106" 0.830577492596249 0.226260001742312 0.781155318159513 0.209175976493989 0.100182381277088 0.0770584059338955
"tnt1" 0.667828152452371 0.210147466607862 0.246725566456143 0.171212087331922 0.106370892468253 0.133072887178273
"tnt2" 0.63389597067495 0.201328350162909 0.0417675528997956 0.159402131959363 0.0731154283464856 0.154955156070076
"tnt3" 0.729939879759519 0.168136418972917 0.705702320390612 0.160016443151542 0.0771594227174612 0.00754352238768031
"tnt4" 0.604764824557933 0.190992522268205 0.0308232444023668 0.148186738533258 0.0607004825520763 0.14705139146623
"ufb1" 0.81508398795846 0.261178016337158 0.574947909464376 0.236456029865675 0.149616272683359 0.149302778361731
"ufb2" 0.7078017618684 0.228180448999869 0.475741174694464 0.203989525439366 0.114365711555149 0.111342596671558
"ufb3" 0.599579354334243 0.184519659790465 0.061683305245972 0.145684012814431 0.0729354110043773 0.137127345081134
"ufb4" 0.662614506550098 0.216773679964868 0.0933243834749426 0.173263539356405 0.103651306610492 0.161022439030917
"ufb5" 0.709588172859751 0.22740607145732 0.260368461549159 0.187900365452952 0.124807894919961 0.152418850599156
"ufb6" 0.698947320085867 0.216245537780116 0.347312874218663 0.175865025597948 0.107476388463202 0.117771280516579
"ufb7" 0.602602169561295 0.187581104324138 0.010182723929232 0.146144322164651 0.0645134324393777 0.145362059298198
"ufb8" 0.65893470790378 0.183999442199689 0.656174575483002 0.162640649080233 0.0736404977790979 0.0266486710381636
"ufb9" 0.69126737357586 0.21773976687909 0.217802353551456 0.185808645821301 0.11378214192843 0.15425005659615
"ufb10" 0.661054711568454 0.21117458297254 0.0520718714706235 0.170378117784596 0.0808947746087728 0.160297830529243
"ufb11" 0.695239312861759 0.228235339110155 0.343780986645175 0.19093224555614 0.112988943064197 0.131225705917543
"ufb12" 0.709572726350715 0.227914983817589 0.322930993380497 0.189826200266669 0.126567016674247 0.143744259244413
"ufb13" 0.608573693150949 0.191865628713684 0.0103204058489823 0.149706707015788 0.0575316116335103 0.150090121064042
"ufb14" 0.714410072400688 0.221415961108565 0.497679260384601 0.189714734197284 0.116380047824014 0.103739091376406
"ufb15" 0.878621057071189 0.234082186956073 0.739501163700882 0.218342463504928 0.130692255245872 0.118666860954894
"ufb16" 0.834196461372551 0.234339796542454 0.645661185304583 0.209008084596743 0.146060755765222 0.138097484278561
"ufb17" 0.696049195206431 0.230372325953488 0.300135975708595 0.19503420427604 0.132393228048769 0.155379681355654
"ufb18" 0.821341281669151 0.231824344228749 0.768380632202854 0.220626640356746 0.103048334367859 0.0830356546509771
"ufb19" 0.71365011969827 0.221584204907319 0.389385090525969 0.18581203695465 0.112924957250514 0.123738534355094
"ufb20" 0.707211588204863 0.218657620560568 0.494673125323998 0.190411036768269 0.111601292051256 0.100563849292891
"ufb21" 0.615630301998407 0.194098794977802 0 0.153875180098099 0.0677375274020153 0.152438728098489
"ufb22" 0.620830454067339 0.196593971915278 0 0.155669498585898 0.060663673254438 0.155007981774532
"ufb23" 0.702404202761465 0.218385439494293 0.352806604070978 0.189989942057851 0.123712526850684 0.133011799129683
"ufb24" 0.639404155466116 0.201170101328882 0.188810951936907 0.162528951986979 0.0998970668390065 0.130505052247396
"ufb25" 0.627689490549997 0.196539848069958 0.416632068926687 0.166343513544797 0.0925486841116285 0.0754673076684928
"ufb26" 0.666924278779086 0.217347081983783 0.136051248189703 0.175536949762038 0.111034502160099 0.153729660415668
"ufb27" 0.698446881154719 0.219405961466824 0.249957064323191 0.183358066475235 0.102722701196303 0.133899853741023
"ufb28" 0.637297057067067 0.21015611190982 0.0727273915725259 0.163202780368255 0.0846038673739808 0.161210909851372
"ufb29" 0.644837043921785 0.212001932400971 0.0622619395191411 0.16504305905909 0.0778741032192757 0.16484894289121
"ufb30" 0.73600812595226 0.225432219774915 0.526334715250298 0.199193600637367 0.119187744209822 0.108713439584382
"ufb31" 0.705222156202548 0.200542929727464 0.694598647936785 0.184194598789338 0.0838873665227816 0.0460062068557529
"ufb32" 0.662483441399986 0.213132173947239 0.604159177707532 0.18416636748343 0.0849335320893706 0.0613991168457088
"ufb33" 0.675465960039804 0.223096139612148 0.177259115529429 0.18464853609531 0.113130805685806 0.159932728018051
"ufb34" 0.660408655124138 0.212150702477802 0.104047469526877 0.169224307991879 0.0855169695663609 0.158969894905517
"ufb35" 0.682540285117733 0.22226877857121 0.124264534112083 0.179905713446752 0.106316827930057 0.166971903927221
"ufb36" 0.636072019469709 0.201421842337368 0.05260284876397 0.16161255227036 0.0721127084626877 0.153634095171063
"ufb37" 0.68144032749906 0.217034516757639 0.455853950891165 0.189961578141792 0.110849662127465 0.0991158627413439
"ufb38" 0.619973144269922 0.196975848053967 0.0102543599333532 0.153407885945353 0.0468727452920583 0.154961000149396
"ufb39" 0.688525529872028 0.218713575781388 0.259408945962751 0.186906723092097 0.116832791034001 0.149819333198861
"ufb40" 0.643628185907047 0.197934631146646 0.145406386862868 0.153478024662694 0.0923128684085517 0.127001107050753
"ufb41" 0.623264530877063 0.195572896207613 0.0718401787998794 0.153563088610993 0.0793795302376557 0.145661156546134
"ufb42" 0.839295320064551 0.230011833539048 0.687377672276501 0.208444693220343 0.125679195642655 0.11398315038836
"ufb43" 0.779046425026679 0.223820292288451 0.489392561828113 0.195152425402424 0.136511629062483 0.139203174966177
"ufb44" 0.724195264698058 0.20199580621876 0.728985861796132 0.189215830463274 0.0885169524317125 0.0481153044454532
"ufb45" 0.777100479732406 0.221042959084175 0.666468965295355 0.203980948268296 0.129092668032278 0.103662765952333
"ufb46" 0.696137640184536 0.225378022177595 0.239508604413721 0.185018468887441 0.117550235060122 0.157158597518947
"ufb47" 0.696346838686374 0.221492123799531 0.238680256624669 0.190206549675787 0.123388342106516 0.158306961854434
"ufb48" 0.681727658377322 0.219675153022288 0.281225116760189 0.179877312622267 0.115446943550233 0.134606143268253
"ufb49" 0.719838207262076 0.23430115549257 0.268329147533129 0.197609910142233 0.12641922551187 0.150426664205136
"ufb50" 0.667362404724929 0.215243807201295 0.113826884071094 0.17702687566079 0.10891408571989 0.159447455423667
"ufb51" 0.666457976821515 0.177989075670484 0.522318493557077 0.15456932321768 0.100682115987826 0.0744269728911588
"ufb52" 0.658409458588267 0.211089889040706 0.114506009184324 0.170242830654157 0.0857740214303228 0.154997826723049
"ufb53" 0.613956435410136 0.192453796970248 0.157172113890704 0.155177171914608 0.0919719828510765 0.121108877093225
"ufb54" 0.550852051293211 0.156683938278511 0.0416994018545074 0.119267442699415 0.055108607812654 0.106137281461813
"ufb55" 0.658227848101266 0.216273378496626 0.31243802670965 0.180607519083117 0.102555215238021 0.11776014521685
"ufb56" 0.806751797483523 0.258147459348401 0.585516760836016 0.233972490314919 0.142307212925368 0.1454716939095
"ufb57" 0.70183299389002 0.211478625087058 0.411529624615036 0.183892338494546 0.105105074333031 0.112220538502765
"ufb58" 0.590678793647087 0.182269746094316 0.0311435107782639 0.140724363253347 0.0480365211441052 0.13784474287978
"ufb59" 0.713195112466485 0.223027717773949 0.508210056631917 0.194766426617145 0.118080073174192 0.10559445241804
"ufb60" 0.870351737726911 0.232527703349144 0.749985172397152 0.217130916682236 0.13621130725032 0.116878133896249
"ufb61" 0.562772393364174 0.160909017630307 0.0826823890085181 0.124827698277734 0.0610187900414727 0.10112456281012
"ufb62" 0.607576122760505 0.188438146341757 0.0622347583827567 0.14768469162214 0.0724330604696216 0.139822395118409
"ufb63" 0.623839092740256 0.198548807653302 0.207136657822309 0.161127425701724 0.098579838259322 0.120639479559006
"ufb64" 0.656927341961421 0.212361473157843 0.15534957403105 0.174479954087055 0.110187514772631 0.14843525045139
"ufb65" 0.696834603244808 0.21856679186734 0.270717314236959 0.179487568428919 0.114160789539397 0.14272163906543
"ufb66" 0.656702025072324 0.21373538311684 0.610439466489916 0.196002790758802 0.0874425840824142 0.0621186438622787
"ufb67" 0.70701461315033 0.226916293967451 0.260364796004818 0.187540054456346 0.114518924485137 0.158832341861193
"ufb68" 0.651486316617392 0.207067663376493 0.242980446439735 0.165343516714387 0.0954633037125421 0.120338368022088
"ufb69" 0.647622629648661 0.202647469352762 0.124922424146662 0.165604799780172 0.08994867185814 0.148825501737772
"ufb70" 0.658668336791013 0.201895411737396 0.216724659625659 0.154865793112275 0.101953055977692 0.131543292717301
"ufb71" 0.744330026503525 0.232871359665125 0.49990084273544 0.204285960094772 0.1393411953615 0.136444467139845
"ufb72" 0.722989698953925 0.185601513031015 0.631613644625546 0.167220349618279 0.0968600784889658 0.0625207243159105
"ufb73" 0.58330686971694 0.178919656274517 0.030753299432065 0.135770580388013 0.0650434566196926 0.131210258336504
"ufb74" 0.589736507761145 0.181562560200324 0.0307810865538655 0.138258019891445 0.0657778108952799 0.135250403608649
"ufb75" 0.773768986065684 0.226452131688493 0.56232234323433 0.20513266727396 0.137117753611957 0.129218352060253
"ufb76" 0.546484839851097 0.157017529692267 0.0417176327704539 0.117679241572585 0.0529923440216687 0.104680265473756
"ufb77" 0.581819604511564 0.171018642426644 0.167186516539549 0.139036130185393 0.0851713707921229 0.0977831941111306
"ufb78" 0.638211768525767 0.208882033013497 0.0310433702734161 0.162655104319191 0.0667240562689792 0.164145311853278
"ufb79" 0.803867808032818 0.217216190213263 0.676952973991625 0.200115154566825 0.124156164377088 0.0992593454234427
"ufb80" 0.7316359442083 0.221723510249765 0.510335732667786 0.1915522690382 0.110504386703701 0.104445868636245
"ufb81" 0.643771084337349 0.191231698106621 0.406334696830145 0.161632300812995 0.103412507100151 0.089570764041531
"ufb82" 0.635252199590213 0.187373424945981 0.270798647605111 0.151936618924846 0.098800299566598 0.0987829637971336
"ufb83" 0.586938497099238 0.184131237916701 0.0307435525069985 0.13686366485276 0.0669707358649473 0.136741091686089
"ufb84" 0.72834779649481 0.22783803593206 0.466979055351155 0.200132357754364 0.129500841276477 0.130224869421601
"ufb85" 0.601647985548662 0.186142027362832 0.155174134793382 0.148518724613577 0.0953058628227554 0.114375608727482
"ufb86" 0.787968398287505 0.222588479907727 0.614523405105154 0.199135421983201 0.117807129320436 0.105441179635477
"ufb87" 0.67342328120286 0.203107895859895 0.311019436533229 0.171826979529263 0.103481542956756 0.116065530804366
"ufb88" 0.65463709909433 0.189535413184689 0.395267817431186 0.160907303644581 0.103684298554196 0.0872641325553967
"ufb89" 0.575084200191392 0.181080529599078 0.333421473124053 0.144234593012155 0.0894868567749126 0.0781436092349294
"ufb90" 0.733725675888972 0.220415022278725 0.463131398649583 0.183726440439918 0.105349661122068 0.103005489889721
"ufb91" 0.774608885475199 0.240267529888085 0.529589933458284 0.213487533923411 0.136587831736555 0.124876083599503
"ufb92" 0.708175061932287 0.213398152992131 0.510335732667786 0.188394173838896 0.11139885971958 0.0948659723071832
"ufb93" 0.607882741978729 0.191133296866825 0.0308782218182572 0.150322954536633 0.0531046354822309 0.149319932227359
"ufb94" 0.659208841566143 0.195962092725932 0.500148276028484 0.172793937485797 0.0978642228314829 0.0748024909972018
"ufb95" 0.67042491452596 0.216569742877918 0.145040590884066 0.176647968913571 0.111868628152853 0.157366645457579
"ufb96" 0.628998542319263 0.196283430956802 0.0726145972842606 0.153361571016416 0.0728806541451752 0.144345958686845
"ufb97" 0.534337913068063 0.160606256339367 0.0100395210919165 0.122093124905803 0.0541312761889398 0.113102411331668
"ufb98" 0.650506995682046 0.202787216466226 0.205492639670739 0.162589097833367 0.102479679270852 0.132265526309834
"ufb99" 0.65115096884719 0.210538854699764 0.134806372869775 0.168672461304245 0.0979472407922438 0.154296479880222
"ufb100" 0.767593506317602 0.239056422610155 0.550977740303865 0.215260867215083 0.137117997784565 0.124044143046873
"ufb101" 0.7485668577523 0.208430663501999 0.739460835358918 0.19405670984015 0.0910814634594885 0.0557910061694876
"ufb102" 0.728047381944344 0.22470012484102 0.353978748411975 0.18933435336094 0.128310229620059 0.149450267416543
"ufb103" 0.52017245742611 0.152818878330108 0.0101006792126821 0.113468919248446 0.0519707487737995 0.10679884813981
"ufb104" 0.695048380246737 0.219409100026812 0.239513885282686 0.178419605258235 0.113885784672183 0.143645700841714
"ufb105" 0.612268194806231 0.189578340315177 0.0102543599333532 0.14881038770761 0.0436481506594228 0.147176449054855
"ufb106" 0.584084360247686 0.210756738123445 0.526280285043048 0.188202062594805 0.0821756991567732 0.0570066093158082
"ufb107" 0.725046641791045 0.193262883691266 0.593614698124009 0.168596012757579 0.104466430565734 0.0716965410754897
"ufb108" 0.627837662056107 0.201998251626679 0.0103596593692259 0.160004408413132 0.0521463676538311 0.160250654966458
"ufb109" 0.700221456172524 0.218786411441834 0.176929879380302 0.174042313210574 0.100136294858255 0.155448725103646
"ufb110" 0.804943348540341 0.224372868689604 0.64573818954839 0.202636358124642 0.12362689224898 0.107494456030967
"ufb111" 0.727788731145237 0.222312630361912 0.395699114645866 0.191022731685584 0.124309384411207 0.13753115161038
"ufb112" 0.753863016053814 0.206725208560909 0.666528275706749 0.189648288502684 0.115034097342797 0.0871874891043052
"ufb113" 0.800627960902222 0.228685687047161 0.614450435055138 0.209351775408779 0.136333305119622 0.131732661898933
"ufb114" 0.803555905682929 0.241892546139633 0.541452519996775 0.22120955130632 0.14798653614513 0.159245619495124
"ufb115" 0.83123813541447 0.229070030300496 0.697802370561377 0.209746255043371 0.130439237433827 0.112899427839466
"ufb116" 0.648937266786237 0.20200728047593 0.135207837082243 0.156965998743166 0.0925579711238795 0.137080429451207
"ufb117" 0.672760143384072 0.213355390410082 0.115622437609152 0.169063058323034 0.0872786934884039 0.15742440682906
"ufb118" 0.638903791130186 0.20817592730531 0.0622851859456726 0.160608768482996 0.0739532809926399 0.159108016776186
"ufb119" 0.567904812148142 0.167482295064869 0.0930743732746955 0.132464960296117 0.0658602817923842 0.104419536126801
"ufb120" 0.672954979126913 0.22053375236639 0.186059891447349 0.180145868189283 0.115577068160229 0.157175357179526
"ufb121" 0.720071619600199 0.220550749754341 0.389451887351627 0.181111324970304 0.112261855740609 0.122617417706494
"ufb122" 0.705769601478135 0.217284037522654 0.27062409235842 0.181776133038941 0.119318532695958 0.148351791652932
