"quartet" "wQuartet" "cluster" "phylo" "mutual" "shared" "clusterNorm"
"mb49" 0.755555555555556 0.85107971207678 0.225093884345689 0.755341835603566 0.193433531543341 0.0955042087005783 0.103151646094113
"mb50" 0.731702472214504 0.75682489291425 0.225171569324857 0.429066144148868 0.181956049888477 0.101445868540936 0.14245167946035
"mb51" 0.797787704045651 0.803758211073219 0.197471394349746 0.708103106475719 0.172018260667663 0.10860294366251 0.0969811333257391
"mb52" 0.8043456245026 0.856590736077765 0.256844525435253 0.644004904213592 0.214687061800333 0.13520828944108 0.163409717904139
"mb53" 0.844444444444444 0.902051850824899 0.209389684585299 0.844273568127653 0.185827188325601 0.0910366696773311 0.0849761724206051
"mb54" 0.774303291526544 0.797350438264753 0.225266697020426 0.40846124681787 0.175585904252905 0.116025174540762 0.169369618486375
"mb55" 0.777777777777778 0.802380525151026 0.221419764910324 0.777643268702584 0.195513957296904 0.0960616123197499 0.0988993529438931
"mb56" 0.814719943812935 0.846152051422639 0.219434172463324 0.64108604740283 0.183257112036502 0.129248057290988 0.136382114086586
"mb57" 0.814193770238892 0.843886612762206 0.229476149862038 0.597196972978592 0.190489343671788 0.134661822437701 0.157276781556719
"mb58" 0.85613534578265 0.859785084678617 0.207380946448034 0.721869769634686 0.172595308131051 0.109806417276412 0.108287649155114
"mb59" 0.758746354107087 0.805578737567623 0.227583954135291 0.544152905659439 0.186748733424524 0.128581497096919 0.145652236333341
"mb60" 0.68642434083503 0.733780367664826 0.221822212453932 0.187880863503823 0.159489790478262 0.0817304975234335 0.184077880757182
"mb61" 0.777777777777778 0.859537268305508 0.223878081627777 0.633863398568505 0.19415729784636 0.0927274179031925 0.101744519934948
"mb62" 0.856713776267316 0.866101368279052 0.245729762172377 0.742964756861637 0.216388580452742 0.136183602458877 0.151154933780647
"mb63" 0.761363636363636 0.818001905739207 0.208970353669263 0.761178349362611 0.180521676809405 0.0851456193163421 0.0829276629192823
"mb64" 0.932584269662921 0.94442409335915 0.248633661869535 0.932513120986307 0.229604813794059 0.11605505201678 0.130325175507889
"mb65" 0.831460674157303 0.820359281437126 0.158645513289714 0.831282802465769 0.138412351404507 0.0661813142300258 0.02558268236722
"mb66" 0.744901524754589 0.738154734467115 0.197339808595652 0.583890887949843 0.160007231285888 0.0972447539588441 0.0967848578517913
"mb67" 0.690303999301733 0.740175581850422 0.228144510447764 0.209885111732516 0.166829279121333 0.0878332980501575 0.189780114670746
"mb68" 0.663193579074096 0.668165923373201 0.168255782759664 0.288922853808271 0.131057794329754 0.0791933562489523 0.0980666558015004
"mb69" 0.786516853932584 0.802597832381898 0.184635585784486 0.786346963107596 0.159901679738076 0.0777684317221179 0.0563819741884857
"mb70" 0.688207436970996 0.73856693606036 0.225766684388793 0.198739889354446 0.165153137605074 0.078398335900284 0.187697285579402
"mb71" 0.797752808988764 0.829240700073202 0.19619874204334 0.795303733817355 0.172435849860731 0.083769254441379 0.0694879681945823
"mb72" 0.715168084152377 0.722802170634626 0.205314530365964 0.320616531869837 0.158438652881671 0.0929134196833765 0.148016491388811
"mb73" 0.716133071667721 0.718132956959354 0.197417743316661 0.369135469311151 0.155264926084552 0.0983644740256981 0.11200119607204
"mb74" 0.808988764044944 0.888289399311443 0.255971345509633 0.806689941400213 0.226982958630468 0.110377974463326 0.138112221392376
"mb75" 0.820550597824819 0.834703811496766 0.214117656339841 0.652222550399696 0.179378810537212 0.126275291641977 0.130434531438901
"mb76" 0.729164751987864 0.707674476846109 0.196107409682928 0.375773043381749 0.146282461979699 0.094806722872449 0.128142198139617
"mb77" 0.644416477551038 0.67218910618589 0.174807054011132 0.177607116704475 0.127210338390223 0.0744038047090789 0.126443605096906
"mb78" 0.801933131226905 0.768319713206383 0.182429310336414 0.588406661026121 0.144172142167746 0.0986765646414346 0.106007609011273
"mb79" 0.866666666666667 0.885430850029177 0.159767884131387 0.866575001226671 0.140205602588117 0.0663863397294334 0.027545692578076
"mb80" 0.675083850509281 0.679193002956747 0.177352166630489 0.338898050409847 0.140432240710292 0.0925349714527672 0.100424285256203
"mb81" 0.716636676855931 0.733816343586626 0.20478068620236 0.332209863203029 0.15238400851235 0.092568387653488 0.156203490392389
"mb82" 0.644118678844439 0.667667128243258 0.172891474198046 0.199877784686755 0.12767966725862 0.0772148944321259 0.122389731282217
"mb83" 0.815607846367722 0.840950252851935 0.207005728525222 0.695562015672395 0.175034578012999 0.111968297408423 0.107435994297166
"mb84" 0.834561749647431 0.845127488648271 0.209865211351411 0.73718620711296 0.181698655089899 0.117306583605282 0.110712707220913
"mb85" 0.772727272727273 0.831150834892261 0.203288063534726 0.770032860676177 0.174349737991906 0.0848156116161285 0.0764380139979804
"mb86" 0.761803943575154 0.785241394846294 0.214364262158054 0.413481767620873 0.166960735167997 0.111733796683994 0.153359491229759
"mb87" 0.627127191586633 0.667795995896878 0.172957831492181 0.155430361236539 0.123060802227764 0.0705845865833288 0.127581659359206
"mb88" 0.695575815251322 0.671955026356125 0.178488059568605 0.287974132077778 0.129482649733659 0.0700730342323862 0.114763608234691
"mb89" 0.648440544727137 0.702261451539549 0.20736268025244 0.166254295096534 0.149268143025533 0.0899798505842828 0.168915462841528
"mb90" 0.687403792252436 0.734824803942928 0.222011836474639 0.187892364231922 0.160760508593153 0.0756558720388383 0.18406454832008
"mb91" 0.641747232533991 0.689131722188178 0.199971949099805 0.166248329032397 0.14203755873928 0.0811013397368669 0.160943219989477
"mb92" 0.811111111111111 0.823506718960972 0.197857205638831 0.808898002763116 0.178577281172208 0.0861649742807637 0.0716288977628741
"mb93" 0.684703025882612 0.733319731622013 0.22087157282968 0.187892364231922 0.160187302048794 0.0750712348694808 0.18286866697406
"mb94" 0.733744065999494 0.781077979420747 0.212731523630675 0.555244815044348 0.173689168785258 0.107004924610111 0.11430715592388
"mb95" 0.777777777777778 0.839160076356695 0.2128348174734 0.777698068676981 0.185687869088616 0.0901306248797669 0.0889634448104631
"mb96" 0.774944463983163 0.817814149546197 0.219306121169649 0.621932774424811 0.182973008733315 0.113740538767339 0.121703710171556
"mb97" 0.786516853932584 0.821809425524596 0.196264138664449 0.786346963107596 0.173075684392176 0.0824948394725926 0.0691395616953226
"mb98" 0.831460674157303 0.875018665073914 0.192907976664474 0.831338215783391 0.167290925837708 0.0828504360846579 0.065252565257057
"mb99" 0.877777777777778 0.799042043640234 0.138364699332691 0.877698317788981 0.123728680128882 0.0600744989884925 0.00277441942991457
"mb100" 0.68831687683233 0.663087282777031 0.187123482962296 0.317984732194511 0.142406711522677 0.0646198318964831 0.110759900757986
"mb101" 0.81758018869621 0.835293685602166 0.230170933981847 0.536802785073213 0.188725777519155 0.131430266384374 0.165122084427584
"mb102" 0.62610412358308 0.655729536222499 0.176867248248209 0.121070713712324 0.123436597627994 0.0637521594017136 0.135959421360467
"mb103" 0.698178783354789 0.669966227486895 0.180374825182144 0.331406476401592 0.131965114153862 0.0776653074762534 0.116796729728895
"mb104" 0.784090909090909 0.839247541684481 0.194025505956426 0.781536885198855 0.166823188572953 0.0807768504455424 0.0650320435685252
"mb105" 0.772361600659697 0.728904424054539 0.17191533224692 0.488198485911472 0.128640117327496 0.0833260888764162 0.102063339340686
"mb106" 0.634970017363581 0.693341138862204 0.200898940900855 0.155387335870984 0.145403676573286 0.0818595775647779 0.161915434344723
"mb107" 0.61718622166316 0.664490317315284 0.171262162882605 0.144293333656069 0.12136849405684 0.0708661264961602 0.126997194054969
"mb108" 0.675640023504543 0.713643993529022 0.209224223002178 0.176931921344178 0.148381930715863 0.0706652910554028 0.170995315704522
"mb109" 0.666567664035841 0.716482473080248 0.210098435363811 0.176931921344178 0.150518172249362 0.0745545916877234 0.171911790594047
"mb110" 0.672073995431502 0.64556696975273 0.169272161563035 0.276240713378105 0.121253976390159 0.067340711631862 0.113030928221512
"mb111" 0.819759088653453 0.83610710799126 0.205673748593111 0.682185559903064 0.170410147838768 0.109381678010674 0.105866050436424
"mb112" 0.680422818528716 0.665249716327671 0.188013270331582 0.320234195550895 0.144958724741902 0.0735796420974274 0.111733276900591
"mb113" 0.781845423329731 0.747844318450272 0.167921407999881 0.649645013082853 0.134746395580724 0.0797880043095251 0.0633125033173192
"tnt1" 0.703194881717232 0.724031143262091 0.210917481494021 0.275480598286222 0.154537053267839 0.0932051778854031 0.164671737893717
"tnt2" 0.701234664624705 0.728800119831095 0.215314667069731 0.197939918717844 0.155349153715731 0.0781108336311049 0.174326543832519
"ufb1" 0.715072688871498 0.739902080783354 0.202887918616642 0.366226552079161 0.158208451078241 0.0932722308696339 0.12837856771121
"ufb2" 0.712089053463109 0.71556862274491 0.197192688532559 0.332800445650843 0.152298423541174 0.0837736793710263 0.12947293376659
"ufb3" 0.702485220362689 0.712058944741231 0.194918195566184 0.309901541709274 0.150830527635707 0.0838358684984554 0.132545517364799
"ufb4" 0.632133151184868 0.651615205922158 0.175197170048576 0.142979461747833 0.122202150060783 0.0563787297009272 0.133641825019966
"ufb5" 0.820224719101124 0.764832407241441 0.149141304502255 0.820100598020586 0.130477301847637 0.0617139745570141 0.0138804883584716
"ufb6" 0.737756859514092 0.664954323293841 0.171773711067428 0.419753565272553 0.129823795613536 0.076589690133243 0.101847802816237
"ufb7" 0.689011704414526 0.624408333828452 0.155770283963904 0.365635684982305 0.116265141283368 0.0697337071833245 0.0903582261641145
"ufb8" 0.686094257460868 0.633801336338013 0.155509981051195 0.344299027012401 0.113149969337938 0.0638273400978749 0.0984354350991848
"ufb9" 0.808988764044944 0.83821283095723 0.193222929482187 0.808853422260787 0.170149137444893 0.0826466973372798 0.0649697593826642
"ufb10" 0.692097633790484 0.734654990954304 0.195161752907978 0.363203049407693 0.15574882880873 0.0851902732021733 0.119859283578757
"ufb11" 0.597605617210101 0.581737589162655 0.150986368531436 0.165377603715084 0.105281620337306 0.0533930408723422 0.106621278908368
"ufb12" 0.60607274946321 0.608770431989151 0.158097177826582 0.231173267747077 0.112033599991606 0.0705869706192374 0.108698841696855
"ufb13" 0.616576082152339 0.602905316241558 0.159152625684332 0.242422388272664 0.113827672079257 0.0708642044036897 0.105315194247454
"ufb14" 0.656091196178028 0.650091889455252 0.157428065001567 0.342773583451819 0.119016771092828 0.062891283035217 0.092169903309634
"ufb15" 0.761363636363636 0.832671776621955 0.201625897006724 0.758642187283224 0.174815649072327 0.0843849998778354 0.0740558442511897
"ufb16" 0.814020954144181 0.785969694305226 0.185445267226684 0.610702206382992 0.15112637946859 0.0956154471726302 0.0990438144641191
"ufb17" 0.751516526543294 0.70879294043492 0.191455546514888 0.475020680150701 0.151827277521363 0.0950613614812879 0.115592036363771
"ufb18" 0.625 0.504872712808274 0.146522773628359 0.624788892635273 0.118959057628742 0.0494611971562403 0.0112022512481187
"ufb19" 0.644444444444444 0.453078002807299 0.124793698748306 0.644218269929255 0.0980516155246913 0.0433734108169233 -0.0129321665539683
"ufb20" 0.634491934995728 0.698864884445969 0.205086144251843 0.16943057526539 0.14906621758985 0.0827097400582655 0.166655340541771
"ufb21" 0.625928641815873 0.683005511807082 0.195790889749046 0.169394638375761 0.14035090212322 0.0735585926027853 0.156780245962131
"ufb22" 0.60595000290593 0.653937639593295 0.179590302131011 0.187322617407357 0.126075998267998 0.0695622655484235 0.138809910345952
"ufb23" 0.61450114426275 0.663127348878171 0.184121635149899 0.209612230379917 0.12935551656516 0.0799711667514273 0.142329968256889
"ufb24" 0.69174311087953 0.707515688185017 0.18754155238303 0.343435401507347 0.14713023581109 0.0833469761174142 0.118952853141132
"ufb25" 0.645475801644301 0.655212727631931 0.176977153357489 0.15401678562181 0.124055222762781 0.057452874305317 0.136074788503878
"ufb26" 0.624439488074487 0.672490412402988 0.188751830456003 0.220725565626293 0.132532771685889 0.0822666736615666 0.148432554394462
"ufb27" 0.622944973951478 0.664447291034929 0.185896381991256 0.214397541694821 0.129854679949897 0.0813692517080924 0.144877557104447
"ufb28" 0.616610849214787 0.647060835987226 0.177348194883974 0.209687030241449 0.126430442239504 0.0791687985516908 0.133407754585118
"ufb29" 0.697809504896333 0.666847560644706 0.168947301480113 0.539493145143831 0.133767567450201 0.0746535246820849 0.0646383086664429
"ufb30" 0.71753114913868 0.714722403252335 0.201065829287974 0.321320876832164 0.153804349310325 0.090058661927041 0.139132390417703
"ufb31" 0.673945042591219 0.667217528548881 0.170226174436356 0.415019611011693 0.1329665099741 0.0779459270979793 0.0925974422735813
"ufb32" 0.695253356894923 0.660289264769663 0.177461903436219 0.31972196320391 0.12965434179932 0.0750406462825271 0.118092608217333
"ufb33" 0.700905096083911 0.703014053644045 0.188263600455383 0.344390689099633 0.147057337871918 0.0853113329918529 0.119686736929238
"ufb34" 0.671222957857876 0.708684770350788 0.20552548692494 0.265363215830719 0.151996956291119 0.0914234177859123 0.163095643061027
"ufb35" 0.785128492355071 0.760114881632881 0.1761144085879 0.653539073177623 0.145174907431367 0.0878983377324692 0.0728049730278722
"ufb36" 0.685833138688177 0.732207278095018 0.220435452112378 0.187898306050358 0.159623450516382 0.0619554807722839 0.182103914224774
"ufb37" 0.649634884893763 0.598741933513833 0.160077668631848 0.284921961578802 0.113151142892827 0.0693814550458173 0.0947505199246767
"ufb38" 0.734428490863121 0.685774339762929 0.162702662402948 0.488309155302682 0.130234180098177 0.0655498052871814 0.0737822290121648
"ufb39" 0.775280898876405 0.830928108036542 0.196518305720442 0.772678587374158 0.168666304852699 0.0813962979801998 0.0694465052509542
"ufb40" 0.807771050023017 0.808092257651175 0.198399662664939 0.677998160409361 0.168274037384128 0.103845759696751 0.0980227962152271
"ufb41" 0.646659573265867 0.684544600203618 0.192714584542091 0.16523946879495 0.134255553596821 0.0645565315311078 0.153687178066351
"ufb42" 0.685144092954647 0.677417260582278 0.178512778352876 0.332687069818426 0.139859697815775 0.0655737570548106 0.101724982644386
"ufb43" 0.696818517137232 0.685143709342043 0.187077496848371 0.253781132286285 0.140904675028741 0.0685601879844213 0.132092740335323
"ufb44" 0.667800273831781 0.665324783379697 0.188659405256126 0.287682440433688 0.142360096324573 0.073603344151271 0.112282868063837
"ufb45" 0.668097060310207 0.627243480661919 0.171802304085174 0.284134729466753 0.124707131971045 0.0706410188073911 0.101546632716311
"ufb46" 0.630273120220745 0.682284990407695 0.195606440117056 0.199016724901008 0.139605352061263 0.0794792703378869 0.156045330717995
"ufb47" 0.813979194090629 0.818990890523193 0.211432084873219 0.547451995999209 0.173322802001911 0.105460258298489 0.137570926620364
"ufb48" 0.789767312182674 0.806552341950346 0.195739985601254 0.68002449417415 0.165356220738189 0.10153701360023 0.0946519499135604
"ufb49" 0.7 0.553662337662338 0.128253122803142 0.699780052766411 0.101853400719444 0.0459259912255441 -0.00892835408383137
"ufb50" 0.74496449032524 0.77511707858477 0.215802018079464 0.36937882643072 0.167964796851174 0.108684200801108 0.162694320739651
"ufb51" 0.693181818181818 0.803246910588805 0.229575170642351 0.693001216420253 0.196274077402806 0.0923597077628712 0.10638038544417
"ufb52" 0.793178148666645 0.698135157048683 0.143692883565365 0.664717283638125 0.116282209936225 0.0691381268686354 0.0362294925070556
"ufb53" 0.656799236651762 0.628485977242758 0.161281170999177 0.265141842143054 0.114916074632199 0.0633518187117739 0.107528084147805
"ufb54" 0.784936964120562 0.771856252548197 0.178580652238919 0.593823724567026 0.142870267846815 0.094043306190755 0.0912924908122882
"ufb55" 0.80436812813238 0.840505708169818 0.206183931882052 0.689612284984456 0.175363559016732 0.113681912607242 0.106813997149256
"ufb56" 0.717980966430724 0.72111766432708 0.198275624108786 0.533805601795058 0.157874865329408 0.0909454825810442 0.0978397951350077
"ufb57" 0.811485879420002 0.74730488783449 0.145832263611616 0.710807856327286 0.119944937896021 0.0719076383949172 0.039044145081476
"ufb58" 0.672576925091182 0.639631822816967 0.170540519117676 0.292555855389575 0.124726231329901 0.0622331445473397 0.0927395293807408
"ufb59" 0.740121813237649 0.747574921020086 0.19132531476294 0.41960359893026 0.148132573082691 0.0930960273509887 0.122869398649526
"ufb60" 0.647727272727273 0.509298393913779 0.146634993496814 0.647427067846798 0.118294943400075 0.0512624495121375 0.0113322638013128
"ufb61" 0.636545999340877 0.66508012686754 0.178705002762511 0.154377475494793 0.12523398892576 0.0597004905014462 0.138643363821428
"ufb62" 0.626333824767085 0.651268244841445 0.171073093403152 0.135058972360158 0.12047999049184 0.0571433657577875 0.128624922748522
"ufb63" 0.639567298995994 0.649627642186959 0.154050105571181 0.320769948093601 0.116529886505642 0.0659790922926917 0.0968914415503333
"ufb64" 0.673732387566496 0.640019267731744 0.168937153979659 0.243575508884696 0.127020638178161 0.0610769036508911 0.115718352388078
"ufb65" 0.66601762301967 0.61891391286045 0.16228804348759 0.232404251623353 0.119987085447222 0.0572688212209799 0.111101959420489
"ufb66" 0.758620689655172 0.824138802324602 0.186871742634073 0.75844415762104 0.157171202064326 0.074387682063021 0.0565705685986416
"ufb67" 0.649908081988224 0.661630536753118 0.171300964203669 0.298660778716845 0.127415507462112 0.0765596943308553 0.118279522117707
"ufb68" 0.632836685909926 0.640164118219713 0.171833318879193 0.15409194297618 0.121020655794237 0.0610018918986303 0.12858567503158
"ufb69" 0.691924538571418 0.7123958496694 0.190718754165094 0.329108823530506 0.147551177498778 0.0824977363880541 0.122398278040452
"ufb70" 0.685962931767543 0.68144033353592 0.189177913291542 0.243212783777855 0.136873899996908 0.0746815519318727 0.13961038783377
"ufb71" 0.722222222222222 0.74971632355325 0.170549517622734 0.718804670776281 0.142906566132773 0.0667098883693303 0.040023965821496
"ufb72" 0.623822500826037 0.639620814897115 0.170101779714894 0.154123896203932 0.119509063143153 0.0568514113571129 0.127606459941319
"ufb73" 0.62533592682061 0.665225991931165 0.18548941543158 0.199136530248922 0.134737256300331 0.0784974770500844 0.145008360931205
"ufb74" 0.745279188753269 0.682603533766324 0.165252879488949 0.488380122171531 0.13211751475601 0.0683350225292855 0.076603277496219
"ufb75" 0.652695069182717 0.67310863098937 0.190619105633194 0.176651156837537 0.132983594692786 0.0691349008477051 0.151360198429418
"ufb76" 0.641002042002689 0.649187485031586 0.155621853041157 0.342962958359237 0.119390022130071 0.067349675904836 0.094818932973924
"ufb77" 0.668578232395923 0.633976641018735 0.170460500225222 0.230599327835527 0.119024296120873 0.0717603905643344 0.114299646150736
"ufb78" 0.686385022350459 0.729465318931736 0.218861198092883 0.187892364231922 0.156477816386441 0.061287122813235 0.180760233843816
"ufb79" 0.630963239189197 0.62917712083197 0.167608745348434 0.154047719361728 0.117925120122086 0.056265996431858 0.123136181810557
"ufb80" 0.658255292805126 0.617258711391218 0.166907783852804 0.275747219643558 0.124682354595693 0.0616676568545003 0.0963503670538675
"ufb81" 0.615040641691072 0.589861469820635 0.15518027626644 0.176402150379523 0.107347496521547 0.0552345682976257 0.108770432596021
"ufb82" 0.643572842342173 0.693820828225421 0.202974656355903 0.199020489668116 0.146519384809623 0.0806656638825657 0.164442818383677
"ufb83" 0.772727272727273 0.820256204963971 0.186439105190955 0.772609518060011 0.159757512074548 0.0762263495744696 0.0567589798967369
"ufb84" 0.83558155365534 0.848891638867965 0.197577241594998 0.712453932435256 0.16774716721309 0.105035908661577 0.0967201319711861
"ufb85" 0.8 0.834088583540418 0.18462551728455 0.799780301878411 0.161078131002283 0.076074526835067 0.0563150195004568
"ufb86" 0.761363636363636 0.756773655689871 0.180210741580436 0.76123438990843 0.156819492396567 0.0755819860627822 0.0496582540106504
"ufb87" 0.656366175554669 0.68721283579675 0.197209440831416 0.187566538608334 0.138362540025973 0.0746346257288854 0.158399143955664
"ufb88" 0.767609445592546 0.741008580383291 0.197511724749138 0.4535368783338 0.160711584325317 0.083499288087612 0.112202179584996
"ufb89" 0.701174424182505 0.68986672500866 0.180381609982233 0.332104172801634 0.132744095891363 0.0798226077922747 0.116766360118864
"ufb90" 0.70491614981288 0.714295667047846 0.192579338643618 0.325150382098879 0.142735555278031 0.0888964947890487 0.140858360243008
"ufb91" 0.757915154149358 0.719770545805645 0.171184102779434 0.527698825570801 0.135044055955683 0.0822248279975683 0.0833181979783877
"ufb92" 0.753421234140187 0.722211788694229 0.172853723604005 0.493951224886902 0.132786203180041 0.0883495858547567 0.103106624605338
"ufb93" 0.679164531020802 0.708649579345932 0.199050847222989 0.232055828607074 0.145130538253382 0.0825814479447775 0.156248108649589
"ufb94" 0.764002234846201 0.739280458720252 0.200780377089613 0.481120209332828 0.164706581866796 0.0902772999876242 0.115585376609683
"ufb95" 0.680470371216194 0.650201797136765 0.168498033322884 0.268787470764208 0.12167989370337 0.0638570246411459 0.10854570625931
"ufb96" 0.61823972711993 0.662048042987903 0.169336364036998 0.223486869139243 0.121158214372977 0.0679381519059007 0.122328133628547
"ufb97" 0.8 0.831195575429513 0.209500097741616 0.797594776276545 0.186529657700648 0.0912105411851767 0.0851039606203529
"ufb98" 0.842696629213483 0.840799937012834 0.171982171013243 0.84258602895234 0.154316019876063 0.0730472331981297 0.0404678555791973
"ufb99" 0.721496549804543 0.729956742087088 0.197874260857944 0.342923497225689 0.147181671794967 0.0912757872581068 0.143602558464375
"ufb100" 0.744253581243342 0.607127598974651 0.128300639731574 0.621932774424811 0.0992474081974703 0.0611555198143228 0.0193207161856612
"ufb101" 0.785249227467734 0.809716301030219 0.22246556353954 0.44605135846192 0.17609725107467 0.122728574426487 0.162180501182973
"ufb102" 0.632980540555058 0.660775635087217 0.171376221001076 0.242869416800745 0.12076918339073 0.0716801094080663 0.127117344303946
"ufb103" 0.708388100991106 0.729546849712596 0.196844655451211 0.370240845617321 0.157458902122605 0.0806459698141542 0.121770415835241
"ufb104" 0.727868055485277 0.679397667020148 0.162725866104828 0.420799061915669 0.121547473575892 0.0809001722126848 0.102394462217592
"ufb105" 0.623851034190617 0.657594295814734 0.182756061506512 0.199147406959843 0.131242178861487 0.0761208611750618 0.141579539925959
"ufb106" 0.622046852789925 0.587153781036401 0.159899537331021 0.154307527066299 0.111466114549545 0.0572039884429379 0.108505496278824
"ufb107" 0.630375978083699 0.661846232761852 0.169190714981837 0.254227220482132 0.121149957164422 0.0712661979009731 0.122197380351231
"ufb108" 0.715909090909091 0.753341892606299 0.18768743178221 0.712479406515998 0.159674040275839 0.074625845831099 0.0582062874736751
"ufb109" 0.632853963778041 0.660962367322145 0.184418824443173 0.209949337865406 0.131732134060965 0.077414814898381 0.143884561730442
"ufb110" 0.808988764044944 0.799614002395847 0.183995684226713 0.806678861968936 0.162938399074879 0.0786903147445119 0.054288967590287
"ufb111" 0.67553958576276 0.610260819719117 0.160644176115332 0.411981062436634 0.123857582658153 0.0667350093629509 0.0714821398122928
"ufb112" 0.684344303799721 0.649457802048592 0.16990366596127 0.287510898464327 0.123526334063745 0.0689792526867144 0.110009662712343
"ufb113" 0.67296029404365 0.698268019528805 0.192747770053103 0.198589565618024 0.140030880328469 0.0568713070004327 0.150582780534757
"ufb114" 0.617523279854681 0.586050893045278 0.159322713528045 0.154345814366225 0.109534865373489 0.0602513408553818 0.109969353056804
"ufb115" 0.621755680221214 0.598087684675795 0.161529060294432 0.176402150379523 0.110249009501248 0.0630540938857365 0.11546798461079
"ufb116" 0.615950416812645 0.598286037800234 0.158905377405883 0.176445709227189 0.10902326932471 0.0586786336769657 0.113916627072802
"ufb117" 0.708876093824562 0.727759767957686 0.196558996912371 0.363124042861426 0.155905099947941 0.0838261782048631 0.121458055615662
"ufb118" 0.630038830183062 0.668917264612058 0.171591630972597 0.234766646779641 0.12346761858073 0.0709051540868529 0.124734100130667
"ufb119" 0.633333333333333 0.707197679337644 0.196443135634345 0.633149753341342 0.162805455902379 0.0746933327977668 0.0699923042062975
"ufb120" 0.639898616657091 0.675261402814673 0.190153168536495 0.176587702351674 0.133051775502192 0.0731422328980904 0.15087166111894
"ufb121" 0.697532957032159 0.695585816746924 0.187902051354828 0.287695467230953 0.139029600950573 0.0650261278958364 0.140304103009454
"ufb122" 0.680484233242518 0.647162049966035 0.171404264689395 0.232415728114669 0.127941105735594 0.0583042578409248 0.118343449555751
"ufb123" 0.701562349220223 0.663539916721684 0.174085567406272 0.386426398190341 0.133144157391881 0.0823894174379544 0.104208646667338
"ufb124" 0.689542951173765 0.639994378864531 0.160603428299499 0.522078557416335 0.123621571549333 0.0654476163664447 0.0551724386573016
"ufb125" 0.804267647361915 0.822585904945951 0.208370212407608 0.618636132078853 0.174794940502508 0.117238745827199 0.124140950745754
"ufb126" 0.788276889909183 0.752680054356032 0.20223399437457 0.514974194927912 0.169030465105958 0.0935858242732433 0.11742645613852
"ufb127" 0.692976018329086 0.691732477009602 0.193484056676853 0.256961178743114 0.143620595851742 0.0737928132010851 0.141837165982969
"ufb128" 0.657672841768964 0.698502977738782 0.20030079614054 0.1660070989064 0.141580902091643 0.0681591383121402 0.161682319881548
"ufb129" 0.722222222222222 0.580862250262881 0.132816888944318 0.722081485865429 0.107676193838044 0.049052522988172 -0.00364641596430954
"ufb130" 0.678977862010325 0.637241638864025 0.163641111270208 0.364466807843359 0.123969229021786 0.0814980207217533 0.0987328455187501
"ufb131" 0.64749071292529 0.662637274365124 0.170616380746536 0.27642843552475 0.124525846204598 0.073907223805553 0.11997572476064
"ufb132" 0.712626100073022 0.672809476693052 0.164434056242948 0.471379634938951 0.134354525108125 0.0702345644151091 0.0754542058548741
"ufb133" 0.719327600386856 0.642182650200204 0.154572649405889 0.453772495029694 0.12194000084875 0.0673414430618374 0.0753046199874403
"ufb134" 0.673804723712996 0.649321967351746 0.170425515897302 0.265715153383702 0.122684616803192 0.0712310564742356 0.110612162727167
"ufb135" 0.66253247915204 0.639952678540149 0.167679853623304 0.265141842143054 0.120578476765691 0.0727127581945946 0.114336855267547
"ufb136" 0.714280361875236 0.714934993389158 0.191964874173277 0.511116509734245 0.150677718070231 0.0859994889272553 0.0906802838209309
"ufb137" 0.707802583065494 0.686209629848105 0.18386925156476 0.343195500868807 0.136414844629557 0.0894427500480846 0.120506647861386
"ufb138" 0.687861010641043 0.6395073773736 0.159052402137576 0.401279693455373 0.121757123551343 0.0678044803302629 0.0802082103050148
"ufb139" 0.795433197837325 0.799864724496944 0.194230013637404 0.659470681933662 0.161993283572602 0.10143561528411 0.0929844014721832
"ufb140" 0.818623069721692 0.833534073663672 0.21136117495508 0.626748125751724 0.173178480478274 0.119132319896714 0.127404003814051
"ufb141" 0.788888888888889 0.806943914536436 0.180577237270366 0.7886569853161 0.158008099136396 0.0742924706468573 0.0516296864084528
"ufb142" 0.682092767751684 0.66174002839809 0.181050766959555 0.37675518071444 0.145517643358851 0.0626002201223744 0.0940335481228519
"ufb143" 0.631439968656986 0.692922987019683 0.201763085773009 0.158299633887959 0.146841234070008 0.0720252814491737 0.163215167315275
"ufb144" 0.734985244026512 0.760215476564958 0.198140550492132 0.473923830009198 0.161788118390295 0.0997371476516463 0.122963529817269
"ufb145" 0.736593597739436 0.732193309367545 0.196584410563331 0.398222706895572 0.15198518861292 0.0916184854706585 0.128650402990416
"ufb146" 0.799828947555121 0.775733222620919 0.182946609409389 0.588448555213015 0.146906515284612 0.0897975971029914 0.0962801190051723
"ufb147" 0.723510499299713 0.630621063424637 0.134585297669772 0.553901879595954 0.106357551578141 0.0694040155661724 0.0425378706701154
"ufb148" 0.651011969320606 0.62891750773343 0.161817303098189 0.254024352284861 0.115719603096318 0.0675170664933043 0.11056515276901
"ufb149" 0.785540421717602 0.804986213047285 0.223262720588085 0.457363906904112 0.177056386395189 0.116877107694219 0.162963220600476
"ufb150" 0.70683715511206 0.729474394009298 0.192652697942722 0.370240845617321 0.152173721649081 0.0791793613658511 0.117045983356572
"ufb151" 0.776183703878818 0.731013638039071 0.172538807789119 0.543941252873061 0.13596218110254 0.0793708736493946 0.0847683410112167
"ufb152" 0.688888888888889 0.519625603864734 0.130013367265867 0.688711536178497 0.105551869724583 0.0465568682218673 -0.00689111071076292
"ufb153" 0.667999045673489 0.61060147101751 0.170129667334434 0.230652044256983 0.12075812879665 0.0617489353817363 0.105616310877721
"ufb154" 0.696735501623388 0.669580443811997 0.180880573575359 0.301316508607621 0.132411269464617 0.0691416137456564 0.117259570872495
"ufb155" 0.751379085777297 0.724954980570562 0.184337335936196 0.453772495029694 0.145523967695475 0.0835398905926985 0.107866217465656
"ufb156" 0.728670942474165 0.652631377940727 0.154306573387524 0.46608608482685 0.119362081431515 0.0662452536623395 0.0751763257686978
"ufb157" 0.617397365747203 0.626695948832086 0.165761364841505 0.231691956561683 0.115371709255691 0.0686411072506199 0.122192726995991
"ufb158" 0.608254995056516 0.603951585185736 0.155866249817054 0.231343810483275 0.109138789980447 0.0700170483921356 0.108072199965518
"ufb159" 0.617576692244143 0.644014047114226 0.171061730013832 0.133631645347928 0.119701725666344 0.0553588590267982 0.129298032599357
"ufb160" 0.624612025416679 0.642082045609812 0.171077630531662 0.133589951914091 0.120189499075682 0.0556483373213939 0.128620845759054
"ufb161" 0.702493650573907 0.692948989684895 0.192456265530639 0.385325736400391 0.153126752109431 0.0725800593029151 0.106650934714659
"ufb162" 0.740543140298506 0.635399025334393 0.137734874896735 0.609017023695147 0.109384220725442 0.0620503815021954 0.0295237756818571
"ufb163" 0.687715696223594 0.701295080720785 0.194961982411989 0.331940107238559 0.150772063704634 0.0710287545369461 0.109188370383828
"ufb164" 0.652909650215398 0.586728334574531 0.159380770871577 0.230975669093565 0.110213896742 0.0583229972422125 0.0986602199198953
"ufb165" 0.652292670295449 0.603154066361719 0.160142586566251 0.27372061885267 0.113313477691388 0.0694263389116019 0.0948204870206461
"ufb166" 0.62675870680127 0.652985745421345 0.16541595347259 0.265335856254179 0.119814060407423 0.0657404481095353 0.116502104784163
"ufb167" 0.620842965194736 0.615444272993217 0.147315350693997 0.308846969549239 0.108368702042001 0.0626234705133161 0.0858488380897058
"ufb168" 0.694759149669409 0.653378921822936 0.155777609359434 0.376473877935561 0.115248634578787 0.0746435070512483 0.0987070294811475
"ufb169" 0.585174959551079 0.592534351447196 0.153558713810167 0.176775157403518 0.110715365364903 0.0635626386917 0.105637232242744
"ufb170" 0.714829862537852 0.660428071051646 0.172242966396005 0.408588519608139 0.132106406034172 0.0836014682265491 0.102210151438898
"ufb171" 0.764044943820225 0.848454573837028 0.221761298993309 0.761192036474598 0.190719280223989 0.0925987841530239 0.098153417104557
"ufb172" 0.647126347085429 0.641869994039181 0.15625716357498 0.36511978003805 0.121316719152686 0.0705656884985881 0.0909083142260669
"ufb173" 0.68525643372352 0.643086862680636 0.15827687109493 0.439169975202384 0.12668792874528 0.0691229550869812 0.0689098447489105
"ufb174" 0.70836204786375 0.711210408457128 0.194042523497089 0.336602287622723 0.15013962656994 0.0860312795949507 0.125948209256808
"ufb175" 0.651546553669597 0.65143465427977 0.16788968939611 0.302661234298076 0.125119055617253 0.075117645436495 0.111653153360205
"ufb176" 0.706301951570578 0.62971226121511 0.148716725531505 0.412297425144699 0.112587846025397 0.0570015195928339 0.0690634443510123
"ufb177" 0.63421847409202 0.670695096772374 0.190146997419047 0.198690947492851 0.134070906369191 0.0738220961968299 0.150317385609468
"ufb178" 0.617183775594557 0.624121767135999 0.16471396549086 0.154533456103842 0.118292233809424 0.0566015547057054 0.123961688288944
"ufb179" 0.603970002242147 0.621509386431131 0.16214238738832 0.187381386224372 0.115086785024034 0.0634508068908235 0.119214092764848
"ufb180" 0.689431059092296 0.605207257420147 0.13874821357235 0.423472149982185 0.107607333062975 0.0545393578775163 0.0581621938900598
"ufb181" 0.676516002565456 0.586752049827106 0.134089436714873 0.389512815273118 0.100053351410292 0.0563204220622775 0.060981901478277
"ufb182" 0.614521187394372 0.668899060236254 0.185458300768577 0.209686442960495 0.131488335312514 0.0805750780587994 0.144417403044156
"ufb183" 0.613293660021939 0.636141900027787 0.150310882770168 0.27597991345802 0.110000367380668 0.0602220272069828 0.0983963571700532
"ufb184" 0.684615220434477 0.612524690805729 0.144174751444062 0.399810424766706 0.110703232318002 0.0619582866383693 0.0718028203258414
"ufb185" 0.644453179443524 0.648239490160405 0.163863709995976 0.287501152417085 0.120580211792117 0.070189810250485 0.110366420918262
"ufb186" 0.705808017823143 0.70990354441383 0.195016207365833 0.364926320930138 0.153480449872679 0.0906401053027464 0.132570310011997
"ufb187" 0.681487748650581 0.648077418382154 0.171873647600064 0.308794597146762 0.125939271203006 0.0789072480462491 0.115808537865424
"ufb188" 0.640666509778353 0.66179493361782 0.180161209801938 0.164890252505469 0.12632591342984 0.0641243534957509 0.139847759734321
"ufb189" 0.645269109385066 0.69364395354706 0.204369478818942 0.199010704382393 0.148218220061552 0.0808408122671088 0.165947426535539
"ufb190" 0.64722125543201 0.697312184007305 0.204378470879062 0.199020489668116 0.147510936931022 0.0780954652897148 0.165914499699505
"ufb191" 0.742561713952852 0.706786158468239 0.168391134033971 0.43764645322945 0.125496831529541 0.0827092634530165 0.104028185269234
"ufb192" 0.67853316548546 0.662980081336483 0.179309014928046 0.209779463851598 0.129403107079751 0.0542313270716911 0.13117703068282
"ufb193" 0.770230268706895 0.767896306153126 0.205445052166082 0.503761084770926 0.167923107698623 0.0997082969050059 0.121023966844456
"ufb194" 0.720489282624683 0.706596472581127 0.190385952353275 0.41270736854489 0.145734719361792 0.0926517454221737 0.11450122379793
"ufb195" 0.631331258213556 0.590241878210316 0.159567929974135 0.186795825263756 0.110411270637007 0.0577320895784727 0.110200909724442
"ufb196" 0.68257646981673 0.65338690724385 0.168573338046223 0.331913491937959 0.122821688095658 0.0747527550623875 0.0982308852802553
"ufb197" 0.713393211750681 0.717053465843883 0.191425860199189 0.336050933495874 0.141839681421812 0.0886469758032834 0.133097138929014
"ufb198" 0.786045089306215 0.746031947101073 0.197811724430497 0.509263764240522 0.162653049655672 0.0899727528085597 0.112534071117185
"ufb199" 0.684605964869585 0.664604591285715 0.185035420609944 0.317984732194511 0.140708457272965 0.0687124959137277 0.108475680787903
"ufb200" 0.647731228477161 0.650771753477829 0.166429318103772 0.309710584110259 0.124193226291861 0.0728424774288676 0.110107085713985
"ufb201" 0.6054642414512 0.575805655169064 0.152101231719387 0.18709887281575 0.112428054483695 0.052030802929737 0.0977802306670006
"ufb202" 0.754590451976023 0.763005149213642 0.200312250405703 0.402169219178681 0.153688233139628 0.0938409919725152 0.138231064495248
"ufb203" 0.697105655102026 0.701424914440907 0.189647555384488 0.276397654375518 0.141401309880248 0.070018214405096 0.142151912938026
"ufb204" 0.634959106476465 0.624303417198648 0.150231776151108 0.342773583451819 0.111611279958585 0.0572776692431825 0.0844162536429895
"ufb205" 0.625516571893165 0.675372577240968 0.191924173232878 0.187852034046692 0.13681038933422 0.0785140367565934 0.152181965214551
"ufb206" 0.619689097932769 0.651399442331094 0.179852507004717 0.187984015931265 0.12869038705004 0.0745090932078133 0.138529690947115
"ufb207" 0.629058979511595 0.681899537858717 0.19420381320773 0.212127271247038 0.137786849289264 0.0851876554965315 0.154580735247903
"ufb208" 0.64635174979771 0.597827022920096 0.160242815272516 0.263964540219194 0.114654460345067 0.0673496713991499 0.0949285112758019
"ufb209" 0.682887037102394 0.633811181570609 0.173983644596736 0.376512582905035 0.132273676744589 0.0909960986411193 0.114469535481527
"ufb210" 0.676189783877005 0.635136226732982 0.173051263749866 0.298497965437931 0.123643336386924 0.0749819076470627 0.122519221550514
"ufb211" 0.620084373334599 0.645793604528797 0.17829249829313 0.187989368094464 0.126409995913003 0.0716363691500299 0.136203008264805
"ufb212" 0.646090173114935 0.677652450300856 0.189664429627637 0.154843635063791 0.133387660239898 0.0659312992044891 0.150488036663657
"ufb213" 0.628916740305678 0.587308032306489 0.160558764722507 0.175428123860356 0.112316545005107 0.0584167099055936 0.109171284275196
"ufb214" 0.705979805264981 0.713598580795011 0.196198551580171 0.253140425506369 0.140232542874923 0.0804118578908362 0.14904531308548
"ufb215" 0.630261986740386 0.673096458978328 0.18633394233273 0.154328445308842 0.129257949924997 0.0643330762053804 0.14686756919132
"ufb216" 0.691526474444039 0.706526262071131 0.199360639436455 0.256373561461638 0.146490798836049 0.0891447640106897 0.150471955326111
"ufb217" 0.678651301643647 0.71441944991677 0.203221896114583 0.245542632822618 0.149239920856173 0.0814135552507941 0.15815865107926
"ufb218" 0.730508814948187 0.701686477699888 0.166922696432484 0.4765481796779 0.1288329262792 0.0895616357938124 0.102446096914397
"ufb219" 0.775280898876405 0.783456575322604 0.179666143292753 0.772566512706001 0.152775395742784 0.0742661604229472 0.0497197638734378
"ufb220" 0.74739514108593 0.668123978461199 0.157956781460885 0.487264440430484 0.122442440209319 0.0752542544020141 0.0790859287412436
"ufb221" 0.608479130449454 0.647718520440699 0.177456174506304 0.209524120343766 0.122924273439386 0.0759453809070391 0.134498305457013
"ufb222" 0.627499369109969 0.660191514556584 0.177481079449093 0.220921879249737 0.124175519296876 0.0717585592067475 0.13603946477374
"ufb223" 0.685733336907854 0.6545749227969 0.165458965215731 0.365908819841041 0.119035300301983 0.0801796321842776 0.100802612458319
"ufb224" 0.67715488710394 0.655744072035225 0.165189724073673 0.347635056107874 0.119999458878632 0.0806206304252973 0.105075777897697
"ufb225" 0.667050810739736 0.631524057349865 0.169943522974232 0.28738837937213 0.123158761824126 0.0769833429230553 0.121261774163695
"ufb226" 0.673177514886929 0.708049271621997 0.205239647981061 0.165765781211234 0.145690605377101 0.0660067993728189 0.166818112186765
"ufb227" 0.618716589288882 0.652626812682109 0.171533390263968 0.135105284942228 0.120401331016048 0.0634119204217894 0.129800714977208
"ufb228" 0.634388764130809 0.694195212407602 0.203794333391205 0.147130557897631 0.149117741675559 0.0714152169389866 0.16530279524166
"ufb229" 0.732197506306149 0.697401292175162 0.170222725172854 0.566306728351748 0.136102614457102 0.0718669445856015 0.0664839040924391
"ufb230" 0.597622972007817 0.639434489388474 0.161384225031249 0.203240321270136 0.114922221554285 0.0661574237569802 0.11535824861798
"ufb231" 0.637202695694218 0.66318925061149 0.185252042624509 0.165670413175991 0.128821835608139 0.0672427743893439 0.145505892401201
"ufb232" 0.731400032110964 0.714520098441345 0.180407464231069 0.57273321560025 0.148218032499115 0.0812273474360635 0.0780143953747269
"ufb233" 0.682025315999094 0.648362646258003 0.156006185986213 0.471418451480226 0.118148218121851 0.0729669259307052 0.066231706826678
"ufb234" 0.652564092921213 0.654850906168465 0.179063770091987 0.243036489884698 0.130112581982351 0.0752386328659737 0.136174960537427
"ufb235" 0.707389674527214 0.671765884240496 0.179203795517833 0.323913510827006 0.132462172726584 0.0727396141611184 0.115534863621215
"ufb236" 0.697164942367461 0.693053290194925 0.170954998458216 0.454873814346286 0.136643045726265 0.0770071486338089 0.0829109577962417
"ufb237" 0.64244465327167 0.637252230228513 0.151708065374157 0.331796109698522 0.115095939638204 0.0645343700948524 0.0906233169347262
"ufb238" 0.63657636992035 0.588923384390065 0.16992806933183 0.20958389023601 0.122114085158633 0.0684015202924268 0.109954641150457
"ufb239" 0.712164343814585 0.738049802296022 0.201553434220854 0.332132444442617 0.153134886990525 0.0913208665955825 0.150413310346768
"ufb240" 0.82530815378323 0.842839352428393 0.197132051281024 0.74297321405234 0.170872284149067 0.108206899874323 0.096828413109642
"ufb241" 0.637071990539526 0.588370326331087 0.153235780882293 0.253116983965417 0.110518073262542 0.0657564048307538 0.0920500535122307
"ufb242" 0.715477051978073 0.64138720576327 0.153590748072773 0.47733128272854 0.126177781802607 0.0593917747829633 0.0637026352987203
"ufb243" 0.618152669135968 0.577414834291658 0.155835725823367 0.209366119334138 0.109487729053289 0.0635876228821215 0.104186464608118
"ufb244" 0.614499032194679 0.609940090317405 0.16455212668511 0.198704749796112 0.114833381699899 0.0657967195610965 0.120893479356573
"ufb245" 0.597254215456154 0.58243589662038 0.145218327464584 0.277662203201914 0.106552244223137 0.0578035688475119 0.087425514334544
"ufb246" 0.688068991102951 0.680292129476734 0.176864939390134 0.314363261858797 0.134638158546694 0.0787720681744785 0.113072553084573
"ufb247" 0.740168693636725 0.752582602517965 0.192614778554415 0.41960359893026 0.149962674196524 0.0916858845999756 0.124268018108604
"ufb248" 0.644630571698168 0.612166974486015 0.161125919543164 0.230812289257957 0.109925479641439 0.0666323167490544 0.107403617752632
"ufb249" 0.623970127751067 0.62016146961909 0.146213652359813 0.297944883323519 0.107734001178397 0.0599427514208713 0.088473840864754
"ufb250" 0.755555555555556 0.638417511798373 0.131698100329669 0.755397881137965 0.109479144226135 0.0510671170815202 -0.00494126150384922
"ufb251" 0.73236999985567 0.697559855553468 0.163082744446627 0.443803561520268 0.122349998793425 0.0821831946489368 0.098288722414928
"ufb252" 0.701463867620624 0.670765821529454 0.159125765877575 0.387620033798319 0.120662312145054 0.0788030197746664 0.102281525925986
"ufb253" 0.592403884360016 0.558562013444144 0.146753276422068 0.18709887281575 0.10759897993266 0.0507727206877834 0.092089656302168
"ufb254" 0.654351680247871 0.627700821562164 0.174220325076503 0.271287383000971 0.135051283359506 0.0556812173772063 0.0966445890736094
