NaN NaN 1 NaN 1
NaN NaN NaN NaN NaN
0.3693528 NaN NaN 1.28136 NaN
1 1 0.432497 1.056273 NaN
1.478727 1 1 1 0.1879852
1.561096 0.4951806 NaN 0.4484389 1.115597
0.5775227 0.8496605 0.1518578 NaN 0.4571102
0.1836234 1.088474 0.5653555 1.149455 0.6776089
0.6187534 NaN 0.6486017 1.391844 0.5958281
0.7534239 0.3826127 0.7825283 0.6592207 0.7159971
0.3387815 0.433021 0.8124593 0.8793441 0.5067057
1.092393 0.4273918 0.3242272 0.5671022 1.216411
0.6611002 0.706728 0.3613621 0.7691254 0.4458785
0.3383104 0.4170644 0.2811934 0.3335195 0.3405182
0.6572156 0.2802662 0.5245152 0.3972147 0.4189754
0.2983398 0.3632481 0.3739575 0.492431 0.5688399
0.1866232 0.226319 0.1845278 0.2791079 0.327544
0.2855986 0.2551535 0.2826706 0.2487682 0.1574819
0.2479378 0.1994278 0.1896812 0.2262267 0.2814463
0.2719032
