NaN 0.5701736 NaN NaN 1
0.5875897 0.7255187 NaN NaN 1
NaN 1 1 NaN NaN
NaN 0.8690523 0.4736026 0.4499304 0.4898692
1 0.4490872 0.3177926 0.5701736 NaN
0.5010756 0.5696382 1 0.5909924 NaN
0.5619039 1 0.4656422 0.2987837 0.305616
0.5227102 0.3297815 0.5032452 0.2681266 0.3222637
0.3674292 0.2513512 0.6179169 0.2965809 1
0.4096811 0.5106728 0.2474645 0.3522851 0.2365428
0.3271808 0.2980547 0.2653147 0.5549636 0.4737663
0.4200275 0.3479603 0.3680293 0.5378268 0.667665
0.4906399 0.2730977 0.2248673 0.3216611 0.3128639
0.1771763 0.2343183 0.3066444 0.2918211 0.3692873
0.1787239 0.1771532 0.2673071 0.1873705 0.3187522
0.3438518 0.2654186 0.4519984 0.2452098 0.2189719
0.2228551 0.3213291 0.1603353 0.1622353 0.1061289
0.2101177 0.1924646 0.2496972 0.1821378 0.1935625
0.09803709 0.1440072 0.1671004 0.1426106 0.145642
0.1514561
