"ci" "cci" "ri" "rc" "rhi" "rhiBar" "rci"
"1" 1 1 1 1 0 0 1
"2" NA NA NA NA NA NA NA
"3" 1 NA NA NA NA NA NA
"4" 0.666666666666667 0.955759400739309 0.947368421052632 0.631578947368421 0.0625 0.0635970490969219 0.94459831740108
"5" 1 NA NA NA NA NA NA
"6" NA NA NA NA NA NA NA
"7" 1 NA NA NA NA NA NA
"8" 0.666666666666667 0.840399079517119 0.833333333333333 0.555555555555556 0.166666666666667 0.172651933701657 0.834358677202271
"9" 0.666666666666667 0.882464558188509 0.875 0.583333333333333 0.125 0.135427952329361 0.871933613631485
"10" 1 NA NA NA NA NA NA
"11" NA NA NA NA NA NA NA
"12" NA NA NA NA NA NA NA
"13" 1 NA NA NA NA NA NA
"14" 1 NA NA NA NA NA NA
"15" 1 1 1 1 0 0 1
"16" 1 1 1 1 0 0 1
"17" 1 NA NA NA NA NA NA
"18" 0.75 0.839665029708892 0.833333333333333 0.625 0.166666666666667 0.172890733056708 0.833390039642344
"19" 0.5 0.511632103717917 0.5 0.25 0.5 0.518403317781234 0.492794193961426
"20" 0.5 0.716467365012107 0.7 0.35 0.333333333333333 0.332741792369122 0.682911463060539
"21" 0.5 0 0 0 1 1.01386748844376 -0.0140209994187811
"22" 0.5 0.878010761990913 0.857142857142857 0.428571428571429 0.1875 0.18630068931255 0.8331948551245
"23" 1 1 1 1 0 0 1
"24" 0.6 0 0 0 1 1.01522842639594 -0.0154597382529865
"25" 1 1 1 1 0 0 1
"26" 1 NA NA NA NA NA NA
"27" 0.666666666666667 0 0 0 1 1.01844262295082 -0.0185967341380592
"28" 0.285714285714286 0.738411115650069 0.705882352941177 0.201680672268908 0.333333333333333 0.330294622803541 0.70035810765832
"29" 0.4 0.684178623180362 0.666666666666667 0.266666666666667 0.375 0.362713093942691 0.653988422541178
"30" 0.6 0.880319425179763 0.866666666666667 0.52 0.153846153846154 0.152508769254232 0.860765949161855
"31" 0.5 0.878010761990913 0.857142857142857 0.428571428571429 0.1875 0.189885435787075 0.829505744497098
"32" 1 NA NA NA NA NA NA
"33" 0.6 0.507634774494265 0.5 0.3 0.5 0.509554140127389 0.497933273910141
"34" 0.6 0.338409930231624 0.333333333333333 0.2 0.666666666666667 0.684462696783025 0.320341899957395
"35" 0.375 0.780986044541489 0.75 0.28125 0.3125 0.314307266784008 0.713645030492332
"36" 0.25 0.413907416323123 0.4 0.1 0.6 0.62396006655574 0.389104079713054
"37" 0.428571428571429 0.619017822449634 0.6 0.257142857142857 0.4 0.419771224682548 0.598595082074904
"38" 0.5 0.726573759236 0.714285714285714 0.357142857142857 0.285714285714286 0.299580587177951 0.712456938647506
"39" 0.4 0.586344763186274 0.571428571428571 0.228571428571429 0.428571428571429 0.449370880766926 0.564988009908778
"40" 0.375 0.780986044541489 0.75 0.28125 0.294117647058824 0.300860460918226 0.727704574961991
"41" 0.6 0.76157630769011 0.75 0.45 0.25 0.25974025974026 0.7516762363479
"42" 0.6 0.78981636675181 0.777777777777778 0.466666666666667 0.222222222222222 0.233154581487526 0.778700776234127
"43" 0.6 0.725280485996835 0.714285714285714 0.428571428571429 0.285714285714286 0.2963841138115 0.714438980480424
"44" 0.5 0.610259601587092 0.6 0.3 0.4 0.413223140495868 0.596805570163159
"45" 0.375 0.462190164794712 0.444444444444444 0.166666666666667 0.555555555555556 0.577167263072838 0.439699357914754
"46" 0.375 0.715534139057445 0.6875 0.2578125 0.333333333333333 0.33364473508608 0.693440683385031
"47" 0.5 0.726573759236 0.714285714285714 0.357142857142857 0.285714285714286 0.29520295202952 0.716913482372994
"48" 0.285714285714286 0.643339935828508 0.615384615384615 0.175824175824176 0.416666666666667 0.414765657403567 0.611734085870368
"49" 0.5 0.511632103717917 0.5 0.25 0.5 0.515818431911967 0.49544006254448
"50" 0.3 0.234915531898585 0.222222222222222 0.0666666666666667 0.777777777777778 0.803212851405622 0.208018389530724
"51" 0.230769230769231 0.653405755505093 0.6 0.138461538461538 0.5 0.49813200498132 0.545743324512987
"52" 0.375 0.780986044541489 0.75 0.28125 0.3125 0.306974459724951 0.721310864067237
"53" 0.333333333333333 0.776567831671908 0.739130434782609 0.246376811594203 0.3 0.299490865528601 0.73562414194837
"54" 0.375 0.751862588297374 0.722222222222222 0.270833333333333 0.3125 0.324254215304799 0.703250240633167
"55" 0.230769230769231 0.593467440309816 0.545454545454545 0.125874125874126 0.555555555555556 0.550448615621732 0.488596257248791
"56" 0.5 0.870624224619396 0.85 0.425 0.1875 0.193448542687645 0.825839840057794
"57" 0.333333333333333 0.659061681074395 0.636363636363636 0.212121212121212 0.4 0.389370193711671 0.632357801151438
"58" 0.6 0.870604516806214 0.857142857142857 0.514285714285714 0.153846153846154 0.153491941673062 0.859764057637085
"59" 0.75 0.863673062053987 0.857142857142857 0.642857142857143 0.142857142857143 0.148389968838107 0.858093491637363
"60" 0.25 0.656534681751934 0.608695652173913 0.152173913043478 0.473684210526316 0.481824508806681 0.558285807872881
"61" 0.4 0.855913381572239 0.833333333333333 0.333333333333333 0.1875 0.189429816253078 0.832360254559417
"62" 0.25 0.603069955186291 0.571428571428571 0.142857142857143 0.461538461538462 0.465152337390495 0.564349484702763
"63" 0.6 0.676900649426101 0.666666666666667 0.4 0.333333333333333 0.341471743213249 0.668633415897231
"64" 0.5 0.76774644414557 0.75 0.375 0.272727272727273 0.267546597699099 0.749744719571966
"65" 0.2 0.276482635434728 0.25 0.05 0.8 0.81031804983456 0.209696957111875
"66" 0.2 0.442954598026941 0.4 0.08 0.666666666666667 0.675827889164226 0.35871437719171
"67" 0.25 0.616017349980234 0.571428571428571 0.142857142857143 0.5 0.497732551708882 0.541068190193235
"68" 0.25 0.674301997081266 0.625 0.15625 0.428571428571429 0.439732251917721 0.603903924027721
"69" 0.375 0.297058223466642 0.285714285714286 0.107142857142857 0.714285714285714 0.735402265038976 0.275097415377988
"70" 0.230769230769231 0.615151539741471 0.565217391304348 0.130434782608696 0.5 0.494902504206671 0.549275383943087
"71" 0.25 0.592766920346648 0.55 0.1375 0.5625 0.552554027504912 0.481807290068646
"72" 0.272727272727273 0.565226839569774 0.529411764705882 0.144385026737968 0.5 0.514933058702369 0.517726857512734
"73" 0.1875 0.513101662482695 0.458333333333333 0.0859375 0.65 0.650846099929909 0.390262252239249
"74" 0.3 0.234915531898585 0.222222222222222 0.0666666666666667 0.777777777777778 0.808034168301974 0.202920269089091
"75" 0.166666666666667 0.600089766156469 0.545454545454545 0.0909090909090909 0.526315789473684 0.539141686435195 0.506372967733107
"76" 0.214285714285714 0.342488531834834 0.3125 0.0669642857142857 0.733333333333333 0.739346686382578 0.28557535774519
"77" 0.157894736842105 0.495087355458449 0.428571428571429 0.0676691729323308 0.727272727272727 0.72572232049712 0.315851233344785
"78" 0.230769230769231 0.44738826446124 0.411764705882353 0.0950226244343891 0.625 0.632631112798127 0.399027317218385
"79" 0.3 0.62266887882664 0.588235294117647 0.176470588235294 0.4375 0.443543277151185 0.588902342963957
"80" 0.214285714285714 0.68317601372206 0.620689655172414 0.133004926108374 0.478260869565217 0.48110566829951 0.569892169653941
"81" 0.166666666666667 0.483353671578405 0.423076923076923 0.0705128205128205 0.681818181818182 0.691053165023496 0.352239862373659
"82" 0.130434782608696 0.344195168615622 0.285714285714286 0.0372670807453416 0.909090909090909 0.89932101263546 0.120806023344551
"83" 0.136363636363636 0.437612624318223 0.366666666666667 0.05 0.791666666666667 0.807479813004675 0.228771899097168
"84" 0.176470588235294 0.442091897628222 0.391304347826087 0.0690537084398977 0.7 0.722207892700542 0.313374120375391
"85" 0.157894736842105 0.559956016384861 0.483870967741935 0.0764006791171477 0.666666666666667 0.680156435980275 0.36859704585435
"86" 0.142857142857143 0.329573803342784 0.28 0.04 0.9 0.884738264929958 0.135306122542242
"87" 0.214285714285714 0.595128679509721 0.541666666666667 0.116071428571429 0.55 0.548436954679164 0.495497270875437
"88" 0.157894736842105 0.384236868719412 0.333333333333333 0.0526315789473684 0.761904761904762 0.770378930136261 0.264261104769396
"89" 0.166666666666667 0.42800751334991 0.375 0.0625 0.714285714285714 0.724742716335701 0.313686639906087
"90" 0.136363636363636 0.411252286419031 0.344827586206897 0.0470219435736677 0.826086956521739 0.818683212685281 0.21541575280851
"91" 0.1875 0.600753739985248 0.535714285714286 0.100446428571429 0.619047619047619 0.607789050446491 0.438624159143813
"92" 0.15 0.431989610352652 0.37037037037037 0.0555555555555556 0.739130434782609 0.75642965204236 0.283370655754306
"93" 0.157894736842105 0.35064606489625 0.304347826086957 0.0480549199084668 0.8 0.813462809497178 0.214565432702151
"94" 0.157894736842105 0.384236868719412 0.333333333333333 0.0526315789473684 0.842105263157895 0.826830654746525 0.199159311152514
"95" 0.157894736842105 0.518146828431662 0.448275862068966 0.0707803992740472 0.727272727272727 0.73387762590588 0.306422783952513
"96" 0.142857142857143 0.421165840552795 0.357142857142857 0.0510204081632653 0.818181818181818 0.803212851405622 0.231275798899691
