NaN 1 NaN NaN 1
NaN 1 NaN NaN 1
1 NaN NaN 1 NaN
1 0.8288207 0.5317357 0.9668544 1
0.6358158 0.9195005 0.9863418 0.4085804 0.4634119
0.6345076 0.851976 0.6986247 1 NaN
1 0.9049272 0.6914159 0.9612274 0.8132526
0.5923125 0.5821452 0.033241 0.746402 0.9103032
0.7371873 0.6030999 0.05814203 0.8441495 NaN
0.8901552 0.793761 0.8035102 0.9207254 0.5504919
0.5958702 0.9731425 0.5096278 0.6827082 0.6470687
0.5056838 0.6195423 0.435758 0.5174411 0.3393458
0.5629496 0.5867058 0.8111124 0.8519279 0.5186858
0.8839306 0.4768589 0.793425 0.5483854 0.7066931
0.4861178 0.6720901 0.6419589 0.4914575 0.3898265
0.9363779 0.5143953 0.4827227 0.4848206 0.4077325
0.3709548 0.432988 0.3918017 0.5928347 0.4597254
0.4656271 0.4314125 0.5291249 0.4222397 0.4679758
0.4029022 0.4172793 0.5845925 0.4705649 0.481288
0.396617
