NaN NaN 0.8835195 NaN 1
0.6166231 NaN 1 NaN NaN
1 1 NaN 1 NaN
NaN 0.9908582 0.5864057 NaN NaN
1 1 0.8957276 0.8739233 0.4835119
0.9017986 0.8687167 NaN NaN 1
0.9800575 NaN 0.8499737 0.3799201 0.5939005
0.4956118 0.1958749 0.6115777 0.7088272 0.6674838
0.8617703 0.4746763 0.9135034 0.517268 0.9305132
0.8419816 0.994179 0.3979364 0.8764838 0.5444298
0.6178473 0.2786481 0.4846346 0.7950495 0.3666905
0.3752943 0.6565776 0.6887966 0.7682663 0.5315989
0.7628948 0.9862168 0.410414 0.5682597 0.509085
0.6931137 0.4708873 0.5451461 0.3501222 0.4397582
0.7242483 0.5949881 0.4614787 0.5612359 0.4154745
0.4060204 0.5891271 0.4671453 0.5579787 0.8949528
0.5491116 0.5973125 0.4592266 0.564974 0.4639677
0.5828318 0.3796318 0.5051919 0.3700459 0.4447536
0.4652033 0.4035341 0.4052535 0.4216615 0.4275107
0.3581288
