"quartet" "wQuartet" "cluster" "phylo" "mutual" "shared" "clusterNorm"
"mb49" 0.774111007943132 0.835111225228169 0.232575560337481 0.590629853197926 0.171208237487623 0.106621738262366 0.132933415692893
"mb50" 0.625 0.707685406698565 0.196902269238335 0.624675728126075 0.145277434154066 0.0692183118662185 0.0627845605846599
"mb51" 0.939024390243902 0.953464815587201 0.245787476935436 0.938936257362148 0.208220236532948 0.105544330207944 0.121340365672606
"mb52" 0.666020710353704 0.70659158066805 0.206032139003319 0.0728332975933977 0.1411549327598 0.0908334403162384 0.159977501944782
"mb53" 0.666869491024383 0.691501663893511 0.208983796675011 0.0717944381837595 0.139711339061817 0.0637258188448671 0.171015325748187
"mb54" 0.765432098765432 0.826602421860141 0.223250073256516 0.765271275552233 0.18116046078451 0.0883932304636707 0.0945952437031013
"mb55" 0.865853658536585 0.915634718688154 0.244965775758566 0.865651499101181 0.202822232025142 0.101542086406304 0.120720166896755
"mb56" 0.792682926829268 0.876081285184677 0.228035696093236 0.537394003595274 0.184931396838428 0.0894240422626714 0.10066668068286
"mb57" 0.705854943214239 0.74328171119849 0.205770778407024 0.3362307211347 0.146692009031668 0.0984338163503658 0.148659180085853
"mb58" 0.776220081320884 0.814934617473713 0.219538360693135 0.483393659942218 0.162684812940809 0.108455147800036 0.145662452834735
"mb59" 0.833041872252253 0.818033793342765 0.215984873151429 0.684633125209024 0.16529049363624 0.0996123034727331 0.11419114122402
"mb60" 0.827160493827161 0.895729460221114 0.262472238097856 0.827029169116349 0.216012927752589 0.108433190014429 0.140291196567645
"mb61" 0.865853658536585 0.908613594437349 0.222877578002767 0.865651499101181 0.182430746093406 0.0907697852928262 0.0952711025726235
"mb62" 0.770771856681277 0.820910985001093 0.242062261373693 0.561601347861804 0.180481473214062 0.125349861404721 0.159020605917705
"mb63" 0.877770031736441 0.894345428901141 0.248455433439314 0.757426025116682 0.198520420871947 0.122896506830755 0.150729011411482
"mb64" 0.672432905407313 0.697581164747102 0.213442727132538 0.0837511905994534 0.142668314982092 0.0764400937660418 0.175906810762473
"mb65" 0.651199023327464 0.695403708603562 0.208820424140889 0.0839093894233984 0.137171617540108 0.0672306944357938 0.171054539521397
"mb66" 0.685379726683337 0.701061870710066 0.191741136918136 0.410552095134483 0.136603583768545 0.0957534114882543 0.123098454234725
"mb67" 0.782726167634173 0.830338292952649 0.228517246078596 0.508579489085225 0.168109595411788 0.109805187265341 0.144495238069765
"mb68" 0.677064235309021 0.681839845246662 0.184236342721655 0.349863826015169 0.128718385605408 0.0835781915705208 0.120934497561865
"mb69" 0.713065045584801 0.728041082700332 0.202081833251578 0.219392532153641 0.142889756235988 0.0891273003718458 0.115014216075807
"mb70" 0.7446341041669 0.738693319181556 0.195675600275256 0.507110874540277 0.144237131628899 0.0855496952605662 0.108094916611634
"mb71" 0.765432098765432 0.833522190745987 0.194925786550956 0.76514945329192 0.147148236705527 0.0702721734694361 0.061411372250312
"mb72" 0.669636164863058 0.686172040288602 0.179505401247148 0.135357343856967 0.125484785606048 0.0771301103988158 0.101568470671941
"mb73" 0.77623155846711 0.790773229369721 0.184113673222421 0.64640838418117 0.134611702830709 0.0817988186960418 0.0778711451294278
"mb74" 0.702775110777588 0.732805662936934 0.221425599460143 0.286944522171573 0.153324224382904 0.0984382319034398 0.165192634124482
"mb75" 0.750526443514947 0.790570842909498 0.220771792985763 0.573635257002705 0.168145428999836 0.112626439854962 0.135561265518359
"mb76" 0.702614838871123 0.6772809907965 0.165650089254693 0.577765045280245 0.122658423829571 0.074757502690199 0.0575607094455153
"mb77" 0.646488651406599 0.68705165237088 0.206633453318396 0.0957477768422474 0.13412830272847 0.0646415870281442 0.168537833119609
"mb78" 0.805522153886421 0.816699201858212 0.216991162959411 0.66178257295907 0.171617803280283 0.0991934086139374 0.115027681956603
"mb79" 0.727397708454725 0.710765530165301 0.177624842530924 0.522198241770184 0.126012841913469 0.0708542333870658 0.0701040774865243
"mb80" 0.6735743304345 0.70650447670147 0.206338598160662 0.0601289045817975 0.142381553177002 0.0801836231444863 0.163370322258329
"mb81" 0.639798825558272 0.67425809927565 0.200763140324965 0.0968981865677639 0.128589601388097 0.0622524830819169 0.162057442060558
"mb82" 0.64338482408974 0.660654182445163 0.202990626012855 0.119295282445123 0.126704052840542 0.069449203034678 0.161913707104889
"mb83" 0.691358024691358 0.807435519010472 0.216014673493069 0.690905976528635 0.165322301177442 0.0790909323922916 0.086365984936068
"mb84" 0.753086419753086 0.685670556724699 0.158416485133177 0.752908899075109 0.123889750908305 0.0589647642795007 0.0187450894629675
"mb85" 0.75961367804638 0.811692045575551 0.234715834589132 0.605173939640287 0.18215541447138 0.110989751447048 0.134519523155686
"mb86" 0.657314516438628 0.673470662842933 0.172811401401096 0.133761125943101 0.119860012675188 0.0781224337126533 0.102441866892397
"mb87" 0.674698795180723 0.648317028685127 0.169229346604447 0.674373456947204 0.12949789920312 0.0594604499758995 0.0333848191138323
"mb88" 0.66411481820426 0.689746507839309 0.179419468565518 0.109356082849587 0.125599600860642 0.0832349007755746 0.124208034813146
"mb89" 0.805860988679385 0.798052325581395 0.174288306209452 0.719599756788218 0.135132758373942 0.0847806951725365 0.0666815818697581
"mb90" 0.780487804878049 0.750121891760117 0.169903499724495 0.777540930669563 0.135145458184277 0.0641968301463103 0.032935326471519
"mb91" 0.640021292330794 0.661662860779396 0.200811197411484 0.11933847421557 0.127619963203113 0.0700597209434915 0.160436086140655
"mb92" 0.714484475768829 0.693925915749343 0.163171882848278 0.526401675055622 0.118269905595777 0.0775311104801086 0.0718641920194993
"mb93" 0.734939759036145 0.690645108067976 0.162317640748854 0.734588798767964 0.126734318510011 0.0613946906169086 0.0253429368223366
"mb94" 0.641310153431189 0.65601964874902 0.179758060426253 0.0728382303416037 0.122540865258802 0.0794648508945641 0.124511813310408
"mb95" 0.663040329601436 0.694716768228576 0.197944773933644 0.0728673134451152 0.135261209008611 0.0911671153251686 0.1493958583347
"mb96" 0.817073170731707 0.871745683748972 0.211931418638125 0.816917840488615 0.172935840957871 0.0843775716372192 0.0829681209634485
"mb97" 0.851851851851852 0.898275862068965 0.175787695856773 0.851714254960413 0.139961894073073 0.0673287641335929 0.0385309417112489
"mb98" 0.800062969321994 0.825572634116938 0.218138054273505 0.654553535394808 0.165563567770484 0.101126811657693 0.116321614105012
"mb99" 0.679012345679012 0.695129324823648 0.192283383388061 0.678603126719937 0.150012401763957 0.0712944833478516 0.0596722701628682
"mb100" 0.805983109721503 0.802884800307712 0.215535294228596 0.564246237642712 0.165202540083712 0.0992424789227143 0.130021017621106
"mb101" 0.674698795180723 0.668464066054428 0.167833789805707 0.674314008585577 0.128712836025587 0.059500859827545 0.0317610660576347
"mb102" 0.780487804878049 0.88942836796789 0.237147532321597 0.777452303100618 0.185013969874039 0.0927615428158699 0.112397866411072
"mb103" 0.716049382716049 0.753223495702006 0.201853597789103 0.715816231796815 0.159404058858465 0.0748403522880644 0.0701046250695813
"mb104" 0.817073170731707 0.880193312027438 0.210572637049989 0.814665408177495 0.168147855990898 0.07970627916176 0.0806721300994995
"mb105" 0.75609756097561 0.820481229163647 0.205920038797563 0.752785692353065 0.163285016453335 0.0764186997230545 0.07567932274365
"mb106" 0.724123474322847 0.765014659982975 0.203720527984063 0.614675950808745 0.153835593452426 0.0962299155926735 0.0999572424855207
"mb107" 0.717576528191335 0.73876680485993 0.200178487434676 0.602385323695163 0.154998271403084 0.0938383718623453 0.095725493989823
"mb108" 0.638382586377704 0.66401517623367 0.195831047033658 0.095744020589034 0.125431252943496 0.0598529367717171 0.15644457402922
"mb109" 0.728395061728395 0.741049604601006 0.194914721504435 0.724732506981691 0.15792619993414 0.0725551613321752 0.0622988385767647
"mb110" 0.672503161263942 0.708358704542004 0.205327880145488 0.0621639005961934 0.14099254011418 0.08655949949007 0.160906063838395
"mb111" 0.771938222462568 0.799564378001089 0.209030316645764 0.664475040870153 0.162987300356872 0.0998283953974354 0.106046503480357
"mb112" 0.731707317073171 0.760987482614743 0.194495017859645 0.724609167291697 0.156239824957811 0.0725649446578075 0.0626551254922493
"mb113" 0.791884792140403 0.829672276350753 0.236117260661904 0.617659309029889 0.180912907328863 0.110662534308372 0.136414123039188
"mb114" 0.674657726798011 0.710208970964155 0.20547360554657 0.262826872227533 0.141825872449701 0.0917780266262895 0.151856665526711
"mb115" 0.647516557291546 0.673579373551824 0.185700167327727 0.0745729024020874 0.125974150945286 0.0827299059861835 0.133956776417146
"mb116" 0.755381834143902 0.789184492920375 0.211062807800254 0.422404925720557 0.153747669735479 0.0989300236272943 0.144032246746604
"ufb1" 0.707743178456131 0.697311143997023 0.18731286902092 0.451668918733226 0.134325999214313 0.0910452192101102 0.110374010528024
"ufb2" 0.655240302989688 0.655161322438102 0.171322293945028 0.304990333851799 0.118760815580171 0.0639516680422971 0.111723091175277
"ufb3" 0.636855164027826 0.66675010714516 0.196071469164029 0.191385249174767 0.134640526824524 0.0784140775718376 0.149428109007491
"ufb4" 0.704052183559095 0.746578748937126 0.209457228326878 0.363279120554225 0.149523166329423 0.0924849515207172 0.134151672857492
"ufb5" 0.693871239511946 0.720449430436341 0.208343619971028 0.338821370627212 0.145517251145801 0.0966667447843598 0.146564681801245
"ufb6" 0.650254035809909 0.669695963504071 0.16848267538012 0.296569397544638 0.119603679512739 0.0763605551225532 0.10868742664409
"ufb7" 0.655063118512657 0.643248407028694 0.169568632448911 0.29286140998654 0.115636020836017 0.0656312327183918 0.113691810104611
"ufb8" 0.878048780487805 0.78150406504065 0.158259392319323 0.877985340897169 0.133767324476101 0.0653308673764774 0.0203893671255498
"ufb9" 0.653962712471139 0.661520810845672 0.180242955555806 0.215983827405492 0.12304838075646 0.0668369500444735 0.130661984999765
"ufb10" 0.653870703047545 0.674014481841927 0.172086840193754 0.301543006963187 0.116965031398798 0.0816597819069894 0.107761030395647
"ufb11" 0.646341463414634 0.583362128541811 0.14529712479656 0.645989010201803 0.106721462618721 0.0499735233328352 0.00462795350450756
"ufb12" 0.730165582181496 0.689870791844476 0.158812320240046 0.592214109456609 0.117437182861498 0.0684471395997766 0.0491131721683113
"ufb13" 0.658277164673431 0.701378600823045 0.189639669921275 0.231374018715624 0.135049735479303 0.0787599480789634 0.135127126168712
"ufb14" 0.658605586373288 0.67192161560743 0.18704382315385 0.264846797821744 0.126985504906605 0.0846512104167663 0.132344077485938
"ufb15" 0.786075402438496 0.780955946162092 0.205682584876948 0.534836811785212 0.154112179280806 0.104887867760119 0.130324578363613
"ufb16" 0.665250676250809 0.689703111790785 0.205756398847773 0.0838753352245818 0.135240576722331 0.0676919570734705 0.167976243184238
"ufb17" 0.642730557077482 0.658299823504794 0.186253847610616 0.154980520766388 0.123587389773987 0.05415558925076 0.146433175831688
"ufb18" 0.624244037424744 0.678340018962877 0.18027290086413 0.206913041120617 0.128953285047099 0.0701609400921852 0.125067113939475
"ufb19" 0.62369528575432 0.652814803657629 0.187038550189915 0.143850742917731 0.125821426146184 0.0597327705850275 0.144193197421785
"ufb20" 0.641923090933163 0.660662506488083 0.175840021752852 0.214559457232531 0.121542601952407 0.0675865535120481 0.128012426022665
"ufb21" 0.646562877063521 0.667483546694066 0.177853462912095 0.205146305528591 0.122289260400282 0.0672757575616281 0.131857087780686
"ufb22" 0.648827316861265 0.66562073067227 0.177760826813618 0.191317311618984 0.121520819026274 0.0632718103932798 0.13321316559739
"ufb23" 0.652150518408234 0.673458409129208 0.194880927603756 0.166832915319293 0.130970731201951 0.0598938830698907 0.155910304614637
"ufb24" 0.653056700181453 0.673105505083812 0.186405331702325 0.243629305017384 0.127086531056044 0.0821798909286647 0.134706749343125
"ufb25" 0.706349980714561 0.76182215591715 0.208902019232845 0.358560257858189 0.155748262388153 0.101364391498981 0.14171305628687
"ufb26" 0.708488912306172 0.757696083587532 0.208242674315946 0.350248474383523 0.150836497272566 0.102747219199398 0.146798480476325
"ufb27" 0.829268292682927 0.817132442284326 0.16001108884695 0.829021520614015 0.12704987240381 0.0615534288089339 0.0214106409770891
"ufb28" 0.795861751136736 0.796573043173953 0.214720433868115 0.540024797761211 0.162388048568188 0.0970102834345952 0.12911732956226
"ufb29" 0.699356560406218 0.73564590105535 0.201130347415284 0.329027953340833 0.145236869012925 0.0938039042841313 0.13906778426582
"ufb30" 0.662188086911485 0.677543418877055 0.184209597243809 0.215959871664094 0.128121663556833 0.0662357820574425 0.132387705155033
"ufb31" 0.666366137128877 0.688663380063595 0.178660054288658 0.301153865378557 0.123483457640781 0.0862867615629219 0.119596671125718
"ufb32" 0.746134228135925 0.775673528715817 0.204267934634202 0.42291831017695 0.146993878791985 0.086120783242065 0.128946578938686
"ufb33" 0.6981457127816 0.665615141955836 0.16936875873286 0.490752278043448 0.121419571079658 0.0640181141275081 0.0607685587880059
"ufb34" 0.746987951807229 0.776423128641865 0.178724494813627 0.74042193141421 0.139469342373644 0.0658720691456857 0.0444325786443897
"ufb35" 0.739381036797881 0.738125087059479 0.190846689393112 0.50887573791182 0.139910639370386 0.0846611282598444 0.102556859058966
"ufb36" 0.720922661562544 0.719538547330266 0.188720554782137 0.48372168205059 0.138032517050738 0.0922934040925494 0.11182102471541
"ufb37" 0.793835864964929 0.805706592774612 0.216424485264656 0.546636823846224 0.162654463701441 0.100400372564981 0.130825400611688
"ufb38" 0.768292682926829 0.729676536026014 0.15727061663378 0.76511780641231 0.122708887056684 0.0587433846567307 0.0182179834182824
"ufb39" 0.668375392546753 0.685184983926254 0.190702276465089 0.215729838584709 0.130628911940822 0.0740456742485415 0.141655768334764
"ufb40" 0.812945437924652 0.810565635005336 0.214917888443879 0.571230870922749 0.163560659864013 0.0996148638085747 0.129154220663472
"ufb41" 0.642740495978426 0.681477391905787 0.199991998056538 0.0720304265372199 0.130284093865681 0.0556954240467561 0.161937644453121
"ufb42" 0.652650013103932 0.669765036311264 0.169534486657498 0.288858546736715 0.118536303785138 0.0763546459153665 0.109811105822302
"ufb43" 0.793531729837966 0.765430484360289 0.198605344485644 0.600313484093038 0.148119290375275 0.0835166104882307 0.0944775610313777
"ufb44" 0.710400391552031 0.681268524007113 0.17738800014215 0.484577215118309 0.12682830170697 0.0677173723035862 0.0701155931475009
"ufb45" 0.660254114511517 0.674673198066557 0.172655466101868 0.292994924683124 0.119798987292919 0.0804644672249282 0.108373836447026
"ufb46" 0.644353917312303 0.666255750251667 0.199365226353387 0.108947957893702 0.12790851460718 0.0626178882333009 0.159587685995633
"ufb47" 0.642345592153275 0.67580400975104 0.198473515417304 0.098067643299168 0.129831861815121 0.0614113931529698 0.159652319471262
"ufb48" 0.67829420648675 0.683203723190377 0.180105539462355 0.350803045238741 0.126490542747928 0.0743269910693009 0.102387079653506
"ufb49" 0.716615799694468 0.750148505901495 0.202471910821716 0.515431427134305 0.149576331891816 0.0845105066579645 0.098925904841309
"ufb50" 0.656239576482622 0.675839352750669 0.196858386269945 0.158794417534631 0.130720048797657 0.0589930523089 0.157989495979053
"ufb51" 0.707698041802758 0.73078365694946 0.215467749516097 0.303578577092466 0.148757040064638 0.0951435419087405 0.154279098529435
"ufb52" 0.689566112797424 0.697209474527092 0.186580507497391 0.423161491010939 0.133881253206855 0.0867200958350383 0.109478126697187
"ufb53" 0.682926829268293 0.688890859118716 0.165921308542914 0.674743630758183 0.12273659505344 0.0578838902142982 0.0291787827373483
"ufb54" 0.654320987654321 0.671040299906279 0.179459210068809 0.649648013486499 0.137473984078806 0.0632215822059849 0.0428218892484703
"ufb55" 0.74390243902439 0.705817174515236 0.154327820229208 0.743697010855489 0.120591234280117 0.0568596467797359 0.0151449437415332
"ufb56" 0.743762092583302 0.729330221373506 0.191626996788457 0.43705969558728 0.137750144184785 0.0878232394383358 0.114903800790899
"ufb57" 0.663633451551277 0.669275238848658 0.17142354433297 0.356887760849558 0.122960925406938 0.0811783112154233 0.101080346099418
"ufb58" 0.702646964208671 0.731042297819199 0.20681673146999 0.350222354643413 0.144026126250939 0.0931790225767428 0.139079377013901
"ufb59" 0.721126110784536 0.760092244591802 0.214939767744866 0.400194759787943 0.154335774507745 0.10061139586891 0.140291494505858
"ufb60" 0.677553165026182 0.70179999943325 0.205069749763815 0.201379351977557 0.139693271289232 0.077827689236538 0.163195754217209
"ufb61" 0.667153205348926 0.693940021442384 0.198118712355872 0.214303028484783 0.133917014180035 0.0773226839572529 0.1532952289482
"ufb62" 0.762121717930031 0.772121980043617 0.207831527701072 0.48010850205086 0.150636465001898 0.10750941143094 0.140523228435349
"ufb63" 0.732744393985843 0.712122327039397 0.174088760567044 0.479558307264862 0.123090852832295 0.0752855412234137 0.0837096911693749
"ufb64" 0.678791576243037 0.630848752953115 0.152398130455525 0.469358412473047 0.112177686139249 0.0680737452332721 0.0602522403854927
"ufb65" 0.787091865694862 0.790277898017488 0.210062705546134 0.529062816421828 0.15319786515159 0.106139339551936 0.134995598105098
"ufb66" 0.640984924765795 0.65370500109032 0.162100199433794 0.28827675228682 0.113395316384865 0.0699313487367391 0.0969984643512068
"ufb67" 0.70444456026273 0.714720250714352 0.195829624571065 0.472582366474273 0.145725696124158 0.088640802006345 0.108083501462312
"ufb68" 0.691131846070556 0.670566862425916 0.179658034024201 0.362685506863617 0.126915620340382 0.0718026083438722 0.101899486030158
"ufb69" 0.639881061925572 0.644381949378997 0.174296170800879 0.215996571432098 0.116886145805554 0.0655440774200789 0.12643826268425
"ufb70" 0.713373259543679 0.688048600964549 0.157786083433809 0.472343571815923 0.11605002478961 0.0753370962490682 0.0778115040874919
"ufb71" 0.679557674987618 0.669493992986543 0.176463159354829 0.362262316643883 0.123834084978814 0.0750837314987335 0.106522969877711
"ufb72" 0.647745408992185 0.667566702069083 0.19718053966796 0.0959069532682041 0.126684836898966 0.055524939321355 0.157854126513703
"ufb73" 0.641968610550959 0.689824755272882 0.207473040671467 0.131292700023645 0.137440750631677 0.0719259318506399 0.16978058787142
"ufb74" 0.711227128198435 0.731533530571992 0.201594400897005 0.368528809164667 0.143237596064736 0.0827402619716629 0.125677169494021
"ufb75" 0.669459172090351 0.66816578438229 0.170920253666707 0.345523492978065 0.120195233500023 0.0723508572564167 0.10638294805446
"ufb76" 0.686395716966733 0.709872621535613 0.204182370077273 0.25395785114483 0.143315627775739 0.085982406304348 0.150434736961618
"ufb77" 0.694511382084561 0.738422492762819 0.208005915541768 0.375498902513342 0.15126086396195 0.0947018076639083 0.132573173559991
"ufb78" 0.701759891639105 0.729553999517092 0.208050991503584 0.347639917884734 0.147213520776439 0.0988585902284518 0.140433403720637
"ufb79" 0.646341463414634 0.779435191889935 0.207751029297261 0.653814693712072 0.154298926523855 0.0731976899171336 0.0767652417637265
"ufb80" 0.687726538388862 0.702292169335381 0.18105921322603 0.511746284356405 0.135948020483088 0.0739608051580038 0.0743446271001651
"ufb81" 0.749065715920026 0.711366148833421 0.187119442114576 0.484731512332868 0.137335846789961 0.078233578028142 0.0984229174920651
"ufb82" 0.650520827296343 0.660600521611199 0.178158224402334 0.226551951126173 0.122808097127125 0.0704919661858902 0.128380182428246
"ufb83" 0.653589566559715 0.683336751907774 0.189240456221621 0.237499863043068 0.129358567471442 0.0789589990027328 0.140164662706776
"ufb84" 0.654241609098707 0.683413203036093 0.19107621090924 0.228841493037026 0.131265871896452 0.0789699732281303 0.14211223965932
"ufb85" 0.751034795823308 0.723475833437718 0.164409958185673 0.545132222275144 0.117423746366093 0.0737517953177967 0.0730176585773556
"ufb86" 0.634146341463415 0.731079523626585 0.192520012549465 0.633775510120092 0.146022168160067 0.0651086152008619 0.0590160182432822
"ufb87" 0.749918138563821 0.667389545233857 0.153451458931566 0.629350078744032 0.112996876266797 0.0698390115132052 0.0434217571619075
"ufb88" 0.652539036258309 0.674213797677252 0.184235151262803 0.19158311085815 0.12605277279576 0.0708480287660791 0.13686714893373
"ufb89" 0.650758940767253 0.670659053833605 0.194292537133408 0.158794417534631 0.129396132044123 0.0545385760446704 0.15529428804216
"ufb90" 0.637382537632698 0.653969046147215 0.18213898919177 0.156880357543225 0.12248349131779 0.0500573982222007 0.142109086837385
"ufb91" 0.65681860537246 0.661189058050331 0.172617663656186 0.329699395714002 0.122491650843345 0.0709154644568356 0.108325378869505
"ufb92" 0.653564120849387 0.666175396165571 0.168674027788945 0.300961430275376 0.117650895763626 0.0732743373505792 0.0979656724294892
"ufb93" 0.754721115152679 0.72648916967509 0.193649128694542 0.465446489474499 0.139263746054519 0.0838956435623202 0.116981578254098
"ufb94" 0.653736792731931 0.587150579150579 0.151237726800139 0.529760756944204 0.111608616816622 0.0656285672667882 0.0412812366824018
"ufb95" 0.792540366808353 0.787478361985808 0.209467012804168 0.516112576471614 0.15501033408915 0.0916634234443053 0.123110313388336
"ufb96" 0.628080070791256 0.630004609487968 0.172593958093362 0.131508316140821 0.113506201699961 0.0652468831943542 0.131501398502813
"ufb97" 0.629114268824407 0.63218010739162 0.170671753454086 0.218622296184012 0.11460586346722 0.0682701148189413 0.124323517607726
"ufb98" 0.657757523391698 0.678039276008819 0.198696691664667 0.155029369216884 0.130573604708635 0.0572634707805492 0.160626794335425
"ufb99" 0.673260388996488 0.704208810917599 0.20257967792011 0.226196192759526 0.138427894815582 0.073595631657063 0.159427578702189
"ufb100" 0.684078337118867 0.709558839523037 0.205481475334692 0.311034252067598 0.143132695577281 0.088229039923764 0.143431847340067
"ufb101" 0.769502475293623 0.794785754545097 0.208649793387625 0.508579489085225 0.15630947391244 0.098216292309084 0.12246402570869
"ufb102" 0.635481202303991 0.639371856470248 0.171874838386736 0.218620999712057 0.116232600837109 0.0674182276253999 0.123851067505823
"ufb103" 0.654320987654321 0.696110210696921 0.181127564447919 0.649648013486499 0.134294189455842 0.061877407008764 0.0447680597646171
"ufb104" 0.673664964317108 0.624956999498737 0.163283997497543 0.385908175669967 0.116561893516516 0.0615472190843574 0.0841000476091729
"ufb105" 0.679652800474985 0.709547588879779 0.199587762653738 0.347639917884734 0.141525916991535 0.0934648582564126 0.131142688440345
"ufb106" 0.669448941495728 0.698892505899172 0.196913417506284 0.241834206350289 0.136886667651786 0.0854808831696886 0.145770550278156
"ufb107" 0.619815589897319 0.656836930201815 0.1824018349023 0.191275995541959 0.12726172663839 0.0725324198778634 0.132898629302364
"ufb108" 0.681522270172216 0.689852975051829 0.194408903778528 0.227873347522372 0.134785580558054 0.0752216116453199 0.143106541900829
"ufb109" 0.667420089193622 0.689248283615116 0.193849701611375 0.225168219049589 0.13206800763774 0.0710815142705058 0.148762537842711
"ufb110" 0.671763858750192 0.635938863399668 0.16145494755514 0.5239793288127 0.115385681579068 0.0673468080053397 0.0525835060192251
"ufb111" 0.66636377136579 0.700535142087688 0.200702485388541 0.241035234053811 0.138453460161597 0.0870386098017352 0.152355760904697
"ufb112" 0.672021161793004 0.690356760141115 0.195292842142804 0.268406481584245 0.134334515974704 0.0900904362418654 0.144202445909829
"ufb113" 0.654639209065128 0.657949151578888 0.184061175084846 0.256249607452023 0.125862595308429 0.0821145528536553 0.125378847171437
"ufb114" 0.691358024691358 0.730308042174902 0.172242497790154 0.690966887658792 0.127801091054066 0.0586834580447736 0.0349662613335912
"ufb115" 0.62199433054688 0.622079928486062 0.17661881179 0.142935584695035 0.114212631966755 0.054931080107558 0.128830462231293
"ufb116" 0.739060540999549 0.74933416005524 0.199752830419268 0.424808652799139 0.143104983407738 0.0988270069513318 0.137638423632525
"ufb117" 0.705324027816791 0.600746932242575 0.143660252206744 0.573516272771817 0.102027494750516 0.0594495091352039 0.0319331821344192
"ufb118" 0.691826999279978 0.718696009033071 0.192445627033674 0.336201189358309 0.137223352148588 0.0861207605237266 0.129708365570943
"ufb119" 0.694473039064249 0.720061394634946 0.204329263790783 0.329725588840077 0.1423520192794 0.0856220797476484 0.136317834312306
"ufb120" 0.707411926976133 0.731373967168563 0.21253781186101 0.305394710413861 0.14575443688974 0.0870076024696286 0.151105453955895
"ufb121" 0.752088982786072 0.744991630217614 0.198458238189384 0.533251062698129 0.15046927201034 0.093285382431694 0.110998933224156
"ufb122" 0.639091691405274 0.651366490840277 0.169852241686369 0.193506440664125 0.116755396213138 0.0610864480823838 0.123429950101194
"ufb123" 0.648835119197622 0.667723979119233 0.178527792390384 0.184008408812159 0.121286601075709 0.0645468683917005 0.132568320730016
"ufb124" 0.656938142345922 0.67734564915775 0.197364923197932 0.154730750999923 0.133046736697406 0.0537104245988533 0.158838750851133
"ufb125" 0.640092637525517 0.64629702919736 0.172023855663316 0.240603266399566 0.115947153386708 0.0646035641046453 0.119411667489708
"ufb126" 0.697706667034398 0.748751789102287 0.205440510127051 0.359013687869541 0.152008507565559 0.0942718046805188 0.129981709729798
"ufb127" 0.651430362989974 0.667129101058105 0.192915607880702 0.155053363345699 0.127342361150196 0.0527477418739536 0.153849856435922
"ufb128" 0.609846708243696 0.609157823736035 0.164613369107843 0.155145550452192 0.105181692591327 0.049153220518181 0.123153165794565
"ufb129" 0.571902451064042 0.553765750884825 0.137237468346905 0.15533957172546 0.0885697234748158 0.0453482105462189 0.0905537895350935
"ufb130" 0.664668723489867 0.653864673818833 0.173430725834949 0.296335494111121 0.118588368510665 0.0642303782635625 0.114054906780521
"ufb131" 0.759036144578313 0.770963407887458 0.19172530241851 0.755790169222923 0.15111298670624 0.0729735323486532 0.059559229956995
"ufb132" 0.662410781470042 0.674636612912389 0.17607930648936 0.240730736811846 0.124020207499207 0.0557376496299275 0.120646956018043
"ufb133" 0.677954336484198 0.70266073464161 0.19117038433492 0.234340420832646 0.13389302048571 0.0687014818873191 0.136717003259255
"ufb134" 0.650602409638554 0.560646078829744 0.145406866401984 0.650299209891226 0.105718232067278 0.0486757340200795 0.00566697554780927
"ufb135" 0.662553822526818 0.699017267590188 0.200875085730548 0.194485661134509 0.138221526513309 0.0806473961578047 0.156182162848991
"ufb136" 0.674881608617155 0.705363414154469 0.206005540151368 0.204279141870966 0.140629057155587 0.0763034563611517 0.164180838593144
"ufb137" 0.645420326244219 0.66326517741142 0.16727376256932 0.300961430275376 0.115481682279663 0.0740272200852513 0.0964463077782861
"ufb138" 0.812357801523264 0.778734565610076 0.20858336772168 0.649502728206937 0.162059964283171 0.0930857261408438 0.10575206089809
"ufb139" 0.764577505881877 0.728347058088348 0.191382467211487 0.537869152849011 0.138780602948379 0.0864500246135407 0.103288246133624
"ufb140" 0.646341463414634 0.605805958747135 0.171721285319482 0.646169522773218 0.132809739773614 0.0603682719122255 0.0356202704584519
"ufb141" 0.711294414890872 0.722935315669651 0.195594959845728 0.410118652329608 0.145979300308249 0.0872482384439375 0.118968551447657
"ufb142" 0.696629629023014 0.724723034110996 0.188121725388923 0.392673332274986 0.135559490334683 0.0735480827671075 0.111035560899625
"ufb143" 0.682926829268293 0.621888759097852 0.160338773341797 0.682689681304073 0.121306629253219 0.0564718174001619 0.0223674080728994
"ufb144" 0.638912842487053 0.650688057171151 0.180998773004726 0.155036361285719 0.120105801592611 0.0477215529514331 0.140912002109496
"ufb145" 0.62022668081353 0.623310455713523 0.16550463608959 0.154887716622564 0.109831948951286 0.045501993918271 0.12339851022111
"ufb146" 0.64998642243198 0.671201164885609 0.18371758457868 0.249338302043401 0.12541297056671 0.082176087584694 0.131848356496555
"ufb147" 0.630873921408748 0.617775224633469 0.172454739965 0.227960873328423 0.116689954131592 0.0731187051303028 0.122396447755728
"ufb148" 0.745692386377593 0.744745667970933 0.192609070182326 0.59309167840795 0.147017894534753 0.0797994718541724 0.0877803072465365
"ufb149" 0.630485340722651 0.567067450815775 0.14851329380692 0.264080632519896 0.100029371332787 0.0572956684394208 0.0872913392887887
"ufb150" 0.651931272575951 0.659571081058022 0.195258913944845 0.143167203372231 0.128259815753062 0.0587070053459041 0.157025687894165
"ufb151" 0.666273254597113 0.690127670407284 0.183735384338948 0.251711487824574 0.128264845967688 0.0659844458072144 0.128818125179133
"ufb152" 0.638747159789534 0.662232679609737 0.179487855847875 0.240452623518659 0.123724899989679 0.0755083118823368 0.127349569816436
"ufb153" 0.632096909663296 0.655103302136677 0.193873066143173 0.0956835793336938 0.123067428280697 0.0586843510414253 0.153147439673605
"ufb154" 0.706800679947957 0.754774049217002 0.201252121666606 0.350557596131852 0.144593915159864 0.0932086776416427 0.13329680772707
"ufb155" 0.695121951219512 0.507106546322233 0.132617854559566 0.694782839671507 0.0991706046235045 0.0465421452389071 -0.0100256401923762
"ufb156" 0.647769524505084 0.663657588251498 0.16769374653664 0.325146422055151 0.120437426547637 0.0802274220413614 0.103123793160806
"ufb157" 0.731787011057248 0.725352962471341 0.20233088630442 0.539053990543109 0.151039980821354 0.0833989962847732 0.098687174473399
"ufb158" 0.710843373493976 0.548286897590361 0.139081486423312 0.710455103350358 0.106516827869513 0.0506352274560438 -0.00169270703999996
"ufb159" 0.630702658146467 0.637017119816976 0.17497564226402 0.154940371259465 0.114267147301111 0.0508382380039265 0.134038183249568
"ufb160" 0.658536585365854 0.628113569064623 0.156786117274268 0.658202510283514 0.115960770326007 0.0530221893491954 0.0182309870387318
"ufb161" 0.653985500146214 0.67138358903444 0.169875234660971 0.285176415188846 0.118475401747573 0.079005693311533 0.105384915566429
"ufb162" 0.660601829972734 0.681524620282457 0.175592107326417 0.313385756190177 0.123562840184413 0.0828369877109217 0.116377293771905
"ufb163" 0.63168600314425 0.660448044671516 0.194803618118436 0.0956989797357333 0.124669341355468 0.060789403227117 0.154808536813967
"ufb164" 0.638011980224759 0.668855151172378 0.19663543204006 0.0968655369539166 0.127607914473742 0.0627240865982146 0.15728231658367
"ufb165" 0.623918781319855 0.655503019930919 0.183729458114799 0.119171983511627 0.12025547666089 0.0460744255882578 0.144948467946405
"ufb166" 0.716049382716049 0.701313010742815 0.16166140530765 0.715894841425983 0.126327932356732 0.0583985059430871 0.0224100986954119
"ufb167" 0.638763658264614 0.656233403573692 0.169279609692847 0.346483659350294 0.119248448035939 0.0733234937004802 0.0905349512350487
"ufb168" 0.687168909615116 0.592112125162973 0.142751433591216 0.573377505640714 0.104487768059288 0.0614846791782824 0.0309057895050121
"ufb169" 0.645266952021316 0.665082978010243 0.178578463844177 0.196433940149567 0.122436746338921 0.0671048985393958 0.130884405699468
"ufb170" 0.713900287222697 0.677655099894848 0.177927572272103 0.527329324262339 0.130553082102803 0.0729598768831086 0.0711173118158524
"ufb171" 0.621482426258963 0.626031291672976 0.166971455360173 0.155196047853683 0.10786805978327 0.0429945691644261 0.125626018959978
"ufb172" 0.614870244528831 0.61468906491379 0.161698431266726 0.15703069552291 0.103301378797172 0.0451828500347463 0.119399360418599
"ufb173" 0.706148468679408 0.66760462420693 0.154994404841082 0.431731589617566 0.113204278116904 0.0743502286186584 0.0830188464139267
"ufb174" 0.621227683160724 0.662646005605817 0.178076818807428 0.186987196724744 0.12625013155492 0.0689985586134667 0.125865718500875
"ufb175" 0.71017670401755 0.745597243491577 0.213246630155459 0.380317157490769 0.153172035136776 0.0958684172313966 0.13835367256657
"ufb176" 0.716562185966566 0.738575822645232 0.213086968962333 0.36032900241296 0.149005909481891 0.0985016267864584 0.145927190645998
"ufb177" 0.731707317073171 0.677201772981307 0.150987573423227 0.731363169059501 0.115266996277202 0.0544468813403255 0.0119264855133858
"ufb178" 0.637449853130457 0.654119941942701 0.162236449211316 0.289251079266686 0.112494402208009 0.0713769537151233 0.0971379083909793
"ufb179" 0.660971017081327 0.690886207328494 0.183283032713357 0.228591222225461 0.129222058355361 0.0654561906036898 0.128335339903746
"ufb180" 0.632411966489549 0.622738887291605 0.175541775699777 0.230679198223492 0.11651276014916 0.0745008131823591 0.127717132116768
"ufb181" 0.77367765488095 0.776238774341841 0.206104535470613 0.510253970026966 0.153021937606781 0.100149806508016 0.130786560001519
"ufb182" 0.773319182248637 0.78170412710715 0.208910778588202 0.504477630475058 0.152959386007891 0.111214901473119 0.14169418019702
"ufb183" 0.662650602409639 0.622656098975449 0.15514518092284 0.662247160876774 0.115590120611377 0.0535904516360104 0.0169976630409582
"ufb184" 0.751099176987691 0.771322336398053 0.210801862943422 0.45598420078124 0.153132513458208 0.112009544703891 0.149537860115781
"ufb185" 0.60259295226338 0.608414180082857 0.16467667614144 0.119783475888111 0.107720125586524 0.0511102556115119 0.122484006240274
"ufb186" 0.654943613212235 0.690067904985864 0.189095230030042 0.45341244124899 0.137786058284233 0.076344486438253 0.0834280655933059
"ufb187" 0.630805538847537 0.677973322106867 0.186302859840792 0.196467284442233 0.130692544723448 0.0768576071595091 0.134627451191668
"ufb188" 0.765791105090445 0.740894486935259 0.164832258160522 0.660380953688762 0.12446529486775 0.0768331841436353 0.0563162290457106
"ufb189" 0.642871596576771 0.673339554196046 0.196376584146905 0.0839480741283167 0.128709119981638 0.0550146239168983 0.157453825269009
"ufb190" 0.746987951807229 0.833067590987868 0.212945777277916 0.746774543200022 0.169908277761237 0.0789471460477876 0.0842495979434878
"ufb191" 0.634557371960658 0.675905387862743 0.201752466062535 0.119442871682925 0.1321276175502 0.0672536294020761 0.163827748487798
"ufb192" 0.676695040181601 0.647539866430421 0.158338237939384 0.548985496309685 0.11305322443534 0.0656714187366053 0.0487393018306038
"ufb193" 0.630144410789483 0.642994170988312 0.175469137416546 0.156813061219998 0.117242691708602 0.0497075141833493 0.134556165482252
"ufb194" 0.644866821891023 0.66793818889129 0.167715687264303 0.280976773024732 0.115735055737557 0.077557586268016 0.107861506477661
"ufb195" 0.73506161469818 0.752930016329161 0.204693557035368 0.363894432798667 0.145799570906079 0.0968047693301804 0.14747515568564
"ufb196" 0.648386603625438 0.65772756789023 0.162805964991451 0.309588722342724 0.115473216234364 0.0671654607786171 0.102501756947557
"ufb197" 0.608674659817722 0.634566509040038 0.174364370294649 0.107312842350133 0.112543171058445 0.0421615585198906 0.135097155349248
"ufb198" 0.593751150629681 0.567879996916079 0.154850374944315 0.192650293193438 0.0994800584703308 0.052129892103639 0.103731574662195
"ufb199" 0.636023851652189 0.637536797810208 0.169535309376374 0.21590542882118 0.113024527097 0.061020557845413 0.119232391114447
"ufb200" 0.680033868867146 0.664967941349273 0.175501824431629 0.378186916789356 0.123475660864477 0.0806872106033952 0.105551891579182
"ufb201" 0.618118109175189 0.616348652067537 0.16188917925143 0.252898168843453 0.109248312038985 0.0557643452317115 0.101680200895326
"ufb202" 0.636962354974533 0.594928440510081 0.156269039694518 0.32548337658255 0.110165101405549 0.0580532504126273 0.0764212181155359
"ufb203" 0.786685986111109 0.788296881238632 0.175693118418457 0.644626825303879 0.135529351500036 0.0923977959792197 0.0856985904892154
"ufb204" 0.630796735230906 0.637733296773604 0.172580036881542 0.248952733625814 0.118988617142788 0.0744381360684759 0.113002386461994
"ufb205" 0.668070846914001 0.693972623177054 0.194846820180501 0.231429061963858 0.133297625202246 0.0761186074495567 0.148142345448595
"ufb206" 0.653905616833562 0.667951782120831 0.179635144203539 0.240517249853912 0.122006159079277 0.0657027653511769 0.129977431875743
"ufb207" 0.627001632916339 0.622498122210931 0.152253165163019 0.265156716655059 0.105326141311488 0.0565577789137833 0.0863941079778614
"ufb208" 0.703703703703704 0.66198050282196 0.153202050500866 0.703349128639262 0.113942575995194 0.0515013373645186 0.0121923596780352
"ufb209" 0.644141180936947 0.670040236895955 0.194350934411933 0.16666473291392 0.131218489153875 0.0701234922236592 0.153687247814525
"ufb210" 0.634649656098987 0.658162358895072 0.195305482670128 0.0957413784336178 0.123702778140131 0.0601660009528509 0.15533390647333
"ufb211" 0.658536585365854 0.553327645051195 0.146229492238257 0.654059722694429 0.104255241805255 0.0473022434527012 0.00536299308836393
"ufb212" 0.674890855851779 0.699928437521981 0.201212800680489 0.195110591063848 0.136845396902214 0.0746337484108834 0.157986733417573
"ufb213" 0.673838973767545 0.639710642609846 0.160917353510966 0.536195679950424 0.118225650945133 0.068605691760527 0.0519761141289123
"ufb214" 0.679250397474834 0.703339573661822 0.207065846924529 0.201567327504005 0.139120421644888 0.0793155806821676 0.166246153667225
"ufb215" 0.654930502625752 0.641717686612651 0.16763829471782 0.305335632969688 0.115718452976449 0.0663983292458968 0.107778195496472
"ufb216" 0.642241238979069 0.659054759897003 0.184668914965615 0.158768746642334 0.123695330047342 0.0550966289962153 0.144769628383239
"ufb217" 0.635401495371989 0.610047363452909 0.156438264582629 0.265162416783708 0.106821742656566 0.0568221653935259 0.102878823166404
"ufb218" 0.629987774007146 0.646253107316403 0.159134467140233 0.281129163769818 0.11074296484541 0.0647280904042321 0.0876014259063779
