NaN 1 NaN NaN NaN
NaN NaN 0.1750919 1 NaN
NaN NaN 1 NaN NaN
0.9329142 0.6807074 0.5204938 0.7188843 1
NaN 0.3057979 1 0.63782 0.7662312
0.6527954 0.3871648 NaN 0.6099381 0.6882599
NaN 0.6268041 1 0.5777427 0.2537769
0.2767172 0.4148654 0.3276334 0.5361771 0.6044427
0.7029247 0.3991791 0.4483781 0.1423845 0.5295334
0.6235761 0.6564551 0.3439776 0.2394997 0.2305152
0.2778343 0.1887316 0.2042064 0.3944165 0.6739547
0.5987646 0.3169952 0.5344724 0.2913161 0.2430601
0.4859046 0.3206874 0.1779465 0.4281205 0.2582596
0.2114514 0.3232312 0.3311687 0.3387432 0.2300943
0.3443128 0.2340549 0.3691424 0.2102465 0.2065015
0.2214048 0.3146276 0.253383 0.364669 0.199937
0.1319875 0.1450349 0.2324829 0.2247813 0.1138164
0.1585007 0.2981757 0.2568935 0.291388 0.2114181
0.2551048 0.1817232 0.1316955 0.1575321 0.1466635
0.2225319
