"quartet" "cluster" "phylo" "mutual" "shared" "clusterNorm"
"mb49" 0.900658650069491 0.239539277823165 0.825387701316339 0.20393560226832 0.0995418934817122 0.119695709454573
"mb50" 0.80082654417668 0.223829676947787 0.52119858508432 0.165638815673691 0.101846202796247 0.138426818367431
"mb51" 0.840870307167236 0.22686875911177 0.776332159091891 0.193927059161319 0.092146798716897 0.104319079820544
"mb52" 0.777443134555259 0.225877517395211 0.269510557641178 0.159545967795592 0.0997835728357194 0.140509461910265
"mb53" 0.804747817302836 0.19968718097137 0.749808485124692 0.16718040875255 0.0757948627399276 0.0712224182096915
"mb54" 0.922450345904932 0.237071779099713 0.906957580935663 0.208100335609821 0.104826539098627 0.116839349290497
"mb55" 0.865317841880342 0.23191066795535 0.776287397817541 0.193078496811015 0.0938077595611798 0.109941111855405
"mb56" 0.900078562309732 0.223486573970265 0.837071154895289 0.186316242960951 0.12282038104019 0.124224819931968
"mb57" 0.785747047356954 0.208980451115738 0.639266852103994 0.163800205456095 0.0944870721305038 0.107864378593603
"mb58" 0.686983170435716 0.188224651903523 0.116848889047017 0.122318707361752 0.0851704826693531 0.137917527778942
"mb59" 0.774885017421603 0.210533908019468 0.660879476132986 0.16597367346902 0.101890092196866 0.10968869256425
"mb60" 0.692725935361379 0.211916538219917 0.104224511962811 0.138389647103105 0.0758418970340998 0.171323815132453
"mb61" 0.795774123949111 0.212048636533949 0.646892554582273 0.168912575208624 0.0968892643231886 0.111013104104262
"mb62" 0.678674557415141 0.206842798492701 0.104864834824291 0.137023261763088 0.0756137273755379 0.16598503088179
"mb63" 0.83326536160957 0.242562050909296 0.506589706955351 0.200591910938877 0.0932608099710378 0.123346939687248
"mb64" 0.71022429362074 0.18495489326193 0.567368368609058 0.143158797849371 0.0828784216849551 0.0804779061542288
"mb65" 0.703739748132621 0.189862663402085 0.324673149082106 0.129894714619649 0.0758223902102907 0.128834425568218
"mb66" 0.893694705799747 0.20343197682946 0.895312936467345 0.177400257048602 0.0887525358490478 0.0778981371962882
"mb67" 0.793824935349894 0.213384548020621 0.732402650593103 0.174098141180358 0.0816126620883988 0.0894191676269704
"mb68" 0.781548235023571 0.195480733209648 0.566542937885669 0.144267083399786 0.100904928541589 0.106784632130316
"mb69" 0.735481334764662 0.196367693678413 0.554307003616669 0.149800668680095 0.0930339563586103 0.108042118202967
"mb70" 0.754056193114365 0.151546105792295 0.797415493236277 0.127388579043071 0.0596819213436979 0.015808511512569
"mb71" 0.786101222720941 0.205671812863594 0.764610363216098 0.171390062309373 0.0833273984399347 0.0804909565404903
"mb72" 0.700185635117796 0.193798909340195 0.429333782705617 0.143533132001127 0.0811853163656447 0.105002381611537
"mb73" 0.762662483191394 0.208645135936569 0.585825393262927 0.165467248520508 0.0899981691227084 0.107274183939344
"mb74" 0.724864295552135 0.186082851864214 0.729323616942602 0.15664392718778 0.0728815908566051 0.0578149051519071
"mb75" 0.664822886699794 0.191373407308204 0.150860580984987 0.124563175848658 0.0706925208590233 0.146584567054602
"mb76" 0.69530006484702 0.196421852998451 0.372206241647543 0.133181829519543 0.0828434670252359 0.125690403809326
"mb77" 0.818337471106926 0.179090501818685 0.785495303083083 0.146391102920744 0.0691224909939961 0.048447370349311
"mb78" 0.64450468290941 0.173549489465911 0.426421362464126 0.126066813896249 0.0786941626300794 0.0824816041666289
"mb79" 0.679897036152205 0.200333672449765 0.150653070040984 0.130720121414967 0.0722895118267119 0.15754590797744
"mb80" 0.698020252162424 0.186293260693547 0.329430812760398 0.127859856865504 0.078021738373632 0.120571967586534
"mb81" 0.666272328957403 0.177592201692274 0.0819292628587706 0.114561497864937 0.058710706138312 0.129817020307766
"mb82" 0.663790239689221 0.183405507139258 0.277096421594362 0.126596532264839 0.0817633404919269 0.121781886428771
"mb83" 0.708419321070734 0.188860523890951 0.452987320669598 0.135077397484345 0.0811399883643287 0.109969467413118
"mb84" 0.657431112889981 0.174342038411119 0.175670960070449 0.121233610062616 0.0750273529977015 0.101431201326003
"mb85" 0.796488962828694 0.214320659561521 0.575987637417971 0.162514823915524 0.0941031881465937 0.113529113312306
"mb86" 0.655043837549128 0.147443489191005 0.717368338336595 0.1170039700638 0.0526834612240922 0.0122777893155527
"mb87" 0.830937279774489 0.227365504676705 0.646689885704412 0.180219865065192 0.105216793807605 0.128599594564357
"mb88" 0.749247416809047 0.173981350655045 0.7322879139109 0.141181547424124 0.0636651330858479 0.0438062875786313
"mb89" 0.839818491208168 0.144366340135926 0.880798098468055 0.120315549398845 0.0587236088700908 0.00735044850772901
"mb90" 0.65762380489569 0.179325395554629 0.340976298645551 0.119141968421985 0.0731673557438897 0.11289362877315
"mb91" 0.793533093389995 0.197258414274449 0.604139979799687 0.151974800660687 0.0972483934293693 0.109164600034253
"mb92" 0.63745151105097 0.168552689136105 0.305968029079019 0.111063284820616 0.0677307715859387 0.105728372041027
"mb93" 0.833009142190235 0.165993201961165 0.845037528008472 0.142107256762232 0.0665699029399649 0.0319333156670119
"mb94" 0.689762703810401 0.181628778578221 0.495269033925771 0.135896766574862 0.0747326277055767 0.0913953269964705
"mb95" 0.83509234828496 0.189603139767322 0.729503521929622 0.149356014304826 0.0944976737857319 0.0853582004032641
"mb96" 0.736155891170315 0.180028579484605 0.588473861905017 0.135872247057616 0.0817773522594671 0.0745520220022055
"mb97" 0.683827242008778 0.188153782894899 0.177595910162059 0.128417656563684 0.0722739847881754 0.108810326993694
"mb98" 0.701169885676754 0.190796256600405 0.224954819538607 0.135665800041528 0.0774808921698875 0.111875144590869
"mb99" 0.66506190350784 0.179268769745066 0.0828699872792503 0.116246071545568 0.0610060989705889 0.132778075066141
"mb100" 0.629049063773712 0.171334977391669 0.209079562207623 0.110882262777563 0.0611841887500601 0.119998423160092
"mb101" 0.700785453208622 0.186129189524769 0.434760066537846 0.13035167550074 0.080651764120849 0.114562677342106
"mb102" 0.666228579414737 0.175047615179751 0.116878362607721 0.114986469750614 0.0780603334771133 0.119355837595466
"mb103" 0.676393032126874 0.19890211419337 0.118986233319284 0.129957291490856 0.0629557495978865 0.156594706420886
"mb104" 0.69145024381434 0.18336601249505 0.370651565867638 0.127845709710617 0.0761670357063425 0.11157027741031
"mb105" 0.672757040923144 0.195683031521317 0.142527289981054 0.127881121076105 0.0729563548577999 0.151961357890968
"mb106" 0.664045083322621 0.194797719558783 0.0828648145913766 0.129030800317584 0.0690878525588264 0.153078591679805
"mb107" 0.697093140958222 0.193725728674651 0.163603637446657 0.129543180539823 0.0828786415492433 0.128457104123082
"mb108" 0.640419920306339 0.162826147957387 0.140416847588621 0.110460530209446 0.0680079703192417 0.0949616459793211
"mb109" 0.672001598209279 0.179208816544758 0.119611682472898 0.117479344827056 0.0812931253982884 0.126268490753332
"mb110" 0.667045031303762 0.192391738690921 0.142527289981054 0.125331203700485 0.0697110756276274 0.148482101070216
"mb111" 0.653925344435432 0.176360277108489 0.345212837813995 0.118131291116199 0.0736202774204141 0.109700154636933
"mb112" 0.621766768960982 0.135544373245472 0.725996681977545 0.107983232641886 0.0489921485948731 -0.00116242392951132
"mb113" 0.687904578331977 0.192187680077628 0.220100127911997 0.125804484146033 0.0650916062674922 0.142148739055442
"mb114" 0.655137543126809 0.165494320683087 0.128827198078622 0.110116544960652 0.0723928262378569 0.106161193957643
"mb115" 0.720170454545455 0.152947120283441 0.743875190038116 0.123500575570417 0.0580567968804681 0.0194572019461218
"mb116" 0.666866541768636 0.182187177174885 0.0828828762908121 0.117653384517187 0.0652129341915158 0.136861488288337
"mb117" 0.713649592549476 0.170603101162344 0.612732970558773 0.136667962889099 0.0780779060395814 0.0640324570949586
"mb118" 0.783272845457992 0.182768153155258 0.666303333436339 0.143748126960217 0.0914628650667017 0.0783013611404354
"mb119" 0.746635411484916 0.188335935619823 0.50920168128319 0.137359090459457 0.0989356228147844 0.117061581887804
"mb120" 0.664404679275409 0.171206593833288 0.301910525905581 0.117433931167044 0.0602310801904789 0.115309916267814
"mb121" 0.677786111923659 0.201322145255097 0.0949295822199233 0.13278741145142 0.0609273932805752 0.159944446533899
"mb122" 0.67559633112286 0.179675083640597 0.107650514225608 0.116263953222416 0.0816907516826806 0.126753875681554
"mb123" 0.7326466510088 0.18100049641376 0.598850279458026 0.143085201094842 0.0815362910929667 0.076066537149313
"mb124" 0.66591024981623 0.195522327602257 0.0828648145913766 0.128839918422793 0.0691768899072051 0.153841203567887
"mb125" 0.694488054120401 0.189857561017442 0.187234225863827 0.128530875409576 0.0767251646936974 0.110844898641451
"tnt1" 0.723931065463307 0.181809176711435 0.45064160242373 0.131764092200465 0.0934081053164493 0.120145721289445
"tnt2" 0.673141438346277 0.170140649308939 0.334187753234566 0.116113922592974 0.0681798050731754 0.114206584553869
"tnt3" 0.560859062619719 0.152470706175049 0.0818861405360808 0.0951187365927632 0.0576688766559898 0.0998663862681786
"tnt4" 0.666333117507407 0.187853172575708 0.189435637506196 0.124819051890841 0.0650816801747116 0.108530783273219
"tnt5" 0.720183404399565 0.158625253390096 0.588640902362516 0.118041347048977 0.0768368102180269 0.0659099129403157
"tnt6" 0.605444322653398 0.152735954170814 0.37794379327732 0.105154225278716 0.0670530592439569 0.0779891903774208
"tnt7" 0.669619741368454 0.191501214655021 0.17290740674173 0.127122903425075 0.0516186025541734 0.148229120621491
"tnt8" 0.687855531448679 0.181374637961147 0.351529302908541 0.126282104216834 0.0728172855094275 0.115184779850603
"iq1" 0.630743641277982 0.164147127018913 0.239853274813569 0.109677881341286 0.062036453074201 0.107710649937348
"ufb1" 0.619725683174537 0.144902720457275 0.737931994151473 0.117642832841252 0.0529246398312524 0.00901664976382143
"ufb2" 0.686301886792453 0.145945865991368 0.682715696921425 0.113761292522777 0.0686929897590171 0.0357284112216703
"ufb3" 0.669072580868008 0.167224123165195 0.366299670819212 0.114197855633675 0.0743175643226728 0.0995916408570984
"ufb4" 0.688565330460388 0.186660835463863 0.244881299679782 0.120573371608028 0.0821308986522523 0.134239739184417
"ufb5" 0.665282568114713 0.170639553311005 0.322707928707363 0.120050209614485 0.072883706140365 0.103535136742203
"ufb6" 0.671102661596958 0.173730473393537 0.320391005957059 0.122687445525211 0.0702097191012582 0.100888395717628
"ufb7" 0.676983566891824 0.175522156801818 0.309271438088934 0.12082907448365 0.0609657678169544 0.116990825129151
"ufb8" 0.687670074442384 0.191772290021478 0.219871266560241 0.126656578506103 0.0603738469849622 0.144794458515228
"ufb9" 0.673603181668634 0.187787899590372 0.178197909020512 0.12445099683863 0.0548898215476888 0.141757949062941
"ufb10" 0.744572051303546 0.174462127470363 0.740930650288006 0.142686987648306 0.0664620555514744 0.0430938593268381
"ufb11" 0.652529838266634 0.186283311969511 0.150577207782021 0.122852094776485 0.0675476883304582 0.143309052137351
"ufb12" 0.633720189745922 0.161466974151801 0.237657975330526 0.108025000587831 0.047597755243009 0.107375714534973
"ufb13" 0.653955150320355 0.166612197978387 0.279690493384087 0.114387714201113 0.0728741263656446 0.103721125741001
"ufb14" 0.76 0.217774201248491 0.448930481844957 0.156721985990549 0.0852317850256326 0.117159847451782
"ufb15" 0.61300312961836 0.158515404736934 0.376333769690809 0.110628807080504 0.0682047670559654 0.0765042000911896
"ufb16" 0.66651542943811 0.176086239857073 0.277272887978679 0.117547100715216 0.0770331491223601 0.11748765805874
"ufb17" 0.773771809176467 0.188047508942553 0.575857494905477 0.140716393457546 0.0881417272049966 0.0987074997870082
"ufb18" 0.709768699055369 0.172074213988252 0.474987422449138 0.123811501135245 0.0850514029436404 0.0992042577599757
"ufb19" 0.708807200712614 0.173502682820764 0.450764138140262 0.125909908033198 0.0878190641210818 0.106723235724225
"ufb20" 0.699267769532309 0.194488914978875 0.484418955465126 0.149970674019497 0.0786973219665364 0.0910161166902113
"ufb21" 0.557994905868312 0.153138200983095 0.196732373334499 0.0962123548790834 0.0543299150251066 0.0892168307113667
"ufb22" 0.59679213795661 0.152956233051708 0.639188126505461 0.118495855909062 0.0524967270828846 0.0194677508262552
"ufb23" 0.736382928554586 0.175695779611284 0.615839837745624 0.13489688769941 0.0774621163367629 0.0703249256966198
"ufb24" 0.640183792815372 0.173187166102725 0.642570472925917 0.136700689850807 0.0609669421110111 0.0416045519428025
"ufb25" 0.737922077922078 0.180748100575395 0.582913083044091 0.134167137569273 0.0819871908331979 0.0753640982794245
"ufb26" 0.589419528017 0.130188363396138 0.734846951360065 0.104613809943075 0.0489634790632168 -0.0093643186246277
"ufb27" 0.616227577753156 0.159741617381606 0.274125564661802 0.104456779941682 0.067104898813465 0.0999444439196475
"ufb28" 0.802203708680462 0.178016122779647 0.773575112929888 0.14399438202321 0.0667964858262644 0.0472020099263853
"ufb29" 0.670302737103934 0.198093722987153 0.150520660800204 0.130770077969839 0.0717558596624691 0.15653977241759
"ufb30" 0.645025869814419 0.165615914734651 0.283724767590131 0.114794192084121 0.0706234549163775 0.0980108628432711
"ufb31" 0.625672443610406 0.15897902048443 0.286237710125569 0.10881264442886 0.0615487385717538 0.0991550129810814
"ufb32" 0.686706372639997 0.185736782549317 0.254657825299851 0.127042876690729 0.0664368505409061 0.127930607595501
"ufb33" 0.680928648623432 0.183159944740326 0.277891692547455 0.121835464973992 0.0763478803803636 0.121565636353532
"ufb34" 0.743307816316089 0.180604281679015 0.505153538738072 0.133696261213501 0.084945848817908 0.101005294838252
"ufb35" 0.738416938978294 0.184905455437383 0.468251196643633 0.13367218513071 0.0945651477195102 0.119138850054537
"ufb36" 0.686134478422071 0.179297665163306 0.367351487842262 0.124899662501217 0.081006562939558 0.106896920897639
"ufb37" 0.677715734749707 0.182833607726563 0.2100171417971 0.118479198296582 0.0617970805581744 0.133893640938752
"ufb38" 0.727420893623788 0.17890445207067 0.481577730162124 0.128203880226907 0.0827921124512082 0.0989751010026634
"ufb39" 0.664668149219632 0.173889328150121 0.312221144113954 0.124054207907164 0.0721276400753409 0.10110667459246
"ufb40" 0.660025889596633 0.190567306079345 0.10425171815878 0.125252774325167 0.0555203878101766 0.148283839827314
"ufb41" 0.720175824175824 0.185155663842847 0.697411348847049 0.147934441715025 0.0657719780024841 0.0567415984451316
"ufb42" 0.621592412786616 0.164482637302353 0.240206764189285 0.110044428584339 0.0691619501523872 0.101376698466945
"ufb43" 0.629471635718793 0.165565642824094 0.222709305934284 0.111370191861365 0.0659315558372359 0.106253315583296
"ufb44" 0.60815626872133 0.169709772687875 0.138170700491424 0.110969780454517 0.0663032118188715 0.118228390744453
"ufb45" 0.823788150807899 0.174910755886388 0.823516143094627 0.147957538211574 0.0700454302551838 0.043776007169137
"ufb46" 0.666966162913979 0.145084109562078 0.544421024505174 0.108684431116748 0.0703689611648097 0.0510167911904405
"ufb47" 0.69882626080227 0.155066018234056 0.52204132188016 0.116452674335336 0.0791467731877977 0.0728822436378775
"ufb48" 0.686909440223561 0.173271106539416 0.470159891983914 0.126253157337231 0.0669179753872338 0.0823881834046443
"ufb49" 0.678229825602952 0.198202145750648 0.105387124758347 0.130495901113281 0.0523488519881366 0.156659665365443
"ufb50" 0.680947949463736 0.203075578676284 0.093909364298572 0.133061736910886 0.0699500143472013 0.162168835707196
"ufb51" 0.659911106338971 0.186370856436651 0.165143370926831 0.124201958002016 0.0529054361648043 0.142128986728277
"ufb52" 0.541158379849336 0.146196177739382 0.150902292514821 0.0903220941546728 0.0486856985083537 0.0932162791084184
"ufb53" 0.618364802280014 0.176798036993128 0.611628138939079 0.140745240646037 0.0621957933657558 0.045801483338735
"ufb54" 0.625116362656124 0.173854804638371 0.137548214510591 0.112134425287075 0.0571058691415773 0.125820297810035
"ufb55" 0.670872486794198 0.196950148205676 0.0823510006091752 0.128806513857449 0.0555353372920715 0.155728825600752
"ufb56" 0.607575245271319 0.165170710242097 0.126202703103215 0.103472735133371 0.0485631300126805 0.12050387563728
"ufb57" 0.648513567174057 0.165593984532907 0.263996548031233 0.113852357712183 0.0700602134409342 0.0979538539327771
"ufb58" 0.570398894154818 0.144963001920321 0.64668140248236 0.111389135788331 0.0475829707795076 0.00940404154691456
"ufb59" 0.684089282909548 0.152661155268908 0.55336877130559 0.115387282014153 0.0748231475636167 0.0592886006704852
"ufb60" 0.608591130511799 0.168368098084607 0.229944333877973 0.113677735618272 0.0671448286608838 0.101157205302447
"ufb61" 0.646534672260293 0.17858823767725 0.150210985016041 0.114836261260822 0.0592924270844992 0.134625426030824
"ufb62" 0.632076814668242 0.160447371646805 0.40423792004075 0.111162016596729 0.0703804247239487 0.0866284639275525
"ufb63" 0.73430796647086 0.159706805743457 0.650165719461568 0.122867950518344 0.0751162822399838 0.0520652533723352
"ufb64" 0.594414562034695 0.131135427156869 0.595370806437332 0.0980605827490932 0.0555724725692176 0.0192060316049474
"ufb65" 0.592888653023318 0.153327532601499 0.364327364247337 0.10624425577957 0.0640905559180929 0.0706661442140414
"ufb66" 0.664190021558362 0.178011145528322 0.176632427393244 0.114644497640257 0.0583543276575952 0.131450064687999
"ufb67" 0.639323499634967 0.160185407971427 0.26003142756827 0.107958844682936 0.0696702334159108 0.096809342176898
"ufb68" 0.884715777262181 0.193193388261277 0.883668291999028 0.166490302151582 0.0825871248510924 0.0660460149461072
"ufb69" 0.615830233550826 0.170446111946144 0.493724560992113 0.124918826101763 0.0695438924165175 0.0637478046575438
"ufb70" 0.654898794943706 0.185044460762852 0.151992319394064 0.119087450658909 0.0647813552947606 0.141995701798508
"ufb71" 0.562727395229753 0.156606627913796 0.210050578911125 0.0971661722423718 0.0580749271589531 0.0965055438275995
"ufb72" 0.655181939683374 0.188798803071023 0.0923327302293485 0.123174631478244 0.0549910735601237 0.147206792818846
"ufb73" 0.6212556140357 0.172319822210606 0.0922637540589524 0.11268177906418 0.0514198787633085 0.129688204424635
"ufb74" 0.699595961683527 0.194730249477646 0.395792686306104 0.136800031709566 0.0807617224036152 0.116340073002984
"ufb75" 0.602514169772622 0.163037235615029 0.126199757651378 0.103640712642548 0.0522400532267541 0.116669685100282
"ufb76" 0.644838351523199 0.176161646886231 0.173759522716027 0.114087420866871 0.0602486427722464 0.130500356983812
"ufb77" 0.684956971389749 0.185853735030894 0.320235289336224 0.129125461792943 0.0712794921272808 0.106514430939984
"ufb78" 0.673422751413758 0.174444526522794 0.297293860223973 0.119429967726418 0.0574070761860539 0.115796220789614
"ufb79" 0.603087690580666 0.163845535525469 0.127772013235789 0.103022499628225 0.0520842326918496 0.11836935314969
"ufb80" 0.85933014354067 0.176255340319048 0.845037528008472 0.148445978812355 0.0706441575216162 0.0464386429383508
"ufb81" 0.678286695770414 0.170812781323934 0.376111134367092 0.117581639266716 0.0783176298112105 0.0975191538315386
"ufb82" 0.663902185331721 0.193367033436941 0.144355573887208 0.126881879530461 0.0712243608865124 0.15121702257266
"ufb83" 0.806097037355088 0.189311090886258 0.778981228466373 0.158059967902542 0.0749763614202235 0.0615518932423331
"ufb84" 0.682935002217513 0.169878853526408 0.463803510058449 0.124476557892774 0.0717559773644906 0.0891753757166657
"ufb85" 0.725808149942087 0.146703962914872 0.767164478974751 0.117853292514625 0.0550246102971311 0.0122301643650494
"ufb86" 0.774118848969862 0.160907615101679 0.710493810292659 0.125388801927696 0.0779116447719667 0.0534198864010379
"ufb87" 0.634962210581037 0.163708459528139 0.450486926551717 0.116336334142816 0.0704839670949408 0.082405102704072
"ufb88" 0.791911764705882 0.198323953697109 0.606638520133569 0.152134546415138 0.0942822022065395 0.110216515318473
"ufb89" 0.631678176527871 0.176960750361051 0.115375240422952 0.11302535863579 0.0485016060624626 0.134564498538826
"ufb90" 0.722561701452266 0.170899033986011 0.7140328880045 0.138919890778183 0.0633264503400865 0.040238218236663
"ufb91" 0.604764988085664 0.158205582824548 0.207411794089495 0.103025310364377 0.0472723395365972 0.109272885881329
"ufb92" 0.682122732203204 0.183193382388786 0.293069335328709 0.123735195684607 0.0775712937454297 0.121601595387687
"ufb93" 0.666949240702171 0.194737658660278 0.0823510006091752 0.127381241242491 0.0502559219381685 0.153402923849223
"ufb94" 0.65459370853173 0.18751309144935 0.130688245551888 0.124312480258734 0.0658834512416662 0.145064880148443
"ufb95" 0.671344118746715 0.178896042756457 0.177237063192272 0.116097850407158 0.0583105984477113 0.129749243835088
"ufb96" 0.705535993030094 0.171395491584429 0.437059311238394 0.119663042511126 0.0806426399935242 0.0982817019423301
"ufb97" 0.609888520749053 0.160430772813887 0.289112888378175 0.104685880512426 0.0655082239562174 0.100736084373621
"ufb98" 0.680965738328992 0.183642765773695 0.243898447198761 0.123557080560588 0.0610009933723783 0.128617098936931
"ufb99" 0.688863867889121 0.183105081318741 0.343374389733338 0.124877900541772 0.0733752365830279 0.117055138003925
"ufb100" 0.702862783810464 0.189480663301268 0.393615937773683 0.135786094098985 0.0778192601803765 0.110580851003203
"ufb101" 0.67114807184284 0.182558437679653 0.346976211573402 0.127079556068787 0.0802977392059461 0.116321902904162
"ufb102" 0.759745277758757 0.186249361967371 0.535114211072137 0.138752258205904 0.0932497830946736 0.107198758113657
"ufb103" 0.618886842643749 0.165830954841074 0.327586239884636 0.110435542966895 0.0706928996836914 0.102898415321258
"ufb104" 0.673954609554175 0.181835326982523 0.198498778187283 0.117558296439041 0.0614384382148808 0.134251860337574
"ufb105" 0.667873858218273 0.174565311085534 0.363238102989257 0.122650189279724 0.0710266362715019 0.101887221991837
"ufb106" 0.614271508374146 0.169102571178142 0.127776049345807 0.105954683242569 0.0489335082672462 0.125222888411973
"ufb107" 0.65379602457635 0.187280605108709 0.142017734333326 0.123359852878097 0.0652302706460994 0.144829022442818
"ufb108" 0.661688359145909 0.184692606198875 0.172828138681635 0.121361212668852 0.0658468289125236 0.141067458473455
"ufb109" 0.660429144262262 0.182000384966869 0.184620184910856 0.117966061733898 0.0645939027731494 0.136679180125556
"ufb110" 0.644025201755628 0.140684059209238 0.635595295456289 0.107298944612632 0.0646013580612815 0.030294639976382
"ufb111" 0.636690963379292 0.147772900490402 0.545739933999709 0.108648668346866 0.0707305008510575 0.0537620043521338
"ufb112" 0.609456658199761 0.159289248808123 0.316114402397991 0.106527559214963 0.0722645098713366 0.099518000447033
"ufb113" 0.633372374366205 0.172292181374223 0.218679867657658 0.115316186709432 0.0677137080124252 0.118841258777025
"ufb114" 0.618340391564725 0.172415510297127 0.117940979244207 0.112308056530916 0.0609245132418212 0.122857587796433
"ufb115" 0.729766349986608 0.17996916757835 0.508876142014142 0.133048900314693 0.085071111431421 0.0896386865932046
"ufb116" 0.608908714726218 0.15735189098544 0.284075731538594 0.103399479713836 0.0672117964399547 0.100440779805806
"ufb117" 0.685095548255966 0.186545442454191 0.225894651409651 0.124545579888089 0.0623276816125381 0.134137281736362
"ufb118" 0.659182299803535 0.188349039281055 0.106613135230868 0.123989934497431 0.0626218349248715 0.145501153398887
"ufb119" 0.669052231248373 0.196045179671038 0.105387124758347 0.127185471684331 0.0580311669981452 0.154394473196755
"ufb120" 0.75900462060903 0.217177271296719 0.455725724653545 0.156705828489703 0.0844341652222424 0.116793010494302
"ufb121" 0.586023705977658 0.163067689794437 0.18918485021962 0.107386466885232 0.0633316671024225 0.0999117233663372
"ufb122" 0.623375426306572 0.153613644126012 0.426833280210422 0.107448309353746 0.0655742555601044 0.0712105666559654
"ufb123" 0.725251555616504 0.157204624160954 0.596862295711921 0.117431804674316 0.0791820905283474 0.0645780052355309
"ufb124" 0.680681141089031 0.181655050934091 0.368830960368857 0.129206694875641 0.0761911089163743 0.10208716272999
"ufb125" 0.634043418577457 0.160437999801437 0.42500257971058 0.114067640931746 0.0632164875613094 0.078446109257743
"ufb126" 0.617994839397918 0.164522049354355 0.183665845178189 0.107534892514398 0.0516539939407368 0.117186427212514
"ufb127" 0.698596754868712 0.198179834681811 0.411343270553728 0.137251452064445 0.0817572136477221 0.120288198979098
"ufb128" 0.696232476635514 0.187189259291809 0.347679848755672 0.129824498005223 0.0745053127908387 0.107916359193141
"ufb129" 0.6342098440166 0.172404027255088 0.185992507082247 0.112926080127711 0.0493448506697334 0.126533973332034
"ufb130" 0.646873304105946 0.175103397963262 0.258877245760246 0.1188179314351 0.0718831946653093 0.119398331808244
"ufb131" 0.635305039787798 0.164798266892134 0.260558377036478 0.110891144137297 0.0730620836865449 0.0972335187442525
"ufb132" 0.660719475570769 0.167349744188822 0.291432708948285 0.113067094502809 0.0722388923476225 0.104587946154241
"ufb133" 0.657909522224072 0.16676489978892 0.296556907565766 0.113311799300549 0.0700645732080602 0.0993137719866283
"ufb134" 0.674491931520825 0.18436671262943 0.234372256815717 0.121252947625034 0.0659237263584172 0.131816292477395
"ufb135" 0.790669021924681 0.192472486463395 0.592490520551309 0.146052209547913 0.0923603744823477 0.103853458825697
"ufb136" 0.75218017671917 0.185510912478108 0.547040728887718 0.136669893999787 0.0907744104689766 0.106452178277322
"ufb137" 0.904754647973179 0.191399981939152 0.883553555316825 0.162290100416701 0.0809338080174739 0.0639699796769361
"ufb138" 0.645455858383709 0.161884390570357 0.239879091468578 0.108583349912801 0.0695167671156911 0.0986116586072873
"ufb139" 0.621675712347354 0.139159263552729 0.578740732021679 0.105452044121183 0.0604448840415915 0.0287255733243323
"ufb140" 0.571230118133554 0.154315970965454 0.195388534972972 0.100253103710533 0.0476622318663905 0.105196827879586
"ufb141" 0.668562734989728 0.190006227300661 0.3047375925228 0.129303547774736 0.0670384989625688 0.110867219629179
"ufb142" 0.580852775543041 0.1439865429285 0.694953140114806 0.111442440403422 0.0494395061401202 0.00569260086874384
"ufb143" 0.745544461190656 0.186804479232622 0.511261175440975 0.139129993863616 0.091890266805253 0.107871305646193
"ufb144" 0.67548085630456 0.14644643756965 0.601971893078592 0.108861631284288 0.0637316784080402 0.0369475886933785
"ufb145" 0.672678679067636 0.183827514056607 0.213917747743538 0.121354637835751 0.0603984212038647 0.131212960366436
"ufb146" 0.680103869309643 0.188216605687215 0.335312528615348 0.134418045252157 0.0779779094950086 0.109193744000978
"ufb147" 0.663439584112692 0.175099429286533 0.245834925690491 0.114584080849237 0.0760588617344814 0.116430663322411
"ufb148" 0.666418264345234 0.169821592986778 0.356626546504533 0.116674917806678 0.0706518183139094 0.10729663925799
"ufb149" 0.595030115050312 0.150822133376676 0.394032155155601 0.103588232992803 0.063836253320157 0.0759146230163552
"ufb150" 0.668586960189883 0.18757763683494 0.165863064384854 0.124856220933791 0.0566755511091259 0.143407670313382
"ufb151" 0.69618978152895 0.146892473289445 0.613968864962913 0.110609314175665 0.0664720089953556 0.0378396911404859
"ufb152" 0.544391224250544 0.150828861701045 0.275231959735912 0.101041711144965 0.0594804090052406 0.0759834412506488
"ufb153" 0.619350478426351 0.172524542353465 0.260749716894662 0.110301032911457 0.0623922831463917 0.0993755692891439
"ufb154" 0.602349016044376 0.16748700766907 0.243956321907993 0.106660775663402 0.0686293603425785 0.115853637617734
"ufb155" 0.627742950226949 0.180683465476643 0.207575857779029 0.114989538495242 0.0715077891069566 0.135276730443775
"ufb156" 0.674380412063302 0.198807003301023 0.0832951881939905 0.130321891282013 0.051537234319366 0.157683135857906
"ufb157" 0.51850548831973 0.145062357426343 0.162609540391745 0.0891510513728403 0.0481608965347467 0.0805006524411422
"ufb158" 0.667728405401138 0.175251572379623 0.308422358865682 0.120668334241561 0.0718541485644936 0.1025889363368
"ufb159" 0.60054420023637 0.15079847584838 0.309051690320798 0.102603168515803 0.0632177299420417 0.0866031089244268
"ufb160" 0.763898916967509 0.160476661934514 0.799953831143215 0.133310019806267 0.0622962577612977 0.0278116669114372
"ufb161" 0.597237464522233 0.161763836091829 0.316229750001408 0.11202074870992 0.0622397565127534 0.0799519614828766
"ufb162" 0.703498915478434 0.191209575694057 0.393615937773683 0.138613794702884 0.0780556106118874 0.112478063962177
"ufb163" 0.659295543762191 0.179802217206711 0.307992007408196 0.126194454582071 0.0792602351381396 0.113499116995099
"ufb164" 0.545580878265703 0.150292608148676 0.176090443088616 0.0946158899953418 0.0507316573172708 0.0954485910608643
"ufb165" 0.646597488657447 0.182666912633452 0.152284867973101 0.120517169266319 0.0649034130590256 0.138933359963743
"ufb166" 0.688413456985995 0.191220675504911 0.213338320060276 0.125535950349048 0.0604246674970741 0.142830178688915
"ufb167" 0.5756659677865 0.153455023916356 0.365293800915199 0.109597009285541 0.0610680525540756 0.0604023364459833
"ufb168" 0.616816415657814 0.169251719984296 0.127776049345807 0.106288182598554 0.0479167682207975 0.125380662264072
"ufb169" 0.68159785348662 0.184260842328836 0.253453025245977 0.118197341044818 0.0824166761283685 0.129252135772949
"ufb170" 0.68547283426851 0.149827729048283 0.628648630972713 0.11457030777596 0.0660075289844575 0.0405310197639737
"ufb171" 0.608568932655654 0.166882547723559 0.117940979244207 0.107758707576147 0.0551335376691978 0.11697345053087
"ufb172" 0.722075220629847 0.176272670174937 0.532593925253864 0.135410608708752 0.0868390078472342 0.0855328667529775
"ufb173" 0.637939524855888 0.183379527644928 0.230690127789168 0.118742924776125 0.0670615087487369 0.138981963632473
"ufb174" 0.655505098106418 0.143470475808315 0.545588238613088 0.109739523616631 0.0709761410046393 0.0490851537378632
"ufb175" 0.658833925398432 0.181620147893003 0.177571746371786 0.118677696096027 0.0643801319023644 0.137124754448151
"ufb176" 0.621126621126621 0.143383066180791 0.658404517581298 0.109845482306846 0.0481608888416108 0.00838591632144038
"ufb177" 0.685812714306412 0.180632303833379 0.495269033925771 0.134241970682701 0.0743791011895621 0.0905751662813335
"ufb178" 0.675404640705728 0.178337492568017 0.269468734399506 0.118096536658512 0.0761086898932826 0.119957278493487
"ufb179" 0.692541213180699 0.18461921113659 0.414963150550707 0.133703925338764 0.071763853025262 0.105107375550542
"ufb180" 0.620250384903873 0.152854391653995 0.206922161916009 0.099615338766689 0.0511593154649755 0.0982285573627565
"ufb181" 0.622050985507636 0.163336911962053 0.313593656761686 0.109120220722516 0.0713715278823323 0.100153622374474
"ufb182" 0.657196980601922 0.189245619390748 0.144355573887208 0.125025879591179 0.0676572951116192 0.146888398299837
"ufb183" 0.554856909733212 0.145085542053055 0.127463823437942 0.0927419604615695 0.0557723396501404 0.0953399026877414
"ufb184" 0.647288614042474 0.16995638264249 0.269250731926251 0.112549317772013 0.0655810320514834 0.0966582643245465
"ufb185" 0.632949882037502 0.177299238338188 0.115078390527492 0.113066185600992 0.0500704442556688 0.134923664701015
"ufb186" 0.67517267327797 0.183770349356283 0.312806221023318 0.124631860774015 0.0753485674607457 0.11181336474164
"ufb187" 0.733569630953067 0.183436660377724 0.439034263216525 0.129856685504665 0.087112300053548 0.103829929122336
"ufb188" 0.623268628589035 0.159083340848183 0.254780053790467 0.106022673872726 0.0604037805006871 0.0992575877136921
"ufb189" 0.645812925703787 0.179305604886525 0.172817785880571 0.119312315416855 0.0508411162346571 0.13383189124112
"ufb190" 0.544334705330348 0.144675011558605 0.161723064904453 0.0890761748960799 0.0487827746487026 0.0949137871671581
"ufb191" 0.679927030036835 0.187162554429833 0.213338320060276 0.123175346267739 0.0578800162465245 0.138510914416319
"ufb192" 0.697783821899869 0.183336806236272 0.464877370310895 0.131883425234473 0.0765454367520707 0.103778726825021
"ufb193" 0.594747691721378 0.151210176279239 0.3879177827153 0.107602890191805 0.0632085587786453 0.0578931493193219
"ufb194" 0.598012585449771 0.146920554474768 0.400263223983832 0.104899659403807 0.0670488278610015 0.0639386580949684
"ufb195" 0.630053669821542 0.159023964540551 0.247333922863049 0.105850394378917 0.0644668269706462 0.0992584218175193
"ufb196" 0.626766610944716 0.175325510785101 0.129369804667334 0.110042313707913 0.0522847488581995 0.132233986502333
"ufb197" 0.663178423631261 0.172268660798954 0.316478641662342 0.117540818275981 0.069299181363054 0.0992977129866867
"ufb198" 0.612308704953102 0.157692788717723 0.222709305934284 0.103938942040944 0.0615163618878374 0.0977772882067846
"ufb199" 0.675023301034555 0.202973298726853 0.116789713457669 0.133434241516625 0.0736137504262191 0.162057924566337
"ufb200" 0.685418153565395 0.204764929642641 0.106579291186579 0.133911105552638 0.0693487145869239 0.163568259767077
"ufb201" 0.708732971356114 0.1917568469486 0.407869358007319 0.134042313240802 0.0762970618333761 0.102834284214587
"ufb202" 0.648528876527178 0.184469470013926 0.106457835894979 0.120252951103216 0.0489733798638558 0.142655402644263
"ufb203" 0.613582246162239 0.1687932749449 0.153037530916806 0.112481327394616 0.0699327097538537 0.11518966423702
"ufb204" 0.678594259464495 0.181127444926212 0.248942830503825 0.117600571389555 0.0796636617984608 0.122945460677743
"ufb205" 0.732832133464389 0.199558302541795 0.52299476171417 0.152072929106638 0.0800702128916451 0.0972377962482557
"ufb206" 0.69306828908141 0.188992352038375 0.355114582505094 0.134505505601338 0.0814904449746192 0.109762858102353
"ufb207" 0.613884785819793 0.161214216835334 0.690309959379279 0.129916646407767 0.0594853693487538 0.0279202549030376
"ufb208" 0.685206331523 0.18186429156517 0.398315807766352 0.129706781733497 0.0733186365694165 0.102092899480504
"ufb209" 0.647277305996194 0.185429257740148 0.116760184316132 0.118458552136004 0.0524582629036751 0.143613503616929
"ufb210" 0.578377580115644 0.144048130529053 0.41786954111969 0.0997978232955682 0.06017345974657 0.0604466906857216
"ufb211" 0.679845742752285 0.203332330208694 0.0938677262091658 0.132543191300986 0.0627858746004247 0.162055297640886
"ufb212" 0.697380432519579 0.183820899977328 0.403067115358532 0.129665685449749 0.0767066188493084 0.1178918030218
"ufb213" 0.598560156085995 0.156510240444172 0.200473832618766 0.102441530937201 0.0485421322482882 0.106039224045225
"ufb214" 0.573225557610796 0.164529270347334 0.224334991037049 0.102834038798094 0.0589933676476587 0.101380791328173
"ufb215" 0.572943628134167 0.153903879423426 0.185920114071004 0.0994912752088225 0.0440079883506232 0.105983558628251
"ufb216" 0.614525549375903 0.177922724287967 0.1612255277481 0.112537952138448 0.0434502670316446 0.135330648189587
"ufb217" 0.697431260067256 0.189366988056486 0.347679848755672 0.132293244245281 0.0742470284844502 0.110306480420366
"ufb218" 0.670915722347112 0.196644924235711 0.0949295822199233 0.128367396512638 0.0540116672048582 0.155021582507441
"ufb219" 0.642220835224694 0.162499337760349 0.506481746281371 0.12313766347441 0.0669812722726609 0.0551949254980901
"ufb220" 0.646554604201865 0.167697033972739 0.377829681730652 0.115462366304404 0.0708909688726876 0.0864462332905908
"ufb221" 0.690024860161591 0.181381367926848 0.658520599334833 0.144213636873347 0.0671242404019212 0.0515962347041154
"ufb222" 0.643606183270396 0.178518779171575 0.229700548638701 0.118752974054376 0.0759482541382645 0.123087045798329
"ufb223" 0.678150498640072 0.199094342875752 0.105688924374089 0.129952804357357 0.0681535522922074 0.157251736740362
"ufb224" 0.684046071413378 0.204513899294025 0.10418695371488 0.133558302876456 0.0705533637788589 0.16329826400564
"ufb225" 0.635461637054056 0.162437427301773 0.231451013204819 0.108102416849808 0.0480308154939133 0.105935292646661
"ufb226" 0.718969296226033 0.195801796789805 0.428330812941431 0.133763068060581 0.0862628370222932 0.117538020690553
"ufb227" 0.66988826004934 0.18783298474581 0.443734545643741 0.138286540020981 0.0709187535074114 0.0836857972855691
"ufb228" 0.681612857210784 0.185643157046128 0.324356814693811 0.130126800955524 0.0771523550198941 0.106219466606331
"ufb229" 0.610584715122803 0.161356934165142 0.219811790483006 0.106764013249424 0.0545684055335185 0.10733111666423
"ufb230" 0.640452843744212 0.173364263187773 0.325236811586873 0.116014217704344 0.0697964766651013 0.106495045348577
"ufb231" 0.622472846542639 0.164988559483407 0.292358773296537 0.108454891485937 0.0652192231805497 0.10192246751663
"ufb232" 0.796260288202861 0.216099776012134 0.573863850896392 0.162403609278647 0.0975121801774502 0.115270048069741
"ufb233" 0.691169405208033 0.186842634785451 0.335977709639182 0.128999144484195 0.073326918573847 0.107535928625313
"ufb234" 0.601329727050355 0.161961291127932 0.353839491372106 0.110958722982193 0.0765386838957529 0.0799845561455219
"ufb235" 0.650949612541005 0.181396375247817 0.165143370926831 0.120191912679877 0.0494796678143489 0.136874830093285
"ufb236" 0.394824469603273 0.132761713699123 0.583120661644994 0.103057056885341 0.0441841515466334 -0.00412953433045055
"ufb237" 0.445532982709429 0.118358067316395 0.497205978511089 0.0876295123157417 0.0505301029859757 0.00476872626480428
"ufb238" 0.554089319485679 0.157948574614855 0.185689238523418 0.102345723395866 0.0554431179500144 0.0981306055779108
"ufb239" 0.510865558212736 0.135625467126698 0.0695434321886313 0.0834313134437771 0.040529566310438 0.0876802035820366
"ufb240" 0.60690215586791 0.149680129817273 0.218395141156979 0.0998566487938163 0.0512467727598515 0.092310027120292
"ufb241" 0.653284632516704 0.17492365434913 0.266040469761981 0.115516064835831 0.0695400922454309 0.116337229859813
"ufb242" 0.658507299768045 0.173615400619818 0.494718527251698 0.129709675671818 0.0730019792974048 0.0677352291320274
"ufb243" 0.649898742036098 0.166239628439099 0.438073261932014 0.121097596400183 0.0718280927217698 0.0745877069626
"ufb244" 0.6399639287593 0.175317115490698 0.642607733560959 0.145283155226607 0.0628976303441809 0.0452490995582363
"ufb245" 0.638328823717669 0.173857038675067 0.479322251402047 0.130119761290338 0.0640167645700847 0.067550559784922
"ufb246" 0.648031170671232 0.181498948646285 0.455439891784564 0.134816995513504 0.0696685575938754 0.0765395242536804
"ufb247" 0.546903575579741 0.151785209979503 0.244638135549595 0.0978094916653656 0.0554011534736607 0.0876428296454418
"ufb248" 0.555118605345755 0.152453324165751 0.153051547606888 0.0956963256108034 0.0578186857428339 0.0977322161869826
"ufb249" 0.802218561562061 0.193516708171301 0.627365033548261 0.149387657686539 0.0924918746607033 0.105012274663019
"ufb250" 0.605271852202409 0.168117583392799 0.284276882269663 0.118345545012419 0.0646821632003579 0.08707030408347
"ufb251" 0.563492011759108 0.152543613264514 0.20764778691189 0.101647405045092 0.0484102510690347 0.100072370735903
"ufb252" 0.560510056267799 0.151684523655333 0.191706345274769 0.0993535203366424 0.0467554634938683 0.100955252754628
"ufb253" 0.558653491649692 0.154971570097837 0.153051547606888 0.0963702868068225 0.0571989772709227 0.100411866969149
"ufb254" 0.673213139182355 0.169523972354793 0.349380594481348 0.115149193987145 0.0674526561495977 0.110617713678148
"ufb255" 0.67004684445062 0.182886049891474 0.220091378212827 0.119988907826304 0.0597447075082878 0.130210804720376
"ufb256" 0.468435420576693 0.163304266162903 0.547326403381529 0.124425502262789 0.0542751653256133 0.0303424402313559
"ufb257" 0.673398329511068 0.196340854741727 0.0971263682916828 0.129484430741686 0.0647737901965884 0.154367109515546
"ufb258" 0.801657836267305 0.190923541797996 0.776274118215124 0.153892452346742 0.0750818233246311 0.0620705008939694
"ufb259" 0.521961581731407 0.135430927921169 0.080987239678693 0.0847608423487183 0.0367669552888706 0.0891320619706576
"ufb260" 0.632457249969229 0.180188159966683 0.245099813544569 0.116558648779991 0.0701674327023914 0.13478933048195
"ufb261" 0.611440669502866 0.157893766344531 0.433227436850096 0.11278054185254 0.0646769315493519 0.0758537621509161
"ufb262" 0.637891176848324 0.172395094864463 0.151884012460228 0.110981387116493 0.056377288094578 0.127399380585242
"ufb263" 0.708357588357588 0.187193449343831 0.717485739313274 0.151692901325538 0.0724198493047487 0.0577463561092734
"ufb264" 0.549846314961142 0.156751207753675 0.178031510677888 0.0998587739829491 0.058099676950449 0.0998425897683537
"ufb265" 0.653526171796552 0.17816871699973 0.248346327821372 0.121492664689275 0.0728446133020934 0.119738963332868
"ufb266" 0.685219404519668 0.181713647129677 0.348420186155871 0.126368367881001 0.0746985792662742 0.109772641595935
"ufb267" 0.648631561220456 0.179796368354916 0.174746858600236 0.117923020758011 0.0543930670126583 0.135197820314293
"ufb268" 0.651137541600742 0.163117842337527 0.379376903846732 0.11214433628416 0.0703945045310899 0.0955193530579985
"ufb269" 0.727166195629696 0.179315657743799 0.466147485724005 0.131092011824421 0.087420946640875 0.0992217862043108
"ufb270" 0.682350839585566 0.183339894357505 0.289574030537184 0.120106679952749 0.0792629743525939 0.121759155178223
"ufb271" 0.678081918877998 0.183339962476709 0.312806221023318 0.126515324062935 0.0761688898532889 0.111345035915155
"ufb272" 0.769662975960183 0.192128242968304 0.570810962558947 0.142676177853116 0.0984795723878935 0.113711822802608
"ufb273" 0.729869236063317 0.17077482862906 0.749719700630439 0.138120532799313 0.0666708125667671 0.0375678715146828
"ufb274" 0.484831354814396 0.164493213004312 0.51743957045649 0.120976431250984 0.0481692067951957 0.0328228823354034
"ufb275" 0.696530925710861 0.175466282935981 0.389844387848858 0.126790762058245 0.0790393727046148 0.0949739292673959
"ufb276" 0.740921487010191 0.210876892375774 0.467549955602576 0.153906772835098 0.0858710670107511 0.109696096054244
"ufb277" 0.68600181359407 0.173853681969048 0.379103801698043 0.120775842375339 0.0751105454407048 0.0930072721832266
"ufb278" 0.638386981611633 0.161473158299771 0.343538256779266 0.11169458839592 0.0663915595710911 0.0937799140869636
"ufb279" 0.643327066324414 0.177187019573913 0.172774858579399 0.116945477414199 0.0478985855882371 0.132436539421978
"ufb280" 0.579806119599473 0.156490018855508 0.194833629660354 0.101894816760968 0.0584370174250954 0.0995261750640912
