NaN NaN NaN NaN NaN
NaN 1 NaN NaN 1
0.6516979 NaN NaN NaN 0.5889737
NaN 1 0.4959831 1 1
0.2525826 0.4093145 0.322673 NaN 0.4376471
0.4088129 0.7051938 0.5399545 0.6511195 0.3697532
1 0.3409558 0.5519485 0.4687811 0.4030891
0.2984089 0.602099 0.2343886 0.4045193 0.2955104
0.4124979 0.2169627 0.2314384 0.426028 0.4376471
0.5818737 0.2075097 0.4760543 0.3539154 0.3663743
0.3315572 0.2840939 0.3082456 0.2752333 0.2099852
0.2532138 0.2962352 0.5701736 0.5435591 0.4771149
0.4161861 0.3991226 0.4748382 0.2483985 0.2224389
0.1445125 0.2328019 0.3345589 0.2001181 0.1925039
0.2157016 0.3032755 0.1567481 0.2609515 0.1963557
0.2412125 0.3014867 0.3113281 0.2639943 0.4748862
0.2238701 0.248598 0.1918365 0.180174 0.1329246
0.2519762 0.1537985 0.1135072 0.1588703 0.09948607
0.2218344 0.1212522 0.1413667 0.1441269 0.1405024
0.1488286
