NaN NaN NaN NaN 0.5687732
NaN NaN NaN 0.6270346 1
1 NaN NaN NaN NaN
NaN 0.1426179 1 0.7059307 1
0.6672622 0.700742 1 0.9956873 0.8733557
1 0.533154 1 0.9674326 1
0.9176059 1 0.3771964 0.829273 0.6391234
0.9439543 0.6081761 0.4896845 0.7708084 0.9940109
0.6756782 0.7257293 0.8901008 0.02086839 0.5843238
0.7864699 1 0.5121633 0.5982045 0.3914433
0.8986453 0.4455024 0.7997497 0.5701096 0.4755055
0.716647 0.9191396 0.8207456 0.5260143 0.6918335
0.805855 0.7126223 0.8775226 0.4725734 0.4253091
0.8239757 0.5189307 0.594881 0.6501186 0.6044443
0.651454 0.4607964 0.6123769 0.8945398 0.7816035
0.81657 0.5137856 0.6823578 0.6712653 0.6246473
0.6467551 0.4404604 0.3719882 0.6681989 0.3427927
0.3470537 0.4171816 0.3271645 0.3998205 0.3636674
0.4813976 0.4381248 0.4004252 0.6095267 0.4299211
0.624353
