NaN NaN 1 1 NaN
1 0.5169992 1 NaN NaN
NaN 0.7527336 0.2537769 NaN NaN
NaN 0.5098805 0.4008755 0.7135467 0.4376471
0.5872227 0.4509761 0.5935039 1 NaN
0.5336784 NaN 0.7080716 0.7283767 NaN
0.5696382 0.4544179 0.2562274 0.3125987 0.5605946
0.324128 0.3332804 0.4094556 0.5263643 0.8194122
0.4262958 0.3156383 0.5587455 0.6776355 0.6511195
0.7134804 0.3849777 0.2840644 0.516225 0.35585
0.5613604 0.341078 0.1995218 0.5218942 0.2604047
0.4012165 0.4219676 0.3150495 0.4168464 0.6366588
0.4540908 0.1732995 0.2810195 0.3806183 0.227501
0.1652647 0.1993774 0.376113 0.2626145 0.3736762
0.2958704 0.2171832 0.2742918 0.217461 0.3033855
0.3675995 0.2053582 0.2757321 0.2281526 0.2596607
0.2074041 0.1370392 0.214491 0.1455911 0.130864
0.3402986 0.1756116 0.1528037 0.2488394 0.2309416
0.1739948 0.1440247 0.1037262 0.2021334 0.1730498
0.1606504
