1 NaN NaN 1 1
1 NaN 1 NaN NaN
1 NaN NaN 0.7555581 1
NaN 0.8191029 NaN 0.6906597 0.634603
1.217677 0.9898123 1.050324 1.130608 NaN
0.1836234 0.9972526 0.543642 1.282686 0.8586567
1 0.2274756 1.306827 1.317055 0.7118451
0.4531195 1.228353 0.3434091 1.026169 0.6411371
0.511938 0.9468688 0.7872174 1.40848 0.2208411
0.5243505 0.7886684 0.5889373 0.6045146 0.9430263
0.5278309 0.753688 0.674487 0.9207709 1.060867
0.8295708 0.650291 0.6140086 0.4846859 0.6416176
0.531641 0.7861887 0.2638804 0.4646604 0.2771197
0.2882158 0.4738344 0.6420735 0.235702 0.3161675
1.090553 0.3966799 0.3950049 0.3882946 0.2857764
0.6243428 0.4599334 0.2097736 0.40546 0.5008894
0.2696585 0.4266039 0.4056965 0.2389034 0.2704239
0.3072453 0.1571124 0.1648244 0.2501152 0.2954575
0.2855538 0.1841343 0.260916 0.2386108 0.308677
0.181239
