NaN 1 NaN 1 NaN
0.7024264 0.2537769 NaN NaN NaN
NaN 1 NaN NaN 1
1 0.4561622 0.5034518 0.7443959 0.5701736
0.3672239 0.8075696 0.611147 0.3296431 0.624955
1 NaN NaN 0.3693857 1
1 0.5034518 0.5314511 0.3869321 0.4128479
0.5572801 0.7181843 0.1803381 0.4578834 0.346011
0.542194 0.6201956 0.3203643 0.6948715 0.4115911
0.3609197 0.5116067 0.7181843 0.2991513 0.2734873
0.3002283 0.5044059 0.4232398 0.3307491 0.3464307
0.3603652 0.3437151 0.233981 0.3995618 0.4891332
0.3242901 0.232786 0.3589491 0.2175507 0.2693521
0.2693365 0.3183486 0.2127762 0.2735067 0.1413733
0.1978164 0.3526392 0.2413407 0.2136086 0.3139729
0.1703273 0.3641825 0.4238831 0.2324481 0.419303
0.1209121 0.2435759 0.2306881 0.2878562 0.1254005
0.2735068 0.1746031 0.2043551 0.1492238 0.1661279
0.2517906 0.2367021 0.1542137 0.2276709 0.1958614
0.1392628
