NaN 1 NaN 1 NaN
NaN 1 1 1 1
NaN NaN 1 1 NaN
NaN 0.4287653 0.7583659 0.7755682 0.9301532
0.7865001 0.974118 1 NaN NaN
0.6237604 0.6688426 0.3856744 0.9274245 1
0.8018467 0.5526226 0.4762465 NaN 0.7632201
0.561099 0.5180566 0.6073572 0.8012817 0.812326
0.6041252 0.6055662 0.2747419 0.8899846 0.4280798
0.5183971 0.935116 0.8345159 0.780948 0.633279
0.8021928 0.9358185 0.8556761 0.7888094 0.4895732
0.5506282 0.4738837 0.9699863 0.8550212 0.7573448
0.5714739 0.6597502 0.9071091 0.8260306 0.7752658
0.4957171 0.7083302 0.6314553 0.8169924 0.6221842
0.7664676 0.4990364 0.878963 0.3895358 0.817535
0.5675932 0.634119 0.3797157 0.6681089 0.6674332
0.4894271 0.365926 0.4094761 0.441031 0.4646781
0.5799929 0.5878364 0.3935152 0.4826435 0.4686779
0.4591982 0.498369 0.5108925 0.389985 0.3800739
0.3594114
