NaN 0.2525826 NaN NaN 1
NaN NaN 1 NaN NaN
NaN NaN 1 NaN 0.5590794
NaN 0.6185444 0.7703179 NaN 1
1 NaN 1 1 0.4770916
NaN 0.6128375 NaN 1 0.8695093
0.7228567 0.7024264 0.3004858 0.3298515 0.4289215
0.1911807 0.4375667 0.318608 0.5296364 0.2668952
0.2180514 0.4230469 0.7065241 0.5091337 0.338003
0.4305416 0.34324 0.2513512 0.2063981 0.3023413
0.2319945 0.3313029 0.2517968 0.5776412 0.2017889
0.7664268 0.3600212 0.2275763 0.312729 0.2747248
0.3179342 0.3651842 0.254246 0.4978076 0.3572367
0.1348333 0.1868963 0.1950774 0.1896928 0.249277
0.2662319 0.1841499 0.4030158 0.2106814 0.2882845
0.2257605 0.2731455 0.3432183 0.1318213 0.2267487
0.1669316 0.2155253 0.2107815 0.133777 0.1142075
0.2231734 0.1848305 0.2140521 0.1682487 0.1544762
0.09948255 0.1803587 0.1119059 0.2439391 0.1303458
0.1650899
