NaN 1 NaN 1 NaN
0.8683553 NaN NaN NaN NaN
0.5255097 NaN NaN 1 1
NaN 0.5442568 0.9175601 NaN NaN
0.4227901 0.425745 0.6280864 1 0.5142409
1 0.595319 1 0.9860357 0.9573783
0.2936437 NaN 0.4022308 0.5201735 0.9951781
0.69053 0.9470163 0.9307576 NaN 0.353256
0.9955343 0.9246694 0.6307332 1 0.6033612
0.9662612 0.7798512 0.5355664 0.9935475 0.7256694
0.8639275 0.8532214 0.7955503 0.9203435 0.8653989
0.6563325 0.7996002 0.7659679 0.6115358 0.4685321
0.3866157 0.619731 0.3650444 0.8130512 0.2468454
0.6338563 0.5385621 0.5405589 0.5117582 0.6201681
0.4667127 0.6602894 0.7638745 0.4265642 0.6329095
0.3410782 0.5512423 0.8051336 0.5013652 0.4701081
0.4693619 0.3909739 0.723444 0.6715155 0.4541961
0.6703692 0.4651797 0.470555 0.4013419 0.4079887
0.4715382 0.3264353 0.5418849 0.4238778 0.4198347
0.5030037
