"quartet" "wQuartet" "cluster" "phylo" "mutual" "shared" "clusterNorm"
"mb49" 0.72794342777234 0.728253631961259 0.19931449602297 0.3368490084511 0.136086680734333 0.0794412306699342 0.140222295017902
"mb50" 0.891566265060241 0.934647776979826 0.235769339836695 0.891391767286298 0.196132014847262 0.0996147212338931 0.1148356248333
"mb51" 0.908919158455117 0.909977225619898 0.217224957381026 0.853721769385699 0.17925096173738 0.11705177870408 0.118269892695129
"mb52" 0.713884536072496 0.748953186803634 0.1938483665419 0.502321371426395 0.141140220126127 0.097275429128605 0.106698102443147
"mb53" 0.637216820181189 0.728053318939628 0.24083859315632 0.0965197248514054 0.150433717701477 0.0694642457822725 0.202202359452165
"mb54" 0.74390243902439 0.835477669328601 0.213477278907345 0.743636839998351 0.169102011673461 0.0798424262928648 0.0878344253181733
"mb55" 0.671598500707378 0.669656665635633 0.191152236044105 0.210595225215586 0.136306538506591 0.0827862006434044 0.103372726812482
"mb56" 0.731707317073171 0.776005852231163 0.204890666214525 0.731406811096551 0.16218255739195 0.0776667544459942 0.0790973541915683
"mb57" 0.790611159234847 0.784183147789812 0.207886012641182 0.638364608061804 0.159808631472501 0.0981372833524309 0.108079518971009
"mb58" 0.691358024691358 0.790080263428689 0.224700552727851 0.691130379833458 0.175867858747876 0.0836833521027779 0.100492131157558
"mb59" 0.779448062971463 0.827185357024498 0.226698012540308 0.638157005083652 0.176524461002755 0.110846750665503 0.129261833974803
"mb60" 0.771084337349398 0.826507601658544 0.211590536712408 0.770953761065092 0.169640720127698 0.0808813002472 0.0868307092032267
"mb61" 0.611172554620494 0.651605774701936 0.187171358369302 0.0608488782825524 0.12148855905542 0.065456574499522 0.140571999628636
"mb62" 0.659127476929826 0.720619153842242 0.227935613519587 0.144384850773726 0.14673847636952 0.0722234806232302 0.187674877380103
"mb63" 0.647740442287145 0.722641023657837 0.232478413296231 0.132588857643856 0.150017999583428 0.073729300629877 0.192873221274964
"mb64" 0.718810148969811 0.755903461048733 0.196192211567413 0.578612887321891 0.148450580187587 0.0879331519154351 0.0943664941270899
"mb65" 0.727272727272727 0.799245994344958 0.220427947162572 0.546090947960317 0.175028435702724 0.0844624617689104 0.0927363233161438
"mb66" 0.815309592710159 0.808407022939895 0.212387978840909 0.633648473596263 0.162890426181966 0.0916069567353013 0.112862658088398
"mb67" 0.643104999860673 0.686993309253266 0.216936510995512 0.0482488302110184 0.133030774840715 0.0533968008986938 0.177084804924913
"mb68" 0.670731707317073 0.74412352127823 0.199617082560102 0.666340402519282 0.158416532181403 0.073404003647089 0.0721944797627525
"mb69" 0.901234567901235 0.929691683880346 0.208704999505266 0.90115082361932 0.173837454834296 0.0872439259611753 0.081366712297809
"mb70" 0.749678746752994 0.759289592622926 0.182447086221615 0.564365585795949 0.134921277608259 0.0874073430739001 0.0945574571828679
"mb71" 0.753086419753086 0.740427779244785 0.169023093069118 0.752831205956901 0.134412824947029 0.0623325583272879 0.035816975014692
"mb72" 0.766460196976687 0.763409038458928 0.202264945177444 0.541989019269934 0.151878275400778 0.0969246952856488 0.11645622599514
"mb73" 0.74390243902439 0.797633442736224 0.178958028648941 0.743560888264717 0.137018871549104 0.0645210952281086 0.0479512227267174
"mb74" 0.728208012161475 0.725279784335874 0.199348102010463 0.352776983800154 0.136311615545721 0.0804299778821184 0.136115974039764
"mb75" 0.71083146531619 0.748165574413264 0.196451438901082 0.53371522494579 0.142698133286882 0.0856339857400876 0.0945005047176213
"mb76" 0.671852279141742 0.673086942364051 0.176976497470921 0.41164547019386 0.124659353476216 0.0771350433886261 0.0880889640710844
"mb77" 0.635262803379226 0.670839753682086 0.206695329842858 0.0482365542149512 0.125824343073551 0.0482000905518188 0.166092082434922
"mb78" 0.646026968121553 0.725583171068342 0.234192723230382 0.0977649468502449 0.149456822317513 0.0640039706074972 0.19499456535147
"mb79" 0.867469879518072 0.913859513971567 0.21996333700558 0.86725660446103 0.184784296800613 0.0904696352949341 0.0965284417416169
"mb80" 0.752569087976087 0.736961706925712 0.19865217017725 0.463249845473715 0.146250538128826 0.091786812853526 0.122535591921813
"mb81" 0.728361197352661 0.683249334616909 0.173656202588049 0.521595096978041 0.127760153090865 0.0674689955580944 0.0689878049096948
"mb82" 0.730723511691468 0.702383461181826 0.199604746539009 0.348051189462567 0.132730265233972 0.0846156708916207 0.136477555663317
"mb83" 0.863563820059662 0.822099089274662 0.200286721217857 0.684328423764379 0.153630251711737 0.0975932338409379 0.114061757440096
"mb84" 0.811066358124116 0.769529359287063 0.197081898715054 0.587919403940461 0.144177895295516 0.0970753991807082 0.120783328256408
"mb85" 0.766099884117857 0.740863690632189 0.194342438083285 0.513197903358334 0.142162178752669 0.0860929183656247 0.107551820135365
"mb86" 0.673594302600573 0.699536844462932 0.182446749284462 0.311383128028703 0.120713398964055 0.0816614517353293 0.122178305338068
"mb87" 0.776135489192121 0.750183054930165 0.194891857662879 0.509793515605156 0.13995073889911 0.100002175742651 0.125692624741196
"mb88" 0.741581002943441 0.704459825290949 0.201859856133236 0.363853454163846 0.134570644350039 0.0854706913471257 0.133491162420173
"mb89" 0.720431310530322 0.71360396278845 0.169337035632711 0.599888484343605 0.126453098185326 0.0747964817691175 0.0647509439374404
"mb90" 0.638135654111124 0.692534648813719 0.204487774120016 0.156306071074958 0.133946088571703 0.0668360488180397 0.160992283325019
"mb91" 0.695121951219512 0.71508279337653 0.173804040120344 0.694825598191753 0.130839459201884 0.0584572411244148 0.0416304209242475
"mb92" 0.623161030437345 0.667747940615256 0.180918776719109 0.203729459191842 0.115908601082896 0.0626598181931867 0.129020063986889
"mb93" 0.710843373493976 0.788367510764066 0.213863337448045 0.710615854001924 0.171574670342837 0.078744577667631 0.0894631634449982
"mb94" 0.804878048780488 0.760627530364372 0.150755728801576 0.804692321466686 0.120652196501677 0.0572449571551348 0.0150084211383965
"mb95" 0.634633879152972 0.635585410653372 0.17819819472602 0.0852304839544913 0.113892080634029 0.0692794996232422 0.127981557424985
"mb96" 0.640891351348853 0.600842773825155 0.164664140774884 0.159859778993104 0.111714151184408 0.0612936541591812 0.0848790561177686
"mb97" 0.673553234126075 0.678219790129529 0.188394726059785 0.240753340273883 0.124137183601475 0.067545596552844 0.13885539818215
"mb98" 0.623674909607182 0.664667964617885 0.198385345774587 0.0481595230660268 0.121891452282434 0.062582266662765 0.155364371508042
"mb99" 0.746987951807229 0.729446117346473 0.165288655879899 0.743621062824907 0.130423089785095 0.0602702001398995 0.0332019063397131
"mb100" 0.682926829268293 0.672249006174406 0.172248579961872 0.682611346463397 0.134421894701727 0.0610806931023097 0.0398261205285389
"mb101" 0.807228915662651 0.745574809018073 0.156653753091885 0.806978149374145 0.128929293167142 0.0615324787361437 0.0232005955713851
"mb102" 0.807228915662651 0.795411419699845 0.171567802540755 0.807037601350428 0.14088437866075 0.067263273125534 0.0404746804122025
"mb103" 0.811243918492993 0.770275301263839 0.192448224964411 0.570617258480548 0.141464582137319 0.0959225820497534 0.115542471473025
"mb104" 0.631396057951875 0.57829099978912 0.150816689354406 0.148754791804049 0.103034385872195 0.0598095687580293 0.0776761071439476
"mb105" 0.771742171627553 0.76111228144091 0.174748838838154 0.637148508859722 0.129458237692534 0.0812746803361595 0.0702139833482882
"mb106" 0.717682800303223 0.71366108219125 0.189809986825699 0.353830955647698 0.128726981382676 0.0771900826625519 0.120290479387626
"mb107" 0.745476705580845 0.758893163657887 0.175628822758242 0.636287504510109 0.132990215200828 0.0801249231714194 0.071834909664239
"mb108" 0.745562366088321 0.740892310333973 0.175648004501902 0.645980259222548 0.134708387246651 0.0834255265062807 0.0718565065193073
"mb109" 0.594133223932015 0.552589916667866 0.149770744186199 0.0983064377914896 0.0994914958435828 0.0542518113824833 0.076383794744403
"mb110" 0.841463414634146 0.808214188143156 0.169857968022581 0.841274902091564 0.13912267288259 0.0671784255164676 0.0376976531268226
"mb111" 0.604623112464294 0.637121506390692 0.179414097413328 0.0608940904136119 0.118051731750395 0.0617682578778983 0.13096940979269
"mb112" 0.731707317073171 0.732661917628756 0.176003514425367 0.73146835337682 0.13911632486368 0.0630878503200818 0.0441817639061224
"mb113" 0.627005882388879 0.696869863972287 0.20929518139148 0.146090370505515 0.136290051470802 0.069797941577835 0.166866557834051
"mb114" 0.653615548072003 0.709450152929061 0.21818476820235 0.146115988991094 0.141499925498582 0.0655310978421747 0.176878078001695
"mb115" 0.81206454442663 0.787627551020408 0.176401017228411 0.682560811383035 0.134670483081968 0.0815420175343069 0.0726274089187809
"mb116" 0.819518435728953 0.785690238154486 0.196270022427961 0.623654944894446 0.149318171585911 0.0910959230866875 0.109611978799141
"mb117" 0.598925626843221 0.567633067819657 0.143672562565987 0.0856251665134608 0.0922394707580593 0.0537243390420412 0.0803461366260071
"mb118" 0.795180722891566 0.805311322447515 0.169033749740217 0.79247806973833 0.134385217791323 0.0630680728236848 0.0375396329445331
"mb119" 0.627288558373351 0.616124528397295 0.169574125414709 0.0975368017186747 0.111146831404412 0.0705765211058255 0.114413155395293
"mb120" 0.780487804878049 0.771008616320324 0.160044068964663 0.780203643449784 0.126038021261998 0.0586042943440975 0.0263353034073051
"tnt1" 0.719512195121951 0.710582690659812 0.158845274712593 0.719192559368195 0.122844804237402 0.0552628845395004 0.0249456785489154
"tnt2" 0.743648412310061 0.727168861268775 0.195524698650266 0.430331424252084 0.134892311417586 0.0961592536600379 0.136153644024967
"tnt3" 0.700758284190136 0.68545467318001 0.187797598069784 0.276773696341789 0.126494415117067 0.067315816882632 0.133958491705558
"ufb1" 0.68673289091662 0.714422763291698 0.177297865183017 0.41853450344795 0.126251353333843 0.0811929093626044 0.0991114647190084
"ufb2" 0.643897075630623 0.691913032329434 0.221347802746293 0.10702836828468 0.13387427357915 0.064480281369768 0.181852988127624
"ufb3" 0.670731707317073 0.641356255969436 0.165894641520467 0.670395727014962 0.123831207529524 0.0553836380302876 0.0339561387280186
"ufb4" 0.628708088382339 0.719108344960702 0.231781741395102 0.0979931818668492 0.146531052151278 0.0670095393583642 0.192460942913149
"ufb5" 0.790123456790123 0.772765797156041 0.165267052938408 0.790046629390608 0.132815013429116 0.0625970454241194 0.0323536639883341
"ufb6" 0.770306501239755 0.759261330053196 0.172854327810925 0.585465855765966 0.125677598855186 0.0806996149748688 0.083357447991315
"ufb7" 0.75609756097561 0.771708683473389 0.176683597309943 0.755970681794338 0.139989384420837 0.0658849951448802 0.045651484105971
"ufb8" 0.773922315109435 0.765669462051521 0.181591903753603 0.578476132960599 0.13335479762772 0.0862946399096217 0.0932176287286224
"ufb9" 0.601545798610217 0.607058963330143 0.16186493666841 0.165127411879763 0.105007831096863 0.0548391908354601 0.110671729068592
"ufb10" 0.878048780487805 0.87997292622396 0.190638127985729 0.876423301741611 0.158475303190261 0.0781172515009622 0.0618269005035084
"ufb11" 0.585530749620887 0.579606564928652 0.145110339204529 0.167021525347122 0.0918421092021807 0.0530370167693931 0.0854543392587936
"ufb12" 0.763059026075699 0.702489516075351 0.154680119680505 0.642182927159559 0.11749621476478 0.0682276058932066 0.0474127281134561
"ufb13" 0.718627353472642 0.68972170557458 0.155355086728008 0.543774072947938 0.114883778698241 0.0759263232825694 0.0640305586355871
"ufb14" 0.560975609756098 0.529970520799214 0.16822125808797 0.560676389837154 0.120741047296586 0.0517346051317417 0.0352542471965615
"ufb15" 0.751025685679801 0.716231825949156 0.198095559694692 0.455722029506288 0.138724064496173 0.090521843683172 0.122056256287324
"ufb16" 0.606448753837074 0.648007717781169 0.186090542737514 0.154314167666638 0.12019053958877 0.0568285817223115 0.14059451809491
"ufb17" 0.643989061540788 0.609092453631601 0.167626195778314 0.237478397851374 0.108287305620477 0.0687650951832007 0.112384097158262
"ufb18" 0.737528285489883 0.759427936684254 0.190277712299975 0.582694873743586 0.142159823625603 0.0830623857804478 0.0879584634327411
"ufb19" 0.710953178849601 0.708795421892908 0.188266866647284 0.381093201351681 0.130182154093078 0.0852736294837065 0.128336177998871
"ufb20" 0.688018687944021 0.690893390198521 0.186785710299235 0.279917229663754 0.126778051541365 0.0689030875397594 0.130175070510165
"ufb21" 0.623244589436695 0.667718442034213 0.199374199121189 0.108371158185014 0.123190594071322 0.0598688689893267 0.157083930158844
"ufb22" 0.746987951807229 0.705717712914834 0.152243011429328 0.746818598239825 0.12158043403483 0.0556571079409538 0.018091887440093
"ufb23" 0.788320855347408 0.737383704539047 0.152073403462411 0.682630320189253 0.118433977712075 0.0713914635673231 0.0449319697280041
"ufb24" 0.766756580580136 0.742224622030238 0.191112071703382 0.590289851948486 0.145464098710632 0.0813623036150787 0.0891920586953992
"ufb25" 0.602858917858671 0.635343939707527 0.184607687869451 0.118586705314133 0.111895809246234 0.0395565040041792 0.142092310697936
"ufb26" 0.660654754880771 0.673192647501299 0.169320146827807 0.347069961942072 0.117533032141137 0.0748429314737872 0.0980657919064553
"ufb27" 0.660119947460811 0.669102156311963 0.168743923329508 0.323194895767735 0.113535851887469 0.0752869456831286 0.103092927095637
"ufb28" 0.673359603250744 0.675812624981526 0.194173093284232 0.21672198248352 0.128254067092915 0.0620370341558328 0.149130274152091
"ufb29" 0.762439407634212 0.751278548966043 0.164653166316231 0.614789540382425 0.119518736906473 0.071401234235525 0.0588149258432655
"ufb30" 0.680710144490707 0.678769399383154 0.167427679783024 0.350708420564722 0.114819520735415 0.0755870902256026 0.0959831088030173
"ufb31" 0.623166468048561 0.640562652398848 0.18032925664173 0.182337911612227 0.115552946361537 0.0656982718059896 0.131921783435313
"ufb32" 0.65812722269154 0.638924471446522 0.172534154518542 0.276248069584926 0.110371906030808 0.0729508879704518 0.111517654607983
"ufb33" 0.663256365875258 0.660581475560746 0.180826192576673 0.243551567132792 0.11870312192185 0.0673435438706153 0.128906177972155
"ufb34" 0.674814397538862 0.676364945522185 0.193254754120701 0.219306134591159 0.128025537569409 0.0635987343027887 0.146997576149078
"ufb35" 0.760785823976972 0.740463984257677 0.19604549879956 0.484954652059901 0.141265877881011 0.100282753463849 0.132464359437194
"ufb36" 0.660877437126782 0.658526730472992 0.167101755898669 0.311355804242001 0.112085087407741 0.0653430363664208 0.101288289398983
"ufb37" 0.610294199290789 0.640362297277191 0.180167166320313 0.157551486255018 0.116374403547631 0.0659669800052873 0.131766937406363
"ufb38" 0.661468321559415 0.676289827765787 0.189714350458501 0.215793022701502 0.12465936188918 0.0734083588042694 0.140294432924423
"ufb39" 0.670337390717109 0.684280312331189 0.198994276488403 0.192176587233478 0.12851377697073 0.0649531530487405 0.154244550154686
"ufb40" 0.627750301158856 0.620613155338163 0.171114317028452 0.182324912017908 0.109748273234424 0.067404126107247 0.11844062043322
"ufb41" 0.601420130344562 0.57625458996328 0.162047764902598 0.251822355581998 0.109432990910704 0.0595727685074459 0.0818331319733825
"ufb42" 0.768358858262805 0.724909389764998 0.186869658864199 0.479423419302506 0.129154252761127 0.0839117988834657 0.117102515337206
"ufb43" 0.581741284909833 0.563060697374085 0.142583827850517 0.176777576682808 0.0927454512056509 0.0535420373922949 0.0791004234394277
"ufb44" 0.573976981399298 0.552249059484216 0.143882906185808 0.181507016714687 0.094168957394012 0.0524932799147756 0.0758408180626089
"ufb45" 0.658535869963448 0.677851711928922 0.173520794764473 0.352412765782229 0.122971393554979 0.0717074091429157 0.09501223708169
"ufb46" 0.644310987114078 0.678979011062656 0.176156551200216 0.254333362153456 0.116654979109874 0.0712909066669534 0.118866266264114
"ufb47" 0.675009703091153 0.68503525467186 0.169545464929112 0.38214554051101 0.11855541236965 0.0742544344943 0.0906223065971491
"ufb48" 0.747039753017304 0.745104285172545 0.20394021196663 0.45054199209353 0.146947894939899 0.0906350631742452 0.11813419833049
"ufb49" 0.751503288054729 0.721293219905802 0.158167470000961 0.559057105282554 0.113484207184373 0.0781712221879385 0.0674124188213293
"ufb50" 0.726544227933116 0.724117138845891 0.191314300502605 0.414276591145215 0.134621513253416 0.0832138761459053 0.114603714070878
"ufb51" 0.734042640208007 0.725776942434139 0.195609356864248 0.394771400419281 0.13703988390926 0.0836456668110499 0.126610228408079
"ufb52" 0.603750451902236 0.556180219559013 0.146986338776572 0.247281937538786 0.0979424918142751 0.0556552739385066 0.0734917034972885
"ufb53" 0.669691597248659 0.574610713641556 0.160293099370319 0.447813598904265 0.11263896612524 0.0538695890537706 0.0541565185344685
"ufb54" 0.624439587041757 0.704165591819467 0.223121460087363 0.0722642707404074 0.13873203650109 0.0534780975256596 0.183716138445833
"ufb55" 0.622436483262513 0.653134719266656 0.197720547314974 0.0965674275697033 0.118533048824981 0.0492119215147971 0.156324872754519
"ufb56" 0.626723550366796 0.656586817257188 0.192186960747976 0.44410723012563 0.137546357878946 0.0801191757853857 0.0884036832517386
"ufb57" 0.7522442914464 0.715917314287512 0.184142765522264 0.45401563331215 0.128892035959775 0.0900109773126001 0.119620292611585
"ufb58" 0.5749808793431 0.546408521194186 0.140898660873111 0.213738525382794 0.0930203222212702 0.0526520836327484 0.0727178118519539
"ufb59" 0.624434723996402 0.592470405588977 0.161084184023343 0.284771766049439 0.108778753318902 0.0604365737424047 0.0809571684538459
"ufb60" 0.662034311569587 0.68544220990302 0.174144422376094 0.32808401735373 0.119277856106819 0.0749379912486507 0.103303885896159
"ufb61" 0.683309315829232 0.694139498780217 0.173202269419075 0.370728015797792 0.118612482717165 0.0807394015071654 0.102253226658197
"ufb62" 0.609756097560976 0.648424543946932 0.18074752938017 0.616821362815819 0.137032114192308 0.0607033522272656 0.0511584513533486
"ufb63" 0.630604835533904 0.606047118776716 0.16995915333733 0.23973729076197 0.108431507183694 0.0731686661941699 0.115041501511879
"ufb64" 0.63032918829912 0.620321602527312 0.175400555368435 0.219249004396203 0.113078706164528 0.0732202581036255 0.123183230212273
"ufb65" 0.627895406167766 0.621263723902589 0.174453684940312 0.22795377232494 0.112832523319029 0.071218018683531 0.124136759965666
"ufb66" 0.604355835647553 0.653628613360157 0.178014008474486 0.180389610525354 0.111894501561793 0.052516024068583 0.127889174317306
"ufb67" 0.628523936978179 0.666354758640546 0.205193658249948 0.0965821007368447 0.123713852383949 0.0497769278467335 0.164513308837169
"ufb68" 0.64910828249423 0.573986694411067 0.162363153871492 0.415422775559349 0.116340205041065 0.0552971501484749 0.0561665738626291
"ufb69" 0.643013905543606 0.557316027124569 0.144713310588565 0.385991606946976 0.10387683321515 0.0598166877186143 0.0525952640666819
"ufb70" 0.693663356077918 0.662441483914037 0.181199902846826 0.285608066823434 0.11816302893011 0.0792069769859954 0.120562318554773
"ufb71" 0.783522213611433 0.752237174670401 0.162578140978548 0.670274082767756 0.125018292485818 0.0753123542581885 0.0566601159391556
"ufb72" 0.902439024390244 0.905692178043362 0.192918346804318 0.901089912489163 0.161421896301408 0.0801261781618207 0.0638026063870194
"ufb73" 0.692082369069442 0.70366529030743 0.174420002073283 0.399082317751512 0.123513655239829 0.0753389477453714 0.0959601007296058
"ufb74" 0.740823864374778 0.720989335384488 0.188367607529201 0.417380213307195 0.129910925173304 0.089055179026711 0.124162776072286
"ufb75" 0.689789932901358 0.685966101259399 0.183442513706234 0.288674886702281 0.122979555318146 0.0614895674908471 0.126576080291346
"ufb76" 0.619450549446506 0.5957352971343 0.163295666063679 0.263394403246572 0.109379044757017 0.0607360185575523 0.0832048470354171
"ufb77" 0.712318346824338 0.676532284496886 0.156257353235481 0.575239834387377 0.117007685989475 0.0662344130659669 0.0490846079062894
"ufb78" 0.628117034418256 0.616147754049685 0.181779136247194 0.143156134365693 0.107866396741721 0.0542570655867715 0.138552494442098
"ufb79" 0.612232210789952 0.624007634828742 0.171959357245473 0.165786493851314 0.106440912689081 0.0624930004075725 0.123057581071617
"ufb80" 0.690079401619911 0.691087719298246 0.192750460405115 0.461289983822762 0.141626975515001 0.0768897308464502 0.0904064186942825
"ufb81" 0.734939759036145 0.749600202003198 0.17051443524583 0.734752368123511 0.132580798517957 0.0621966550684111 0.0392546257192463
"ufb82" 0.707865114189695 0.71751856877823 0.195544199816397 0.361895180482999 0.136769086045741 0.0903393779593621 0.139556766528076
"ufb83" 0.682926829268293 0.637312394394195 0.151198078731636 0.674579251852729 0.115072030823964 0.0519431284911032 0.016081160209952
"ufb84" 0.725290513618344 0.716579290205235 0.194336026251265 0.376583560329888 0.135075623349035 0.0812492757716231 0.12512739957734
"ufb85" 0.76889486796626 0.74100191448628 0.163435146074418 0.666874499135923 0.121347431201948 0.0715273692428373 0.0571929764704236
"ufb86" 0.780703790118326 0.743427042237978 0.18985660236267 0.592003049154241 0.144277872659348 0.0765624876015008 0.087486284087388
"ufb87" 0.621951219512195 0.599248434237996 0.161598826637737 0.617127321988241 0.120776471979218 0.0550608856164203 0.0280299432406043
"ufb88" 0.703851792752975 0.689380221735125 0.183819181632506 0.292069534780129 0.125676130030516 0.0643361406405749 0.126920375449065
"ufb89" 0.696181372013727 0.67345341907369 0.186274370842947 0.267954017171735 0.125189648795132 0.0681987217079103 0.134669919224415
"ufb90" 0.611924956745799 0.629914465022138 0.172663101381668 0.165452491159393 0.112669576148367 0.0566371915783165 0.123819857201807
"ufb91" 0.622286458231556 0.612910221802976 0.165401276698643 0.203313892229944 0.109098196125925 0.0567601907444461 0.114457142563418
"ufb92" 0.642642049243204 0.625767785641959 0.163312733683084 0.31180469996591 0.108833492097058 0.0667214484931931 0.0970945693339249
"ufb93" 0.647560036770468 0.643565126996392 0.173780435359913 0.250440759972822 0.115938216835326 0.0734281852342278 0.119042348628314
"ufb94" 0.747163712603883 0.703034557027749 0.179715929142485 0.48864965719852 0.127715126925019 0.0802929230834599 0.101594124502164
"ufb95" 0.733383692395608 0.690843870753293 0.176970799936953 0.44662477693186 0.123205947393363 0.081327727664575 0.106251244990403
"ufb96" 0.609462816821366 0.572909442639705 0.151523849004564 0.227385028301431 0.0992780565509031 0.057393215701371 0.0782920065907999
"ufb97" 0.660517923716625 0.680301931639452 0.193508435915005 0.21381067700229 0.126609856899243 0.0792223866193537 0.144267546621736
"ufb98" 0.687999553518196 0.595461177421907 0.152006121100077 0.448311626581646 0.108322816408922 0.0670845664670335 0.0602026263560399
"ufb99" 0.722996850828055 0.714551245437912 0.190919218960168 0.365037399323784 0.131351525060143 0.0729789212714923 0.12694161487404
"ufb100" 0.714534976912894 0.67558648921006 0.172256367700302 0.416778017287953 0.118306755958992 0.0777749495023098 0.106812106204935
"ufb101" 0.630653684961958 0.57237413583925 0.149234718156764 0.284018664038048 0.0991924182619609 0.0579655998795182 0.0759338005516847
"ufb102" 0.765926747515671 0.685293631100083 0.160583372780052 0.660691577320858 0.123442375525868 0.0711090021046571 0.0545922135346786
"ufb103" 0.590623881582361 0.554556706403492 0.14460681383192 0.207186815015855 0.0918903402143149 0.0537734121071954 0.0767202549084703
"ufb104" 0.627631459068898 0.713963827991098 0.228099240873503 0.0725530822563733 0.142586267806643 0.0567893440932459 0.188946405358003
"ufb105" 0.761535545050144 0.755085676951861 0.171662317652723 0.616891933530088 0.125950799185602 0.074668611687738 0.0669818415366641
"ufb106" 0.630967718964692 0.625585751071723 0.173990421341007 0.204751827788586 0.113788918090273 0.073166102609683 0.121504741669223
"ufb107" 0.714064170683988 0.680849984571098 0.189566164887255 0.311732847694068 0.123258030924446 0.0748177354416809 0.129889198712814
"ufb108" 0.712316181262173 0.70831401485632 0.185717168810099 0.345625075916283 0.125838643472086 0.0755112768589598 0.121390015003666
"ufb109" 0.720433276178844 0.694152311215485 0.180996975872275 0.4333288030748 0.129689651386787 0.0752403963508893 0.0929005582935516
"ufb110" 0.766453773474117 0.725121491825968 0.190545485395036 0.466924268814778 0.132052422136471 0.0902772038761536 0.126621017388596
"ufb111" 0.692818449329688 0.670090208456843 0.182288858786248 0.279917229663754 0.123297829481335 0.0665750721141598 0.125339556842166
"ufb112" 0.687897114366163 0.655625480979361 0.179528551374064 0.271062690369857 0.119882067188743 0.0683548922882482 0.12520756751094
"ufb113" 0.647998200711448 0.568640037347183 0.157384343426201 0.432797862548061 0.116377251596231 0.0547393547530897 0.050251419078531
"ufb114" 0.660647398062007 0.602763669942616 0.170122561958442 0.418546543140265 0.117613203168455 0.0635849188205934 0.063763000663772
"ufb115" 0.619634382533754 0.66923549857862 0.181958934155865 0.194131805243282 0.118474440628195 0.0582562051822681 0.132039904966717
"ufb116" 0.700847127260751 0.717506866427194 0.199360267575887 0.35731792868068 0.137403505832138 0.0910764336517164 0.146376436927181
"ufb117" 0.716868840114715 0.669586403548963 0.185226870389752 0.327283666979666 0.119839656676248 0.073055465887535 0.120949050678048
"ufb118" 0.740740740740741 0.72189349112426 0.165689587394937 0.737295372761311 0.129233595737162 0.0608259918715126 0.0319454232130948
"ufb119" 0.646492739644077 0.585239817086925 0.156181516734257 0.259643008455379 0.102738754378536 0.0627224078820957 0.0972812834537016
"ufb120" 0.774604584267938 0.706691145656642 0.174106548006014 0.526281881230011 0.124052434608313 0.0792972948457238 0.095658008696079
"ufb121" 0.670731707317073 0.611672509795834 0.147638250170609 0.670455901575152 0.111650719716868 0.0488774609399223 0.0119546587260922
"ufb122" 0.78720748082079 0.745309726020824 0.192953133845262 0.541005611362992 0.14024431702308 0.0959475664290287 0.123730651505473
"ufb123" 0.725234523976174 0.742631772043537 0.198633763594999 0.487355103277653 0.147917140477328 0.0940957846737302 0.112483976979294
"ufb124" 0.624883393932901 0.648015073071938 0.194475791428411 0.106887146058974 0.117869882123284 0.0536282479904286 0.152913067463701
"ufb125" 0.71888146408405 0.670721394652963 0.150568487231779 0.597807160072252 0.111093539229447 0.060749604128886 0.0430861309076822
"ufb126" 0.830220170287622 0.776560274014125 0.187640308381933 0.619055780779931 0.142187217839808 0.0831120847459405 0.100101072657306
"ufb127" 0.573665138007179 0.561025882756256 0.142330436153356 0.169608610419592 0.0897863884410743 0.0527025814416806 0.078815375464256
"ufb128" 0.784295996395723 0.743082177458702 0.188759861221529 0.533514470891384 0.138330202146799 0.0961891548824068 0.119056433970232
"ufb129" 0.607560945312825 0.617865859283923 0.167982637603298 0.165127411879763 0.110734117080943 0.0570315879199899 0.117163098577551
"ufb130" 0.636141339210143 0.609710674529272 0.165007572452369 0.236941487774986 0.108425030243737 0.0688960096327122 0.109550306521216
"ufb131" 0.650433078633584 0.565237579322086 0.154330667083404 0.37870926592912 0.105298926391765 0.0617907159973345 0.0624563625441242
"ufb132" 0.747208099485866 0.694035911737365 0.177874404567157 0.44461554683889 0.122703023005931 0.0716343312760479 0.0999513307690629
"ufb133" 0.61380123260078 0.573460194331657 0.157096108750784 0.276856839681802 0.108089214585829 0.0558417676883361 0.0765881818152463
"ufb134" 0.720048264339532 0.68918329630168 0.174572232161531 0.422005630775238 0.122777665096824 0.0763780777215625 0.103499274491148
"ufb135" 0.651188661980008 0.66571084485942 0.182808302936175 0.219237479350939 0.120020147275925 0.0596188149099245 0.134594419385502
"ufb136" 0.732825571036273 0.695767434854647 0.196646681181097 0.365015072189621 0.132913830458619 0.080954871568914 0.120441915551171
"ufb137" 0.696221985277577 0.685861628598446 0.171666095532216 0.411359860493332 0.12310491892633 0.0731958579554683 0.0928141242448114
"ufb138" 0.61444899965233 0.592303310769351 0.157536940214521 0.202847306680536 0.103532525350447 0.0560227549316735 0.104073076909048
"ufb139" 0.608484909808818 0.576823120965142 0.152972024526042 0.190678235636194 0.0991742934017012 0.0556400085655029 0.0967917532257965
"ufb140" 0.709996488357271 0.646500446751479 0.179665409312447 0.323088177112187 0.114161620035431 0.0776448382726512 0.119111658512298
"ufb141" 0.716049382716049 0.680109489051095 0.163442965074459 0.715712119418288 0.127411971418531 0.0600020075895792 0.0284185950878049
"ufb142" 0.59022790411306 0.579370530624484 0.144788858485982 0.189419874894293 0.093863943722905 0.0535060012866764 0.0851713040245505
"ufb143" 0.619542763330978 0.577846118054192 0.153894182233064 0.249112663851082 0.100944684284427 0.0615071507364539 0.0809947184715179
"ufb144" 0.600750636329242 0.63163263413639 0.175759068196025 0.144042071627976 0.114052122992787 0.0615628013614157 0.127095635799657
"ufb145" 0.614585759746125 0.589192221918357 0.15715658301979 0.200456222929825 0.103477902703592 0.0550228172781178 0.101253858197651
"ufb146" 0.804878048780488 0.782385059745193 0.173619553708238 0.804934387427526 0.141789322784317 0.0666585621921991 0.0422591753930643
"ufb147" 0.771732162988959 0.74363516272367 0.185938429895711 0.527266576633914 0.136927945618266 0.0774066868429009 0.0979097295868136
"ufb148" 0.738827707377855 0.715242204899777 0.181291908602221 0.440770042446822 0.130022172714079 0.0841087435290429 0.110797544599069
"ufb149" 0.611462488183843 0.619016268911819 0.167040954167244 0.165127411879763 0.10848667289816 0.0594259112072948 0.11616389720943
"ufb150" 0.602115880081651 0.596949354180829 0.15958074550732 0.177107252695355 0.105876715538593 0.062253858187469 0.103790107293016
"ufb151" 0.687159841158729 0.655478351115667 0.180596514088361 0.31194272207851 0.117862827501009 0.0712872583212288 0.12025906025394
"ufb152" 0.603529014678677 0.626972357025809 0.174365490579043 0.169738615915819 0.115434788324441 0.0696256649812706 0.123935815588058
"ufb153" 0.596814586681222 0.612729708942625 0.167732654166943 0.159592979670356 0.111618239646093 0.0674430730424822 0.114870835118031
"ufb154" 0.713498427051675 0.719445340212835 0.192433772118895 0.379087257218187 0.136557054249193 0.093711704137304 0.132822815390021
"ufb155" 0.666594992269579 0.677123287897809 0.192609095074246 0.194386138771656 0.125333845445506 0.0642254687701217 0.146342908948967
"ufb156" 0.650096046487598 0.61334121343142 0.156051309911023 0.385915439225318 0.108873946407894 0.0640851024062869 0.0649671388993535
"ufb157" 0.659207685238111 0.634949492985407 0.159422233800507 0.368815858729464 0.109533765773082 0.0679456945878852 0.0794778899240342
"ufb158" 0.654907516881477 0.649085140847095 0.162156795253715 0.362420167551224 0.111769330696136 0.0648397293418296 0.0824456155446682
"ufb159" 0.661872939302283 0.657378762254397 0.169026316616128 0.326430032493783 0.111332746311407 0.0660897112904792 0.097736873405543
"ufb160" 0.615912792187353 0.583072524134439 0.154053496659 0.216933727871927 0.101209590975338 0.0587174496662324 0.0979520780139335
"ufb161" 0.676660314851483 0.624212711390091 0.167584057791123 0.293543167785646 0.111179810516082 0.0647581743772454 0.0957108763896769
"ufb162" 0.641507056865278 0.574592342268447 0.169361946760371 0.43126202406747 0.118529798761367 0.0612288147521694 0.0628551451977733
"ufb163" 0.636900080152849 0.588487559235643 0.157352765005884 0.298418479618469 0.110802869434783 0.0603945755077745 0.0769036035981231
"ufb164" 0.611903405886651 0.640896640211036 0.168397210781474 0.227695270482075 0.108126809119874 0.062873386090076 0.110507764938318
"ufb165" 0.620584170256706 0.669081707508057 0.180945236337424 0.205954086036393 0.115404643635629 0.0658188915658767 0.126704172014121
"ufb166" 0.645531459698616 0.607785033320372 0.167356232327475 0.264472886887833 0.110440362039164 0.0711726327976952 0.109226687345192
"ufb167" 0.70496441058713 0.690620826332342 0.157081916411804 0.476452837857826 0.111718288101636 0.0763241909273807 0.0768067811682215
"ufb168" 0.774096444104809 0.756932694789367 0.193243604273 0.596999420183091 0.145536779270171 0.0859335837427723 0.0912991355538623
"ufb169" 0.73683777521229 0.709208598780363 0.19448179794816 0.402306935645868 0.134844230962102 0.0868118662384853 0.125504018966394
"ufb170" 0.596851736676019 0.62040703332103 0.170825802403668 0.143830032236321 0.112425174803911 0.0605536775231126 0.120175955125858
"ufb171" 0.617283950617284 0.577588501463934 0.157389882524717 0.617066407063353 0.117389274012246 0.0509431242859556 0.0216552528680932
"ufb172" 0.62861874016027 0.651465632996377 0.163387432419131 0.278320889467033 0.107902601063241 0.0663423649524907 0.0972891353739049
"ufb173" 0.656045711263206 0.590823076549839 0.156125233634894 0.407297831832416 0.10669040667958 0.0636829513779677 0.0651270552352661
"ufb174" 0.784318851512348 0.72935712396014 0.180085238245526 0.527353992699699 0.128141400752312 0.0792006881128335 0.102171533074734
"ufb175" 0.650602409638554 0.733470903838217 0.201010887157534 0.650277946938756 0.156613338528777 0.0680060571581224 0.0745769102183478
"ufb176" 0.626121408261552 0.594611669718483 0.153931599920177 0.317775382234302 0.105884157999368 0.0583520399213847 0.0733274721817895
"ufb177" 0.624478219810486 0.569340391488344 0.149695222135347 0.301947993428145 0.101356257681061 0.060946931692477 0.0765821942718929
"ufb178" 0.592550562709719 0.583650330854299 0.155178575128369 0.164895778284828 0.101666176673468 0.0543432045945269 0.0990957019448436
"ufb179" 0.610050329774842 0.574592738843996 0.154972885760695 0.202286679466307 0.102681498725635 0.056053856693719 0.0960105191889881
"ufb180" 0.632167710596613 0.646971676227855 0.193490876214427 0.132382933674886 0.119599315673774 0.050354203551608 0.151877542689493
"ufb181" 0.639590926865336 0.610928100071555 0.17853230616591 0.166790779337903 0.108994903484025 0.05447790314619 0.135135292408604
"ufb182" 0.619960480070612 0.567532921802521 0.160210345847535 0.177815320702731 0.0994908375124794 0.0506819177694931 0.110666760254771
"ufb183" 0.77306611231357 0.768569921856273 0.182387139264061 0.536321831205085 0.131653767261456 0.0845675497958179 0.104461145018208
"ufb184" 0.620142770002363 0.633737117860072 0.177492805132979 0.192025340851744 0.116225753211449 0.063127828187989 0.128961957907845
"ufb185" 0.591774571284811 0.645456636637922 0.181612994730002 0.130036888135024 0.113961009088638 0.0504339501247333 0.137692983227876
"ufb186" 0.589348401451287 0.644441034407591 0.181792108140525 0.120023575860388 0.114745872907875 0.0536376776517587 0.13705290353732
"ufb187" 0.593265070126079 0.646376244397227 0.182244641280379 0.129989443904575 0.115323536956081 0.0565834146682978 0.136533637900391
"ufb188" 0.64379649032049 0.717899406266361 0.228383723292697 0.108309294365625 0.142695511935554 0.0536729079637031 0.188888999258277
"ufb189" 0.74303660284947 0.697520403928621 0.154822106678896 0.564527852543158 0.113042752601236 0.0723817453471606 0.0636967854570876
"ufb190" 0.663765573821543 0.629554878720047 0.168383506982739 0.301968260467574 0.113198863307895 0.0719177184375717 0.110499308852868
"ufb191" 0.596265654490568 0.552604681923272 0.142804540734118 0.205092606114668 0.0935190687001406 0.0537217660448496 0.0747924637899308
"ufb192" 0.67835265701281 0.616911624355793 0.167173828631664 0.488979891656155 0.123959926143561 0.0672334458721541 0.0608491326596889
"ufb193" 0.611345264424769 0.634264076373 0.165015234022289 0.215657100508056 0.104936340079285 0.0592136225718742 0.109738011126531
"ufb194" 0.60781548262794 0.646032873937852 0.184107955969047 0.144619238482958 0.118014980156621 0.0538864778911765 0.139496889225606
"ufb195" 0.759036144578313 0.656579461147989 0.153042804899721 0.756017205953912 0.121859938279719 0.0553360903496109 0.019018242170917
"ufb196" 0.639736221007893 0.659004856204216 0.198697032691242 0.118755099326032 0.121810912813309 0.0453771689796926 0.157684413133731
"ufb197" 0.604876777976352 0.623605698102042 0.170643496724222 0.165721711737489 0.110831781569909 0.0500439637999772 0.123096597856931
"ufb198" 0.575915948629589 0.564140709105751 0.141155016878183 0.165546145407903 0.0889991645413433 0.0497059507146234 0.0841855471868575
"ufb199" 0.558816337595093 0.525094293709697 0.135042495433531 0.177706815352291 0.0865856626406368 0.0490359172646227 0.0709877233956423
"ufb200" 0.57119678519948 0.513552695163203 0.134546680437738 0.214867633155594 0.0878361233323412 0.0485586120131651 0.0658617192713369
"ufb201" 0.698002068357136 0.612854624138484 0.144743651486365 0.585541699039428 0.109053215464912 0.0636009872180227 0.0365242527265835
"ufb202" 0.634063566194058 0.714109830719756 0.232404985839937 0.0479950620296945 0.143583901602831 0.0657662123912126 0.193470549027185
"ufb203" 0.637255203343669 0.699672540640511 0.223985331575472 0.0972291392759025 0.13593278578038 0.0635099184977475 0.184667410072906
"ufb204" 0.63660637212836 0.634822671623154 0.183341071821659 0.154569125474524 0.111564132960967 0.0652095383515972 0.137680564308513
"ufb205" 0.6481383022197 0.621434765967549 0.172113699651994 0.231386734109495 0.111466796767907 0.0696481634221212 0.119548284712481
"ufb206" 0.6057130397271 0.527945359632397 0.150044160202154 0.31934595986215 0.101609831248868 0.0551946149928743 0.0581809605872264
"ufb207" 0.598700851301368 0.533549564159741 0.13932498767998 0.284439509249603 0.0920644347384974 0.0508482735345717 0.0573895218630681
"ufb208" 0.69202088927084 0.667863500077834 0.184175260075805 0.277275381840267 0.121221856814177 0.0817714160349038 0.127204786738506
"ufb209" 0.667422668200451 0.620075860094217 0.164744413167183 0.277463060544647 0.110633042730682 0.0653701104309097 0.10317615211461
"ufb210" 0.747535705945718 0.710379247066674 0.187366427037848 0.487546901012283 0.138205819260973 0.0823868356044822 0.0998073263166775
"ufb211" 0.720827744869684 0.716993423400125 0.194546467050327 0.3793899583905 0.13440396636473 0.0937573028062487 0.138459468485539
"ufb212" 0.757536574307509 0.724969757347186 0.158186374498515 0.587193532316796 0.114437747405807 0.0796128370056451 0.0674333613473295
"ufb213" 0.618598461168341 0.628332100476126 0.174526307559138 0.194414418568668 0.114222694528017 0.0658199963312109 0.124085297635791
"ufb214" 0.594287208379275 0.561577643271837 0.15006865751129 0.228435463124133 0.0976620678421874 0.0539617989420198 0.0767074222518484
"ufb215" 0.679012345679012 0.644184865413916 0.153980499517278 0.678765848638814 0.118292162919585 0.0508682888294104 0.0183630443055875
"ufb216" 0.623231231058404 0.688249240198242 0.203542525286488 0.144610722656513 0.133628332354383 0.0556901914118373 0.160801091150898
"ufb217" 0.688340613730221 0.665285587451909 0.152627393221302 0.500542197691581 0.109084059960743 0.069836859576292 0.0609562845381825
"ufb218" 0.650640231566382 0.594396825611421 0.159497604355019 0.260338012326521 0.104422092854 0.0627710341883699 0.100819423226091
"ufb219" 0.653635213205038 0.654822748639392 0.17840871288008 0.213832879920801 0.11696456172381 0.0706102897424978 0.123896013092448
"ufb220" 0.622953921198531 0.673717524821717 0.204286236734001 0.11856707413412 0.127239890024103 0.0637075582123108 0.162797570013735
"ufb221" 0.70024161479145 0.706962407022717 0.170781843217686 0.461680856168722 0.125951003005776 0.077211733165906 0.092075998086824
"ufb222" 0.629147930279372 0.671141201034622 0.205594530487599 0.0959140248277043 0.125496868294957 0.0500857799576105 0.164935344008053
"ufb223" 0.620100653373668 0.666883021765155 0.200099189181212 0.108371158185014 0.123025389538666 0.0604393864641481 0.157846446433775
"ufb224" 0.62198057120992 0.631847055574309 0.188758846809778 0.361753440560302 0.130544297348772 0.0707921442991831 0.0845351445087297
"ufb225" 0.639357601079117 0.602340946078484 0.151261345102048 0.362384033785719 0.104068448695099 0.0605757116677477 0.0704949518665875
"ufb226" 0.607668899039792 0.588074783834521 0.154672996871098 0.240094178435479 0.09942793601027 0.0618565619227528 0.0958669549914235
"ufb227" 0.822608735595585 0.786973285596254 0.191750625026941 0.582160025136687 0.143176113952712 0.0841688310423455 0.104360248711264
"ufb228" 0.691486831291541 0.70196796910377 0.177828840385869 0.338953646652973 0.119882671835922 0.0825801254958638 0.112873859731242
"ufb229" 0.753133411513348 0.75042563686413 0.169359065737922 0.556968632159785 0.122643353755489 0.0791012667767948 0.0796367915252949
"ufb230" 0.768292682926829 0.716886514771612 0.146871593352649 0.768049566281619 0.116352782207803 0.0540441677688241 0.0105034267120548
"ufb231" 0.654593577467021 0.718884212426969 0.225585177430399 0.109705929332223 0.143966504415009 0.0524239267816871 0.185624284755438
"ufb232" 0.742014966403863 0.693984337836974 0.173249019165205 0.459878320547505 0.121953952596636 0.0839313290586769 0.102212868347606
"ufb233" 0.61262574334022 0.562377291458407 0.139601869918759 0.264364620917103 0.0934460448686089 0.0546074649714 0.0656957630019395
"ufb234" 0.710843373493976 0.705841105111844 0.186095753544028 0.710736109250809 0.148034335935073 0.0695608147806229 0.0573015696520516
"ufb235" 0.640872031049656 0.574042972770909 0.147362713814714 0.368297637013438 0.101683652764628 0.0638393475302667 0.0658556501943015
"ufb236" 0.599346833093414 0.627059949469315 0.171933108073238 0.153916443275917 0.111922852836666 0.0581772106326364 0.123046767493987
"ufb237" 0.599052629785354 0.574060707575499 0.148557478000866 0.204895467274705 0.0957919277432572 0.0583743045558465 0.0809658055348174
"ufb238" 0.640233456322448 0.607530051259505 0.150349458400342 0.358926515916217 0.103966032152041 0.0617760299297525 0.0695422353166487
"ufb239" 0.652850778786814 0.645618468683833 0.160479586807183 0.335199825525918 0.108596963800028 0.0657899836967247 0.0883950665014357
"ufb240" 0.652171175303586 0.669170338515904 0.184776902879768 0.216468164166449 0.122709199052123 0.0648862481095987 0.136669462089947
"ufb241" 0.746254900497785 0.72150608626536 0.191561674792867 0.418405485705094 0.135298234848298 0.0798743850510355 0.122116664486997
"ufb242" 0.661382428632481 0.659664248128588 0.179123375121614 0.224929420934325 0.118897081673262 0.0665118991823173 0.127013725820683
"ufb243" 0.652860905009089 0.637970157072535 0.168579136515425 0.224496532967951 0.111295260819955 0.0641656260447901 0.113421243496841
"ufb244" 0.651055818673158 0.621431140780151 0.162802831627113 0.224070262754308 0.106620168544084 0.0604210332310526 0.100790324687864
"ufb245" 0.739753535810113 0.675627345791821 0.183300792079605 0.372741263585203 0.122405277562597 0.070254522137989 0.105264224026758
"ufb246" 0.779711500803241 0.717053224292801 0.155113151801553 0.650227594856519 0.117888224792199 0.067961599490828 0.0486572689204794
"ufb247" 0.611637546873115 0.582965681378452 0.156215048673825 0.190678235636194 0.103928248555745 0.0569389662091098 0.100256979677971
"ufb248" 0.657311986401431 0.669554553271807 0.18645366812704 0.204490814980654 0.122936484680645 0.0718128595704034 0.134809349408329
"ufb249" 0.710460266621081 0.700404235032379 0.180126889659483 0.349015389079906 0.124914427527521 0.0722137236108274 0.115295888252163
"ufb250" 0.765531539645667 0.703865459563563 0.181577883468089 0.49758145941924 0.131059249744283 0.0732640808616027 0.0933614701447321
"ufb251" 0.592799938986396 0.638644458021637 0.173305521722508 0.144921738179583 0.107922932698731 0.0408178350825693 0.12456246626657
"ufb252" 0.757789730448237 0.741452124217062 0.169327043829345 0.539473637610001 0.120492231810055 0.0869687370093604 0.0903932548840181
"ufb253" 0.640513673293035 0.6272653718989 0.166214559923064 0.24169762674311 0.111202387664362 0.0691565519871848 0.108110981423788
"ufb254" 0.651523105896599 0.679699672575364 0.208657682883045 0.190320659170971 0.131827364174757 0.0700603829041323 0.166878143138465
"ufb255" 0.637654372818621 0.713344257776668 0.223465887702973 0.0976439419845126 0.141474846486572 0.058444024667145 0.183396735481823
"ufb256" 0.637627330372039 0.685843539243163 0.20337764208917 0.144383445563877 0.128851483239125 0.0570166874525554 0.16061845509352
"ufb257" 0.639734490697702 0.631241732443481 0.18750960084813 0.138139763033194 0.112513077944171 0.0529337513693208 0.14514133966769
"ufb258" 0.722597523524813 0.688616235619502 0.183386001327019 0.426370645230715 0.127318199520087 0.0731711952950151 0.0953548531992674
"ufb259" 0.696067620537802 0.655104400462491 0.167395040415222 0.390551289607619 0.113045211039612 0.0661486865341327 0.0881471218183341
"ufb260" 0.708522069053801 0.696331517252765 0.180516806470236 0.366714143318542 0.123852836986035 0.0725524780513315 0.11009981817224
"ufb261" 0.746983785562754 0.721691364784429 0.161525576924851 0.555073807988515 0.117008597849248 0.0774129896268121 0.0710817027556418
"ufb262" 0.745681472935712 0.714666716227895 0.18526242598296 0.4371092973165 0.131996805734723 0.0778707252555907 0.107850093674675
"ufb263" 0.690344251860842 0.672767425576128 0.187083976644714 0.249298160656498 0.120477506074397 0.0773407450649283 0.133120730462054
"ufb264" 0.780991533302298 0.767126417087867 0.17569595847218 0.678869941112477 0.135404409958759 0.0815314897802815 0.0715912864135572
"ufb265" 0.636727002108773 0.673276618888984 0.191436436860352 0.168286039118549 0.125272248128351 0.0627680605235285 0.146259985478015
"ufb266" 0.621821958344386 0.591878787878788 0.153178701333725 0.237140217226197 0.10110183819806 0.0568430015002254 0.0942678579561139
"ufb267" 0.65842605893526 0.576963779742601 0.151717767678227 0.39172520340074 0.101108346821834 0.0619055826038538 0.0598312092723771
"ufb268" 0.651196536936869 0.623124688392331 0.169122435820223 0.277025724263897 0.11170135298065 0.0704700275716738 0.103419282501762
"ufb269" 0.720417921962028 0.707172742848116 0.185952967674625 0.40472554495251 0.130832410473653 0.0881869081601594 0.125863626709316
"ufb270" 0.706127215046992 0.716157653747523 0.19442338829601 0.354648299438078 0.13471742523008 0.0912892013423349 0.138357950274287
"ufb271" 0.741750006907337 0.719280236700682 0.190523758593523 0.479519254736432 0.138178633296482 0.0800557818665294 0.103271606867775
"ufb272" 0.623665327527814 0.603610772454172 0.161119457010258 0.215191759008194 0.10628587420245 0.0598707889469487 0.107882945142966
"ufb273" 0.618655941875777 0.586859680668406 0.157003360836092 0.227027532691651 0.104435222940444 0.0609272566813726 0.0981826721037028
"ufb274" 0.766767130738074 0.728590596196476 0.181673932402648 0.509633555378353 0.133269421847782 0.0814180183790392 0.103738603098871
"ufb275" 0.650448235394756 0.607864786818413 0.162595093768916 0.46656188232385 0.115962969981109 0.0625454139175254 0.0567494785240198
"ufb276" 0.676956143447185 0.640588959949675 0.175447121241713 0.313559613771 0.117181216297624 0.0658512945295172 0.104680905497165
"ufb277" 0.711699340651058 0.679161747343565 0.177059485282706 0.389660683356882 0.118150942155037 0.0721011398756554 0.0988609115228072
"ufb278" 0.616125710258965 0.65774982225033 0.19535153253753 0.107794856993533 0.119434182233487 0.0587371258294306 0.152847273521654
"ufb279" 0.652312205854846 0.603191239246634 0.162120452131719 0.258212282095231 0.106600394546473 0.0645674927384207 0.106520009353535
"ufb280" 0.657208455182021 0.602085814001232 0.163306388188297 0.290937300959013 0.10977248057118 0.0654425280021567 0.101374865145801
"ufb281" 0.662925721132555 0.632667302230041 0.164580511270524 0.35811418088111 0.108398648484051 0.0663537139594428 0.08521228055494
"ufb282" 0.707317073170732 0.737158939879603 0.188138250286063 0.706996339753218 0.146806035855146 0.0680722647557171 0.05844762060883
"ufb283" 0.616863032430199 0.572448193214036 0.155672532997762 0.200200467958211 0.105322876759137 0.0597143502415616 0.0967820373992158
"ufb284" 0.627660001980343 0.586614513083356 0.170633112490841 0.199558260349038 0.113854321721848 0.0681538743961478 0.104888616199588
"ufb285" 0.665955419000726 0.683593909666871 0.174905777591355 0.315999959488114 0.115942280278341 0.0774773109539385 0.109741432682257
"ufb286" 0.703703703703704 0.704043230724694 0.159084310994252 0.699678034963133 0.120113880567717 0.0538373731778094 0.0246728747996335
"ufb287" 0.669104870875037 0.694689453344074 0.177710284971703 0.323194895767735 0.119380067756712 0.0793789899519753 0.112767434628038
"ufb288" 0.621008260935135 0.656200167683177 0.181061709549733 0.18999526624563 0.119752365191483 0.0638923945174704 0.131117322450261
"ufb289" 0.715384735332346 0.658675303338688 0.179930051359099 0.33611066762071 0.119790013575451 0.079668619429768 0.114904973338754
"ufb290" 0.637723313049687 0.576974494283201 0.151176993975724 0.371813121363812 0.104010138792798 0.0635662247283233 0.0589714730231374
"ufb291" 0.807983288157574 0.759450373610887 0.188268215761637 0.576911649079257 0.139373289420878 0.0854341911797141 0.100747418558172
"ufb292" 0.636939628390307 0.615606580197058 0.166620051032545 0.220972790931857 0.107012792990526 0.0649212203756992 0.113666048831499
"ufb293" 0.634986179250181 0.604627793648126 0.16318778473363 0.236214978991611 0.107967310835456 0.0665965993766788 0.104707529407737
"ufb294" 0.666432647024776 0.642219277693439 0.175989025167804 0.262358937943202 0.111907071148262 0.0643872944592433 0.121544157206125
"ufb295" 0.65 0.61226736041625 0.161010438696517 0.649665489946892 0.121508584919663 0.0515523400649612 0.0256838945041087
"ufb296" 0.633730262994813 0.623953276221833 0.172601206840497 0.221371930280246 0.112220526761486 0.0657101716511106 0.122075365283327
"ufb297" 0.608258021966801 0.560116424568848 0.142233560829311 0.232431522569503 0.0951305330255833 0.0563646348799071 0.0742552997335271
"ufb298" 0.694062639131567 0.68961185980399 0.184108574444323 0.276444376033693 0.126271453248156 0.0702668366086728 0.127288526616793
"ufb299" 0.682947957252044 0.674096467576327 0.182048378231917 0.264320711612859 0.123465260818282 0.072678359292502 0.127876885168108
"ufb300" 0.647317444289747 0.684395713385413 0.195272944493477 0.170270644039513 0.130316481360971 0.0659824102351038 0.15030609426792
"ufb301" 0.62962962962963 0.610953058321479 0.159959429169617 0.629491853182885 0.119598781322237 0.0529655201713227 0.0261467584848236
"ufb302" 0.623236132007853 0.577858913778231 0.150016829442243 0.249788558921368 0.0985540448768187 0.0582298935862794 0.0826380658986537
"ufb303" 0.711909808597053 0.689666891492688 0.17701737232956 0.390851786857665 0.123376380824814 0.0814650686828887 0.111856056057467
"ufb304" 0.628108046186267 0.573520278733908 0.148491149296806 0.329968236941776 0.101470274177288 0.0547756971908123 0.0674611428484268
"ufb305" 0.680716938551157 0.660446149213871 0.175685716608967 0.268708900689304 0.118748655411827 0.0668124637576107 0.11826219066015
"ufb306" 0.682732442545678 0.678741788438424 0.182589891761984 0.295443264411227 0.125282601072563 0.0689782412901132 0.122359377599273
"ufb307" 0.663391135506845 0.685328606756876 0.177672849943746 0.303167868721518 0.120094243370439 0.0745232221615758 0.120408414033322
"ufb308" 0.621504923734759 0.578496161994112 0.147971445991302 0.228226086577928 0.0986023985912062 0.0581485615328479 0.0804479141060208
"ufb309" 0.65604457489902 0.665937188568966 0.16380367319202 0.328356226241683 0.113194603437513 0.0679587563977564 0.0921230737045175
"ufb310" 0.656964253689569 0.662303256973664 0.170217267075721 0.350229872378343 0.118868748746996 0.0656136154107236 0.0911995017988305
"ufb311" 0.636500186532227 0.671401363491294 0.205743214707886 0.13106802828531 0.127765238005974 0.0590830049745193 0.1647665566163
"ufb312" 0.629718741916992 0.657315641003911 0.196841106469525 0.13104841663159 0.122403382154077 0.0508717427504307 0.154969631993455
"ufb313" 0.639026553207837 0.610160017164862 0.148458772519712 0.285438549360293 0.101515951376857 0.0647787482533504 0.0808552972508005
"ufb314" 0.624849040036486 0.569541790783249 0.14632916751029 0.312928786224201 0.0990426538874326 0.0610186263868734 0.0645442485077933
