"quartet" "cluster" "phylo" "mutual" "shared" "clusterNorm"
"mb49" 0.821644014826659 0.221673651384909 0.788230436672967 0.188097828868615 0.0893548054757922 0.0994896385272908
"mb50" 0.873798109114283 0.220205615424177 0.751496400418819 0.172464773190999 0.106534443834784 0.121410975894447
"mb51" 0.709693472676162 0.204602503677248 0.320207444260611 0.153911550931716 0.0962484563230978 0.11858788316249
"mb52" 0.71935455664577 0.221405016594188 0.118098147407107 0.140847507618912 0.0762599473387587 0.182684662552773
"mb53" 0.714317378225764 0.194387356166551 0.302282908932026 0.139937467858782 0.0971831632041115 0.136093708227638
"mb54" 0.833763878201605 0.216553210428991 0.644703868941824 0.166181139381439 0.102587650011183 0.117188997543783
"mb55" 0.852118256629076 0.230643486794069 0.78548213266761 0.194933918963766 0.0951825342616802 0.109024265211526
"mb56" 0.86785064672595 0.222126722747388 0.764459560660532 0.179300497013718 0.11634292068079 0.123784805589021
"mb57" 0.86455525606469 0.2383735647809 0.77375232324992 0.197214926843466 0.0967514284547652 0.117623127933284
"mb58" 0.776193978449433 0.220780352574002 0.509026658778259 0.166652423985237 0.107323839974898 0.13652976985107
"mb59" 0.7468 0.200926171465626 0.670359361317746 0.161612897588039 0.0761992310410771 0.0754851567633043
"mb60" 0.716765594136993 0.217354791982116 0.118087825668647 0.139101037735305 0.0646889230211687 0.178218218463404
"mb61" 0.705429503896063 0.191277286345289 0.517575500866402 0.144305000068845 0.0878096911817386 0.103779046005433
"mb62" 0.765088135725125 0.205426870428002 0.548240997857642 0.154099733148952 0.103197293187768 0.119504431003999
"mb63" 0.97296372347707 0.225361579903117 0.95237504127326 0.19713363335291 0.0980352746569284 0.103756509164429
"mb64" 0.76744773893481 0.205504698429302 0.617439939292956 0.159945732625904 0.0996238717506848 0.104803553040957
"mb65" 0.696201856396031 0.206408298043412 0.118384655598092 0.134129790576224 0.0776529350350678 0.166939114126191
"mb66" 0.711596341165675 0.21228066133324 0.140961074830495 0.137328346907946 0.0650387613528827 0.172173436003567
"mb67" 0.731428208143933 0.166641737258396 0.61723417714483 0.12363876641912 0.0742694421757196 0.0604175442797989
"mb68" 0.731409526958901 0.206270186336005 0.293506545556398 0.145569595943367 0.0899652763228889 0.148978111396085
"mb69" 0.663255696180039 0.18591986917508 0.165780782502124 0.124075608795944 0.0784596971994943 0.137693719379867
"mb70" 0.738451219853003 0.200393262798378 0.60238630033773 0.155342230647267 0.0888590856032895 0.0993037128566618
"mb71" 0.776525007227522 0.163140538621755 0.819219236327273 0.135220172981338 0.0645430066217018 0.0295655542770012
"mb72" 0.710491604930925 0.20819001389107 0.152905602879693 0.13893771954196 0.0754614040079444 0.165967204704769
"mb73" 0.75455018200728 0.170235425424961 0.755862951119184 0.139175483285981 0.0664705634213996 0.038501133293152
"mb74" 0.838407306521391 0.210011209608174 0.713897870961743 0.167608788246297 0.0793672268473618 0.0859963915381475
"mb75" 0.86191470325082 0.18832996044513 0.811559296670137 0.153420982939982 0.0741005514777663 0.0609115546240007
"mb76" 0.734119847492986 0.203079569427896 0.536382762500429 0.160666882722268 0.0758458435575693 0.0766401857423956
"mb77" 0.838804472477064 0.202574549555663 0.823398509141173 0.171264129627855 0.0830974435841773 0.0773923022073003
"mb78" 0.697160955945868 0.184128118886703 0.388130381061876 0.125871322168025 0.0799666920972875 0.120240323157545
"mb79" 0.795089889812488 0.223696647677832 0.606964253797533 0.173774804322111 0.10582971848674 0.124618381265204
"mb80" 0.728974648465565 0.186686800007611 0.503381138077325 0.136752258570312 0.091258579266451 0.109412038745445
"mb81" 0.723113333531175 0.193890349370343 0.420488043490071 0.134038936461668 0.0850240036633731 0.124936888175504
"mb82" 0.75490539301492 0.201114163414703 0.478229108125887 0.14474023469907 0.0976970700277021 0.125163246160519
"mb83" 0.783862338597665 0.192901873368613 0.586433640684265 0.149541245306851 0.100802619291827 0.105829633700802
"mb84" 0.733880696447541 0.195046144456204 0.401090962304688 0.137531952996702 0.0963065287544306 0.126177921977036
"mb85" 0.648834483988485 0.180844726974882 0.167679605333941 0.120300457971894 0.0764367215746584 0.130455790471585
"mb86" 0.687737167964849 0.151779736169089 0.758852969843904 0.123577649305344 0.057628627455769 0.0171977560590687
"mb87" 0.707253500148943 0.197207770182202 0.670575756488894 0.154202660781063 0.0726093688154414 0.0677129425762182
"mb88" 0.711769481847483 0.212345260218428 0.120834281304416 0.137008928470952 0.064918410180215 0.172644945004049
"mb89" 0.678017132425221 0.193399645086303 0.118387007941593 0.124934908509061 0.0703807482352616 0.153060341180167
"mb90" 0.784376166189825 0.185560024230794 0.666347492514272 0.144583886604222 0.0905001179650137 0.0825951956787164
"mb91" 0.825145136953019 0.191183797501116 0.701982105687894 0.152437346274561 0.0938790477723578 0.0890044893008335
"mb92" 0.817315205500859 0.203861229504929 0.731443230938662 0.163839919779861 0.0774444594922571 0.0761600229352916
"mb93" 0.647833636864174 0.169012862484922 0.236982969775822 0.121423056974717 0.0726745073032261 0.0978924543819625
"mb94" 0.670009158806145 0.183098652743312 0.251576999863854 0.135112027705416 0.0773768507947123 0.105249096091731
"mb95" 0.757310565635005 0.204471884719815 0.694935323745009 0.159297208149038 0.0771975928757181 0.0789219741387375
"mb96" 0.675663526194534 0.181612331312701 0.263556857000229 0.132213543919823 0.0769593126384105 0.103639236372993
"mb97" 0.661507918333536 0.183961743522934 0.165734152049857 0.123179642568858 0.0751907121083519 0.137136934127947
"mb98" 0.659751914447957 0.177617066471735 0.251576999863854 0.128877163727164 0.0775286025973772 0.0994191804626572
"mb99" 0.663037737639352 0.185715509205489 0.165699929855852 0.123895526686352 0.0761754937854228 0.140285730558371
"mb100" 0.736398137253277 0.189974374792053 0.515832156004345 0.14213396723779 0.0798791602444716 0.10193938498588
"mb101" 0.655757710228533 0.146053793527992 0.725893986442643 0.114047824179308 0.0498855641104243 0.0112661843986854
"mb102" 0.727348040870179 0.201654005380526 0.377913129020052 0.145990956456423 0.0913900424027736 0.125924500759035
"mb103" 0.666649403112619 0.177111489335962 0.499725549760118 0.132046621000476 0.0762741406235281 0.0727279954476641
"mb104" 0.711207884483154 0.203511107701666 0.347545561881227 0.152595745551259 0.0814712942641396 0.102566758178146
"mb105" 0.716945728778561 0.193408543920246 0.318110210810998 0.138608674647184 0.0932952884117864 0.130462049424971
"mb106" 0.663956373627914 0.168123654299682 0.352401730780966 0.113502560194935 0.0696677618791729 0.107825226637074
"mb107" 0.712327689996702 0.212756414485445 0.132740663983472 0.136803449416068 0.0637391077396193 0.173081779381183
"mb108" 0.661635620675878 0.18495944461152 0.165734152049857 0.123236729872539 0.0754475091791805 0.138191883958163
"mb109" 0.663600617640741 0.184255590586822 0.118393724288055 0.118187763674081 0.0684144261638327 0.143138980021845
"mb110" 0.536744285409101 0.13105871874103 0.693923023578031 0.0995200782363342 0.0455860208570433 -0.00535029898113143
"mb111" 0.674814240908073 0.173030360675168 0.3405566452616 0.114942427835461 0.0683553910838609 0.113087594861792
"mb112" 0.77610891523935 0.213745695955355 0.571196448193112 0.164648872203553 0.0973916695361985 0.11406341025443
"mb113" 0.837976958901871 0.206874654530245 0.749660637091525 0.166749569740538 0.0782670621547596 0.0821016352756994
"mb114" 0.683111769477973 0.19747097884193 0.118387007941593 0.126537509338697 0.0753012062390582 0.157335288495683
"mb115" 0.661965183107977 0.174479528312862 0.242233212993784 0.124570393716997 0.0753020639929495 0.10371118965502
"mb116" 0.684891429597594 0.174728015291205 0.404068702761447 0.12294862572951 0.0788235227404736 0.104143954405403
"mb117" 0.671688913169332 0.191625114832128 0.165675760130518 0.125609005239884 0.0796048352787437 0.147601400344872
"mb118" 0.653246522997069 0.179193750667879 0.118405086881704 0.113838201486234 0.0669225569583014 0.13739424134123
"mb119" 0.692296163069544 0.17770895995133 0.480343626213037 0.133086774530838 0.0873941945013342 0.0887247794374642
"mb120" 0.679700087104543 0.171960428351525 0.386583145960736 0.120996160900254 0.0818046264613711 0.107268356687819
"mb121" 0.760086348072056 0.183662925718678 0.725835260523672 0.147199197096609 0.0722801911749749 0.0542385074262415
"mb122" 0.653460047680057 0.166178490594386 0.227588217300969 0.117448057981 0.0698379097366777 0.100908210410972
"mb123" 0.870674089678002 0.197221524971939 0.846902811223237 0.165472197161437 0.081239549594732 0.0711989437125774
"mb124" 0.6529649715618 0.181771789917611 0.177689177311791 0.120770665110949 0.0743864254723104 0.131436408867897
"tnt1" 0.667739512927797 0.148681771462685 0.734742503451381 0.117977170282984 0.0538115746701057 0.0133901286657769
"tnt2" 0.689825310041339 0.182545841092244 0.289789435718776 0.131819409687026 0.0849868744311478 0.118664191192207
"tnt3" 0.700559615913886 0.188087940536448 0.31743819141132 0.133303038060022 0.0850060043418944 0.118737896535251
"ufb1" 0.606792545365375 0.137513506275703 0.69847706601953 0.104818483682923 0.045443849928343 0.000587839996498019
"ufb2" 0.722089315830724 0.201357189573648 0.317201507877661 0.140448424608396 0.0906895629998426 0.139132517186174
"ufb3" 0.675863474966446 0.177295643196461 0.339808480435721 0.118885417285483 0.0701743129863815 0.11301182388417
"ufb4" 0.644593538899867 0.160753984219447 0.327999815502785 0.109407568968186 0.062693390739899 0.100030907526908
"ufb5" 0.607370829820547 0.151121854427997 0.245848154523664 0.0994106538960279 0.0625698587116788 0.0988564006130592
"ufb6" 0.722426470588235 0.196563813490286 0.310019810539837 0.138236779131675 0.0833146531600424 0.133945260736852
"ufb7" 0.66159068692793 0.183409698371253 0.179965611849619 0.116429162668192 0.0663394174764771 0.142255263456543
"ufb8" 0.661982183489659 0.171194470919994 0.304325638170098 0.120453207573194 0.0696574242778079 0.114885014073452
"ufb9" 0.762955646779222 0.19451558027587 0.529786174888012 0.146073789969233 0.0888705256774647 0.107617432295235
"ufb10" 0.662064758385009 0.158297431181434 0.385745198785677 0.10951000786563 0.0731073597927851 0.0924884034294575
"ufb11" 0.664637874622519 0.159200480874111 0.386061330193182 0.112306626894998 0.0749463978212645 0.0983342732133431
"ufb12" 0.688892150148387 0.176121488114831 0.444639063274734 0.125484406393665 0.0689242655573543 0.0869812764987995
"ufb13" 0.66380208521753 0.182286973360557 0.2162029642019 0.121026816084506 0.0683134757524029 0.136650399360525
"ufb14" 0.713186566325958 0.182166969854903 0.520899546391806 0.137515502026385 0.0662534236672345 0.078223037711142
"ufb15" 0.677440612545894 0.175224004796107 0.44841424892648 0.124825359496297 0.0732767672059183 0.0859018348446628
"ufb16" 0.658081230603157 0.181408313147033 0.326137167879893 0.123315899574747 0.0761989776671167 0.117459196104751
"ufb17" 0.594182262001627 0.135495364054302 0.713973780378455 0.103557518503564 0.048793159903957 -0.00112835819059797
"ufb18" 0.717398498597879 0.187595822517912 0.412187082450996 0.134973240583986 0.0836847614934695 0.110205757538304
"ufb19" 0.700692307692308 0.177449143893563 0.523435088290106 0.132525282227507 0.075616832926826 0.0734589047180186
"ufb20" 0.728027786167321 0.174854720573005 0.693863663399809 0.13734333991517 0.0630871404521365 0.0453209310381871
"ufb21" 0.64451755746257 0.174888234899434 0.177895127054535 0.111110081629696 0.0671268916013171 0.132870018014591
"ufb22" 0.60063198404152 0.148582631577833 0.455155964702418 0.106387452032272 0.06171340495003 0.0564593142791412
"ufb23" 0.623960755582455 0.160604733785503 0.509225320256651 0.119091149266091 0.059382115088223 0.054562313587439
"ufb24" 0.656046928237732 0.150107418854316 0.619968830881659 0.112132706239723 0.0649453314114484 0.0420772669987718
"ufb25" 0.751599688526255 0.183362750437868 0.53128023432903 0.130226005151586 0.075169955535817 0.0946791545663283
"ufb26" 0.782782168341901 0.184088186931915 0.725877522451307 0.145426830202557 0.067201463408416 0.0546356307815002
"ufb27" 0.703129619712674 0.203277881979615 0.132830278412668 0.135464809073917 0.0659327532526702 0.161545691841425
"ufb28" 0.673069202643609 0.179666965331769 0.198064797708163 0.121968649828672 0.0598903929980697 0.129210229535
"ufb29" 0.675032413409891 0.167009380590201 0.545243980849165 0.12574518932187 0.0661163025980054 0.0614215046984413
"ufb30" 0.713957620867699 0.194772710103855 0.293520606106964 0.135567917253057 0.0824770267364109 0.132035021042968
"ufb31" 0.681992271361099 0.16725886629522 0.42091714182359 0.117883712636238 0.0584606991248453 0.0771597560393094
"ufb32" 0.620341735822191 0.150094411119145 0.374274790892646 0.105868157958656 0.0574747091403861 0.0692551546182666
"ufb33" 0.668130885819374 0.187780115290022 0.199564472120406 0.118096272729222 0.0690736308913023 0.145233084806961
"ufb34" 0.65463858850313 0.139286346412958 0.746670813536609 0.110910001628565 0.048759999763036 0.00264213070575179
"ufb35" 0.648992766054641 0.179736414804381 0.199445456183042 0.113328014738409 0.0659543647303988 0.135065264686238
"ufb36" 0.597640484321639 0.148821253972029 0.682603790577617 0.114597265533176 0.051458916292763 0.0130142658220677
"ufb37" 0.693359128569626 0.176927339189265 0.422203830583793 0.127102831541782 0.077129859051974 0.0986389724092153
"ufb38" 0.668228007011227 0.187577128565307 0.17586440472949 0.119306304587102 0.0699741738059482 0.146627936105759
"ufb39" 0.709805495806946 0.214312370641249 0.120880058921271 0.135940979539186 0.0779005219432398 0.175361859309377
"ufb40" 0.721694996696498 0.191647906008171 0.57804750811234 0.148447932758179 0.0788706945337691 0.0891795893304991
"ufb41" 0.754692741417458 0.200739258983408 0.666411742753256 0.15658262694085 0.0736270304385246 0.0740221714848124
"ufb42" 0.756928736546444 0.19623384005389 0.547146186733743 0.147609309338723 0.0892587783810701 0.094331379768046
"ufb43" 0.716176800538479 0.195956980362727 0.353784393084423 0.138645689545077 0.0863348604240938 0.127394874184453
"ufb44" 0.717894009841767 0.200270021879234 0.321887961126314 0.140384655516613 0.0913354259710948 0.137960644974632
"ufb45" 0.713809705073423 0.196526297920337 0.261366597962861 0.137193781639697 0.0820741945425747 0.142043298868164
"ufb46" 0.760797342192691 0.172449173402367 0.743592938104515 0.137164236213619 0.064123388240507 0.0418857701014839
"ufb47" 0.697073623674594 0.174818751920321 0.438003839787833 0.122958677737531 0.081057382847502 0.104250009108765
"ufb48" 0.618181553072463 0.156103965130659 0.280915567803148 0.108926159028001 0.0624230051088884 0.0901344507872342
"ufb49" 0.637980559781173 0.169872894469332 0.163850274366922 0.112879132531188 0.0572465935981868 0.124651758164316
"ufb50" 0.616629101469377 0.160728099058515 0.375610348384163 0.112044405660756 0.0626471098124047 0.0808882168618275
"ufb51" 0.688331190076995 0.193120059672373 0.117397517360069 0.128669165273795 0.0679568753012779 0.149183099337319
"ufb52" 0.708387297190298 0.207298767760565 0.154702510473198 0.136596124292405 0.0705842711459093 0.165787287638666
"ufb53" 0.684491067697175 0.197078491490892 0.152345940887555 0.128103026412186 0.0536910537912303 0.157273178309865
"ufb54" 0.656278580834665 0.167374043007306 0.31674629264983 0.110484349640372 0.0668671460297739 0.110808473877999
"ufb55" 0.571825832418588 0.127740590482447 0.582981824941311 0.0900334909567172 0.0536314747769511 0.0170943928961997
"ufb56" 0.807547169811321 0.17767368192167 0.785423403221307 0.144691346870818 0.0687329918155207 0.0472034005015435
"ufb57" 0.651004514717555 0.17724434898632 0.175871183173275 0.113748433043573 0.0644530470155112 0.134800352098283
"ufb58" 0.703886983993891 0.177532340749509 0.450154956025036 0.126776426924037 0.0883652392755069 0.107310577367741
"ufb59" 0.652179697347563 0.16947622507716 0.233095007971398 0.116168127585886 0.0667321114858644 0.118351250455256
"ufb60" 0.740216721446179 0.176847881621684 0.594806916924835 0.137284786656603 0.0838383387474123 0.0728574895652029
"ufb61" 0.687681429103089 0.168331750730492 0.690173485767828 0.13218665692314 0.0612332959036694 0.0363792786462396
"ufb62" 0.667793471207492 0.18907413544788 0.23470566449561 0.124195135450645 0.0784557495598784 0.143831738052002
"ufb63" 0.741871570818939 0.205121827868343 0.54493795762018 0.157267587091614 0.0905645280311262 0.104308076322513
"ufb64" 0.683900167714564 0.16898359559305 0.419226027240033 0.118506578950586 0.0744701874758426 0.0980319458104782
"ufb65" 0.693461365067032 0.201930315952564 0.168299057267661 0.131902138900048 0.073722359865515 0.162364148424617
"ufb66" 0.663666359392022 0.187500036514048 0.199463760931567 0.118529433792463 0.067179459523345 0.144947840262977
"ufb67" 0.635641864938179 0.157080954908875 0.315326012066397 0.111842425791063 0.0638898912460462 0.0960001927130855
"ufb68" 0.727683379683958 0.181198873590811 0.530586049273937 0.128615216948158 0.0755336866165798 0.0926777718490089
"ufb69" 0.640671029929703 0.171481696377137 0.175881892534637 0.110032414352457 0.0638559125147913 0.12807200344716
"ufb70" 0.633504040304501 0.169178191796295 0.18756775892788 0.108418437616522 0.0648068939929636 0.124847896961999
"ufb71" 0.687224170888778 0.185522937666425 0.198886414748489 0.127759624225022 0.0775459477966108 0.137275495855088
"ufb72" 0.657399990793169 0.167709728711608 0.323732765412839 0.109811570025531 0.0656842530936241 0.107489930197707
"ufb73" 0.76284934147125 0.171425639009763 0.761713330554178 0.138774418762093 0.0645080762155383 0.0404802297565882
"ufb74" 0.650715817287908 0.175019010986599 0.306484979248462 0.115369242449015 0.072916712826941 0.115268145950135
"ufb75" 0.748561332660273 0.179119205612434 0.542408656335414 0.127882922237673 0.0675214430575101 0.0903732696651505
"ufb76" 0.662535595612245 0.182330441843393 0.22816935326804 0.120857529077409 0.0690399929491417 0.136696293819919
"ufb77" 0.662096872691159 0.181644430762109 0.228153051083401 0.120070361827279 0.0694130791949057 0.134668632956503
"ufb78" 0.643189684986536 0.177481181180696 0.237071397654115 0.119847713078641 0.0757430906980688 0.124681672508041
"ufb79" 0.605182157777488 0.168609191108508 0.269722254516032 0.108121303205539 0.0661528607825174 0.103623697409035
"ufb80" 0.741865204863307 0.170893045703884 0.764492651552673 0.140995037681832 0.0672208791218952 0.0407373405240316
"ufb81" 0.701617402327939 0.20198146339239 0.141417174110102 0.133378248987235 0.0636317054655609 0.160191394323734
"ufb82" 0.68910435285159 0.201414632915715 0.199534107436536 0.127843401682772 0.0758408169396321 0.160752797227778
"ufb83" 0.704980942032735 0.178899253166218 0.433600783996381 0.132676734807688 0.0922826716401798 0.100780573176996
"ufb84" 0.710876031603776 0.195661613692121 0.334133925202907 0.138403855917428 0.086447213937853 0.127100681373364
"ufb85" 0.645685974251153 0.174458262233166 0.213721836578004 0.116055939985679 0.066774048306285 0.127072299779763
"ufb86" 0.663488167313773 0.171676998046963 0.335834526260656 0.115274007629654 0.0650396434287994 0.111636133953764
"ufb87" 0.623278406819168 0.17071669825279 0.269829501040933 0.116500509884704 0.0766863945245786 0.110763237318918
"ufb88" 0.738698356994736 0.181160967643605 0.535165548189774 0.136987626310747 0.0796980017686524 0.0925503459558287
"ufb89" 0.6662154223694 0.186658548400423 0.17586440472949 0.118994279123461 0.0685103194791495 0.145663056018404
"ufb90" 0.678285429561167 0.194590392479522 0.199550371381079 0.123388487720608 0.0741125098640124 0.153048174370121
"ufb91" 0.698760952902519 0.166155446480679 0.470252835619891 0.113527971161949 0.0668803897267837 0.0866166511892304
"ufb92" 0.702861216383966 0.201508605437768 0.144767418729026 0.134313051174472 0.067264578826925 0.159683519073934
"ufb93" 0.770097827305186 0.187383846674679 0.57615741617428 0.144188557896135 0.0856080398834212 0.0996664653636639
"ufb94" 0.699675322822694 0.202609575158463 0.132851975749482 0.133379387843228 0.0657136502273493 0.16148340166977
"ufb95" 0.726439250020649 0.186607735546906 0.488759092688775 0.135354179058771 0.0819005447406089 0.0986502587970075
"ufb96" 0.646486747186369 0.178608838238015 0.24923471074529 0.119303032318649 0.0762227806286035 0.125836489670493
"ufb97" 0.609668385207816 0.162153160903074 0.473343017749667 0.121010240140149 0.0577531564610015 0.055878388561443
"ufb98" 0.679993848647544 0.19428283831862 0.175837757524962 0.12565029914418 0.0719364174971642 0.153987704242053
"ufb99" 0.6764746165084 0.169527460006318 0.372604518511954 0.117458965205066 0.073072259306481 0.104556281953753
"ufb100" 0.722050214296337 0.19278340489157 0.313306489860814 0.137508163795844 0.092019191791656 0.129701790637973
"ufb101" 0.686309949140431 0.183364634752745 0.358275772563718 0.130054354244954 0.0730246229773275 0.1058103053347
"ufb102" 0.59987976170957 0.153203673150646 0.222762266714403 0.101514427086802 0.0621848545808488 0.104591129725779
"ufb103" 0.637996105861723 0.158495256851198 0.340423230919244 0.104879186679704 0.0661684077715153 0.101326495390593
"ufb104" 0.688615530104537 0.185953154507588 0.180011720496204 0.127288480692718 0.0625623306808766 0.133659996943231
"ufb105" 0.709542502681531 0.209962823976998 0.132692124034603 0.137074643664031 0.0693635715000412 0.169223973694902
"ufb106" 0.695206611570248 0.204013097044895 0.106271622073 0.128743890447968 0.0639028626204019 0.164552962921566
"ufb107" 0.666839469190021 0.185139131444348 0.216223381843251 0.122688477454693 0.0688482234077748 0.140748908449141
"ufb108" 0.620116893787886 0.170784021192514 0.258182517784218 0.113924029907768 0.067213654418638 0.117416918056821
"ufb109" 0.615005225673681 0.168252440341935 0.264290600296048 0.111804181859751 0.0666687166113465 0.116986041427771
"ufb110" 0.606580071597755 0.16171299578512 0.360374776584184 0.111293518157433 0.0669239891008051 0.0816972857997426
"ufb111" 0.812340858937362 0.183607562988367 0.79746311903096 0.14751702942834 0.0717898817689752 0.0548797871886507
"ufb112" 0.681913725856552 0.175428632799942 0.347935244210216 0.115441300575076 0.0671158508255368 0.110998930512811
"ufb113" 0.726374826702517 0.199152912551072 0.34069074843417 0.141102812459071 0.0894995533026143 0.136756498286265
"ufb114" 0.630783125304282 0.172439661936569 0.25227767761948 0.117234940679894 0.0765820811582443 0.116311698366805
"ufb115" 0.628135260467793 0.175708067458422 0.270124124204531 0.117760035392856 0.0761774026333168 0.116076485285139
"ufb116" 0.756782358878795 0.189699609734737 0.566070227358214 0.14612197852474 0.0881190475552477 0.102104649342565
"ufb117" 0.873613158507254 0.196424732564985 0.846902811223237 0.164033392424486 0.0805015020168941 0.0702770684353481
"ufb118" 0.726998338779744 0.199970012760149 0.406296006883995 0.146899540639111 0.0903470390984345 0.124115767536339
"ufb119" 0.611843527123406 0.135355472601674 0.752828881166531 0.107556060277715 0.0506247298711691 -0.000379027766822729
"ufb120" 0.581251858459709 0.129591186300139 0.611406746571061 0.097452566132159 0.0585769227063088 0.0195505486359828
"ufb121" 0.622843791515252 0.160366575745445 0.349615659352909 0.109419862365132 0.0613834420284666 0.0946443232224
"ufb122" 0.612406525483838 0.153402137174682 0.282292516323446 0.101954897525853 0.0550613396915652 0.0919858216230168
"ufb123" 0.65560886597436 0.178332202050987 0.187550200818296 0.121037334472053 0.070871454046845 0.129659417748783
"ufb124" 0.683113427209225 0.134741222575255 0.785436290844613 0.107407639460251 0.0501512616329286 -0.00200168192926801
"ufb125" 0.64679672124883 0.160021992873753 0.33267099286913 0.108711128620443 0.0656975697030035 0.102900023024993
"ufb126" 0.724191422995446 0.174491441439433 0.554231263396891 0.126548836271548 0.0691707977672574 0.0852451950138388
"ufb127" 0.618497730175254 0.16039616385248 0.411047399653986 0.114666870399909 0.065450617389156 0.0805247046808968
"ufb128" 0.696871388611896 0.20104815564243 0.187583068280846 0.134068287253859 0.0770090752494879 0.15648047475233
"ufb129" 0.605992100737042 0.160764706827546 0.246535055705749 0.10442394412791 0.0591374325305327 0.110963888176672
"ufb130" 0.698416687609952 0.187015367322786 0.497103900440654 0.143983113328264 0.068426769330114 0.083486938775863
"ufb131" 0.574658138509043 0.13311403718743 0.705470712057501 0.100962151191355 0.046216166468699 -0.0029723304587975
"ufb132" 0.591290252863627 0.145938523624277 0.396667870177885 0.10443917503338 0.0600779319431593 0.06451012891152
"ufb133" 0.624703395314725 0.153695049421307 0.292042284687991 0.107511047362934 0.0634432035460503 0.0961750347273467
"ufb134" 0.558597185576077 0.129057488847412 0.714092567010009 0.0980118572117509 0.0452905466101826 -0.00858365590460016
"ufb135" 0.620544105344357 0.155691814765224 0.331636397446769 0.112682628720452 0.0666526567115042 0.0896912151216213
"ufb136" 0.653259020817813 0.167795533720224 0.336584773877556 0.120286542248384 0.0722850294001036 0.0965785626435942
"ufb137" 0.651204921344507 0.178867791717693 0.307903488839558 0.11940639377273 0.0765489327746641 0.119395984546986
"ufb138" 0.651559962045271 0.177537846738357 0.175888164425999 0.112189117655132 0.0644510935330604 0.135654010602791
"ufb139" 0.614115870777286 0.157224999962844 0.210357118630397 0.102654510880009 0.0588233238808191 0.110162948629461
"ufb140" 0.640681382269757 0.178693298790343 0.24912868848673 0.118151933297786 0.0736085622295106 0.125928115541359
"ufb141" 0.634758771929825 0.134582976072989 0.752653439081637 0.106505095796143 0.0491811404392769 -0.0012727931256854
"ufb142" 0.672319287427201 0.17856091887234 0.670652204534198 0.1427477145246 0.063088348325727 0.0496089395016837
"ufb143" 0.683966458749398 0.183777067403437 0.224989280228135 0.128368741970943 0.076943226693569 0.13355782494353
"ufb144" 0.647385781599554 0.175232639702771 0.179982886513876 0.110584135298236 0.0647970658066714 0.133237784817539
"ufb145" 0.654546153609547 0.181764056327197 0.199456743967538 0.114562955020392 0.0656555157494094 0.138127514191021
"ufb146" 0.720040345457984 0.19768294661841 0.702349873496345 0.161724483683147 0.0772194469934544 0.0704813026021431
"ufb147" 0.627633034309261 0.159734990378785 0.221978983701601 0.102828899566944 0.0710663744211741 0.113945761796694
"ufb148" 0.665128289067912 0.185835088038837 0.17586440472949 0.117782399360606 0.0697423074371379 0.144798090133013
"ufb149" 0.700350281286488 0.1495108280286 0.687036876823954 0.116187972956576 0.0709127554800171 0.0414775170497627
"ufb150" 0.620665399934227 0.157558496321246 0.175398772707317 0.106872111192684 0.0567659056077524 0.109177314965806
"ufb151" 0.624176907637593 0.168302963678777 0.249484664056059 0.11327807753256 0.0729375882836652 0.111832070475103
"ufb152" 0.660155180282976 0.162423365834501 0.419524942299013 0.114542436179446 0.0640050965096634 0.0824875424061715
"ufb153" 0.683666269788773 0.164257654170861 0.482804205858382 0.111099178220077 0.0646310395045943 0.0848063154666175
"ufb154" 0.627832326283988 0.157696928810054 0.698597278549622 0.125684677505392 0.0580047459011371 0.0243152845382098
"ufb155" 0.679541128658882 0.189726229929219 0.447774508661244 0.132278063603574 0.085149066925199 0.112696106865167
"ufb156" 0.648103738583435 0.180434671452146 0.412176172504302 0.125721060075753 0.0792569163658673 0.110424719080489
"ufb157" 0.627289407353097 0.173174221108214 0.265055220515106 0.118144092587216 0.0673295403223362 0.117049117699616
"ufb158" 0.678396698465791 0.192890558900134 0.216237903645974 0.125660223516056 0.0718596542328327 0.149836523413653
"ufb159" 0.570220623967344 0.160612820047283 0.614034003865066 0.124630403936212 0.0559271862872529 0.0273543287925913
"ufb160" 0.720791379992938 0.190133005905514 0.446141647924025 0.131087272794083 0.0795330715277451 0.113007086226922
"ufb161" 0.618959905576022 0.144628081737747 0.443129763727852 0.101938157681256 0.0589940231154103 0.0513278008397055
"ufb162" 0.725318764298399 0.19460591380739 0.365987594756785 0.137652631078104 0.0825996719778332 0.118207841313125
"ufb163" 0.714752168770832 0.19308889844939 0.334043869452672 0.135827615940798 0.084273486558871 0.124308670671614
"ufb164" 0.696293128671423 0.187843437456216 0.246504218295322 0.131613485774306 0.0585675768828778 0.132826399286455
"ufb165" 0.670934590738726 0.173616088814814 0.214609710617912 0.123812984915137 0.0676705897571094 0.117430126140326
"ufb166" 0.633356741146686 0.160472593600735 0.179290931729023 0.109683787777218 0.0567919091930911 0.110691774638724
"ufb167" 0.670266022469294 0.168748860976521 0.360041257651575 0.115182897426968 0.0644988813965751 0.103797219986389
"ufb168" 0.638793115433274 0.178705587698329 0.243493833999868 0.119487866263437 0.0752426746774473 0.123016085762903
"ufb169" 0.424543198736747 0.122342617244845 0.638220023908956 0.0898326804389354 0.0396561897590285 -0.0166375062086131
"ufb170" 0.728843628320623 0.195370815250486 0.571196448193112 0.150083828951072 0.0908702306442944 0.0926773713905356
"ufb171" 0.685651136967463 0.183982433410223 0.164942577562812 0.127427977828654 0.0707203250656396 0.135666128211146
"ufb172" 0.676770775237033 0.183812349011639 0.466745828578302 0.135985177963832 0.0680083739556459 0.0803714444179688
"ufb173" 0.656347424865943 0.169714924100318 0.414497645019894 0.118557098551811 0.072639376363492 0.0905009603534497
"ufb174" 0.653016701834698 0.176127332025449 0.287513936977415 0.116571857698986 0.0726811128935159 0.120139462272195
"ufb175" 0.663405152298354 0.184333976613098 0.204189095884984 0.116728207022311 0.0668351873336021 0.141606424857293
"ufb176" 0.658754160986041 0.176420097076786 0.339673509979119 0.124529422256327 0.0713956541572939 0.106019634928734
"ufb177" 0.680073906740245 0.195332677994629 0.178062387905217 0.127794479123425 0.0750322097996365 0.155090153937434
"ufb178" 0.629984179029189 0.158486859877325 0.2454719949607 0.1010607478293 0.0679530221393113 0.111524494596836
"ufb179" 0.599110027901232 0.150445576856181 0.316738438901342 0.104726123317262 0.0661748571608225 0.0841280484095279
"ufb180" 0.62677636499626 0.136465764907013 0.619367296281043 0.100658976338844 0.0592878133897257 0.0271450455348118
"ufb181" 0.744530732841436 0.183358522988477 0.517678836892029 0.137534419592161 0.0787656321120114 0.0948118512511296
"ufb182" 0.592427616926503 0.126122047271252 0.740989668695495 0.0962877544153352 0.0446758781307391 -0.0110619439969167
"ufb183" 0.646403493338025 0.152057489227048 0.47068924619248 0.104419135464437 0.0649803754827798 0.0796234650861018
"ufb184" 0.677596307544229 0.196382588288105 0.204185656055415 0.124402537742473 0.0732144415537906 0.154940566720686
"ufb185" 0.675771615842477 0.180601539873435 0.189312881923729 0.121867514385889 0.0657274522786141 0.13358921334849
"ufb186" 0.667925324926641 0.181209309969655 0.175167937451063 0.117789113766354 0.0623353864094439 0.13660692017097
"ufb187" 0.668760143955966 0.185768540469002 0.223053446152401 0.120684710574181 0.0718296499427195 0.140326272771799
"ufb188" 0.651746410030663 0.156056303061374 0.320217344062517 0.108497149725433 0.0675429151968702 0.0987704546038242
"ufb189" 0.73028874390844 0.183973347057928 0.493620076887743 0.137618817077142 0.0752098690880626 0.0956291097450696
"ufb190" 0.665767007541202 0.187335891925059 0.240273060296996 0.122738217162437 0.0780658091830548 0.14070469337435
"ufb191" 0.695225988386939 0.201549880013001 0.12985226337651 0.1315144981411 0.0643134136950929 0.160889309258886
"ufb192" 0.738506588579795 0.183600500343429 0.725996316217698 0.146298356926165 0.0694651975193391 0.0547566767103462
"ufb193" 0.720759409716465 0.195349140861455 0.343730101726324 0.138346382055998 0.0918031632271704 0.126733065014524
"ufb194" 0.615691593709014 0.140421708294854 0.442449112014896 0.0970495284714098 0.0603886249087483 0.0581533466002903
"ufb195" 0.632559857617784 0.149169500328642 0.42581515869647 0.106434325187089 0.0656403793681922 0.0680795722063614
"ufb196" 0.655690994995254 0.180670828829011 0.204188505418077 0.113932946459639 0.0663004880651611 0.136964595035306
"ufb197" 0.632925004059884 0.157135113927822 0.303583766962018 0.110483238270041 0.0639435378297557 0.096058276277546
"ufb198" 0.619994540151439 0.159896429202288 0.328471567149182 0.110997942100647 0.0652897061798356 0.0881209433674989
"ufb199" 0.753571161468851 0.17772135876469 0.642432796673911 0.137450944698982 0.0868438640951773 0.0738413147575251
"ufb200" 0.632075720773049 0.160880589403518 0.31649699719827 0.108039040077927 0.0711151290592315 0.100191760758073
"ufb201" 0.643772427480304 0.177094860588056 0.225485715228418 0.118637731921611 0.0739682815043604 0.129878356896339
"ufb202" 0.621708747199162 0.156551338790524 0.257166703301314 0.103851335963937 0.0720439237377556 0.10814055172358
"ufb203" 0.628365345745602 0.160518522988944 0.248538652309597 0.105007138267009 0.0739665226531405 0.113671456502748
"ufb204" 0.681727885326997 0.1790454304834 0.271535196421421 0.125136764781602 0.0738836135056236 0.123280688458414
"ufb205" 0.65933358469466 0.170777787560323 0.239082095912725 0.118146143413205 0.0695662021713549 0.117416754977933
"ufb206" 0.712244075086242 0.190971125965967 0.310279774337658 0.133884143390468 0.0796931034067514 0.121983867563009
"ufb207" 0.65115716393605 0.178577270387902 0.179982886513876 0.113126805292889 0.0657548940692375 0.136752714773747
"ufb208" 0.691581980257752 0.201800209031667 0.175774906350531 0.130637643712872 0.0729087282539947 0.162228977816898
"ufb209" 0.64446057988755 0.161767056884414 0.335817920459076 0.109248403713638 0.0670401181733804 0.10482056957873
"ufb210" 0.617764471057884 0.159984649603815 0.326283277051167 0.104412584494145 0.0618180285561539 0.0943028078883404
"ufb211" 0.61672746942702 0.164256642266548 0.268349212387787 0.103761499935814 0.0669877663705072 0.11056231441598
"ufb212" 0.617359881492276 0.161554731487447 0.250822036117223 0.101641959963738 0.067257258803946 0.109950995130112
"ufb213" 0.636158852275759 0.171906111728924 0.201843640377424 0.108245875494554 0.0652614569397407 0.126796539185282
"ufb214" 0.665956074163418 0.169896516191906 0.433129396105267 0.125533527960174 0.0770153901469077 0.0800669124983072
"ufb215" 0.654106975425743 0.176188814947816 0.30292216795177 0.119426687504222 0.0753735442733959 0.116592011391534
"ufb216" 0.634654914120475 0.156113595066183 0.43182839347512 0.111480583649436 0.0638031971953803 0.0645756997148903
"ufb217" 0.715255695830579 0.190580822381674 0.414580332495897 0.133375250639438 0.0809126134502763 0.113592454059047
"ufb218" 0.656587576774318 0.155487880820781 0.4215739120214 0.103400776007414 0.0632979678176043 0.0831553017218107
"ufb219" 0.670314266335067 0.166649222162831 0.447037252512369 0.118147973930601 0.0662657485170577 0.0871167018968822
"ufb220" 0.636150877212581 0.173393932752356 0.373693422619654 0.120878970871818 0.0686614871906062 0.108793683950928
"ufb221" 0.66620100305677 0.186471116500546 0.175857252008741 0.119085997243232 0.067350021297644 0.145042871454766
"ufb222" 0.642162159088324 0.173457807912537 0.18754851681824 0.111023315513097 0.0653138208167476 0.130151652097638
"ufb223" 0.618661200254471 0.15841373725499 0.344314213281688 0.114213874789078 0.0680255473505009 0.0865115754500465
"ufb224" 0.662345288386438 0.16402627479802 0.41014763548173 0.113572215161564 0.0774177811555506 0.098716585267763
"ufb225" 0.706613654356153 0.208528350743662 0.129680974228986 0.13406369825676 0.0620665774572006 0.168640634339992
"ufb226" 0.649793132494302 0.169353648316426 0.290161836641566 0.117457945067537 0.0668059455426561 0.0984546114442484
"ufb227" 0.640383444683327 0.170785563374598 0.156134095842647 0.114064618387279 0.0594252885952005 0.124526074333247
"ufb228" 0.635490736644475 0.171227402771543 0.177913381789347 0.108206386091891 0.0659427596437299 0.128473063513772
"ufb229" 0.65728489647832 0.182152211578699 0.177873473047646 0.11692141884771 0.0687309736477471 0.140929980998982
"ufb230" 0.595695883184894 0.128744166904092 0.611406746571061 0.0927917884138441 0.0560947140937042 0.0185964455879918
"ufb231" 0.654275064619822 0.180461227708233 0.23999014552943 0.12143582490281 0.0769700773824743 0.130080952201569
"ufb232" 0.630283385953781 0.167198470909653 0.191902343248788 0.107852537835227 0.0629564965302108 0.122774128281186
"ufb233" 0.697486301390671 0.204948175920954 0.106271622073 0.129632251396273 0.0621298532628559 0.165534397256148
"ufb234" 0.700425702047892 0.188117370762732 0.261355058597952 0.130684752070453 0.074509014691663 0.129446965139589
"ufb235" 0.661644117849049 0.164054941556945 0.347745604337999 0.112370693323104 0.0714781548716078 0.103579078054788
"ufb236" 0.617954942960817 0.160649551710276 0.22236999579347 0.105246400505356 0.0640714964504195 0.113800247427389
"ufb237" 0.718581550853983 0.196876635669498 0.38807302731079 0.141557384026219 0.0942538138406295 0.128419270507271
"ufb238" 0.706105272434838 0.170264400328819 0.505647479975165 0.124526920641183 0.0769863751688231 0.0914809458338646
"ufb239" 0.660356133914533 0.172908616598337 0.316016853077364 0.121091867618294 0.0709142630198301 0.112952229672655
"ufb240" 0.655602149902546 0.168939995929501 0.334658952313449 0.117776450962355 0.0687500745722903 0.103836204640773
"ufb241" 0.638015337222259 0.168802329195564 0.268652925572265 0.110505853446627 0.0724031503748389 0.117663241516095
"ufb242" 0.638358039883625 0.169495023629523 0.210170672192583 0.110333818456374 0.0670290885346555 0.126648583380092
"ufb243" 0.700937171383339 0.190528120093917 0.234983973798813 0.131049693477663 0.0781463967799752 0.138515189265703
"ufb244" 0.690745788830017 0.189457078048161 0.164881709777308 0.130041429347 0.0720665596578493 0.142967810257261
"ufb245" 0.64507435391501 0.17257733139791 0.424552677907217 0.124876989044536 0.0732052891196619 0.0828360990717533
"ufb246" 0.638444857178136 0.175769019197989 0.175724257391818 0.10957084441571 0.0531033099354814 0.133795273376673
"ufb247" 0.633721428877739 0.161108744665397 0.326788759612776 0.114290537084546 0.0659977121291545 0.0954416124776739
"ufb248" 0.633490840562038 0.163042270743815 0.33131194748608 0.115585793268627 0.065003369470418 0.0914185330543798
"ufb249" 0.645750365135667 0.175046824873946 0.230732955397536 0.115988204340422 0.0681068073148704 0.126158351990562
"ufb250" 0.651972654994321 0.17163372302238 0.322518984891263 0.12280405034467 0.0751895838565144 0.106811605649796
"ufb251" 0.648269406629053 0.167964651112886 0.296702772496452 0.117510655396394 0.0687635825859589 0.107720032278461
"ufb252" 0.665463150649615 0.185654950269702 0.178074725099001 0.120441606116645 0.0723054785383498 0.14460902841354
"ufb253" 0.650125999987431 0.176900269464692 0.17808444627775 0.114136808835671 0.0686277785420661 0.134984177307426
"ufb254" 0.633637613936681 0.169667304597379 0.180143977465661 0.108730371371905 0.0670382126612962 0.126842553296931
"ufb255" 0.621441411916661 0.159049592670229 0.257106204911952 0.103613843310221 0.0724576719468143 0.109189364545246
"ufb256" 0.717819208843761 0.19052467290085 0.383548551074964 0.139440886555574 0.087201783299574 0.113567001638835
"ufb257" 0.701257628542485 0.183846936724088 0.31743819141132 0.132163753020767 0.0830450693024884 0.114020560526698
"ufb258" 0.641251091016341 0.173158761518697 0.182084940463748 0.10956102488015 0.0650896342715274 0.13105886216265
"ufb259" 0.589599975149284 0.141654690702501 0.210211935482815 0.0934773229260247 0.052273743358169 0.0907448507014827
"ufb260" 0.58113270965212 0.136385679713885 0.396916405795997 0.0970447752048529 0.0574774131323825 0.0542411038067403
"ufb261" 0.597866646564396 0.135308690846037 0.594699369086364 0.101420042277139 0.0582608822074716 0.0255488761811096
"ufb262" 0.621112974876039 0.137476939413762 0.560061948507 0.0992266129483082 0.0637134830209829 0.0440555485399122
"ufb263" 0.690789269365268 0.179754298031386 0.337251989570539 0.126787441863267 0.0814676791287068 0.109692430049156
"ufb264" 0.66373348487001 0.185332268831006 0.199564472120406 0.117282182249003 0.0669097156194789 0.142657011250985
"ufb265" 0.651608069521534 0.174277889424244 0.210488683544937 0.115342858292445 0.0612288539382034 0.131680189830124
"ufb266" 0.640159311006006 0.167364672722799 0.210511260136983 0.109160746460782 0.0596525456665226 0.123738691691568
"ufb267" 0.659171277171893 0.172720402018084 0.324099049060167 0.122013320073638 0.0730029799270728 0.108025006644442
"ufb268" 0.658776836272098 0.166070560671857 0.344002776344618 0.114564865223527 0.0619529394274922 0.100820236587895
"ufb269" 0.644032644330256 0.159017927364737 0.340090330174211 0.106624671789566 0.0641164755636897 0.0980984469377915
"ufb270" 0.678712222396327 0.176897056921369 0.233384121606617 0.125060687142386 0.0764378522272102 0.123972498660962
"ufb271" 0.685166573688043 0.181574765131253 0.233558684085618 0.127238121001119 0.0794543660199079 0.131229262489634
"ufb272" 0.64656138155789 0.175814243803753 0.21869554643391 0.117221944614604 0.0670198411720276 0.12981830941894
"ufb273" 0.658792992429929 0.17873634644991 0.164553891903272 0.120152070047357 0.0651864971370924 0.131613699377971
"ufb274" 0.702588339452647 0.204862024646005 0.131381908070422 0.133608329881666 0.0629374840206915 0.164369899018148
"ufb275" 0.610384796454526 0.163301469268795 0.24630552629242 0.107325809247764 0.0614003155210171 0.111754988241072
"ufb276" 0.605492439915355 0.160368197794908 0.234432244135446 0.105018080495179 0.0602598935424323 0.110565366942751
"ufb277" 0.704059603525097 0.191327259926811 0.225265394982758 0.132934023077977 0.0649504689057856 0.136510216984361
"ufb278" 0.633130532703557 0.164440637709671 0.210526661897728 0.107537867283031 0.0583460289794877 0.119857198024888
"ufb279" 0.618144345846548 0.155551241909122 0.30056591561205 0.109770920828377 0.0635506760258314 0.089539653514068
"ufb280" 0.661878113972399 0.154444290003739 0.452341977026477 0.105450934001726 0.0685066075776148 0.081903456577263
"ufb281" 0.70485824883811 0.204908636440353 0.142575569471255 0.134528532166876 0.0669993239135177 0.163900783950559
"ufb282" 0.587724404071699 0.159722748331004 0.276173041421401 0.102522301689353 0.0642130579854692 0.0988014208334578
"ufb283" 0.57658472541858 0.150875568136037 0.258350729874122 0.0970223774531534 0.0585682028821114 0.0931814411197881
"ufb284" 0.694398708854922 0.196446262352953 0.154664207749506 0.131742724767841 0.068032480730862 0.152685832719934
"ufb285" 0.727726688420844 0.177471094640798 0.548967288987008 0.128458137734467 0.0723514338510455 0.0883235719511177
"ufb286" 0.644575024620947 0.160148940923358 0.292432472269553 0.102127341269874 0.0715935169188907 0.108458666026228
"ufb287" 0.690702412134285 0.170645744274263 0.455301580476434 0.119141356559557 0.0589058338692107 0.0809130800603525
"ufb288" 0.67316507069153 0.190777752821536 0.204185656055415 0.121096197587525 0.0685826338913185 0.149038882590324
"ufb289" 0.656159599777382 0.183694666290233 0.204188505418077 0.116490769627289 0.0664393263325012 0.140161083628829
"ufb290" 0.633199210972472 0.160265705131219 0.27237526204084 0.106826013901172 0.0608605745135825 0.0994369210895791
"ufb291" 0.614825520104577 0.152768536318574 0.280189279150685 0.101286709032005 0.0614356600445325 0.0952024043309862
"ufb292" 0.655965266596555 0.155319019879272 0.354653269021805 0.106166228902902 0.0702519929055297 0.0941006193266395
"ufb293" 0.59579387708381 0.150423777692048 0.210488850625154 0.100289380671159 0.0572078399760108 0.101644472871675
"ufb294" 0.645043594711648 0.17495552444622 0.18754851681824 0.111433888673304 0.0671456421375016 0.13172784054261
"ufb295" 0.677975951787344 0.167460618482333 0.400353164760141 0.117541281033597 0.0772237500317312 0.102508249653389
"ufb296" 0.541702772963605 0.141981081279689 0.666292956121702 0.109759073702687 0.0475181369129892 0.0065506317203178
"ufb297" 0.604889801409522 0.149405045970932 0.288557813440037 0.105427820791382 0.0635246328532714 0.0878396880192242
"ufb298" 0.625099501445389 0.163127372801854 0.343300993268179 0.119068432063486 0.0682706723690919 0.0915032524159374
"ufb299" 0.635045282142581 0.158725325294427 0.327359082876269 0.106558257298809 0.0702582428682944 0.101593710987101
"ufb300" 0.646408416610667 0.17165524905651 0.210511260136983 0.112026577433266 0.0609502310294468 0.128254073045696
"ufb301" 0.67745074998639 0.192718805524328 0.199550371381079 0.121899870117175 0.0698802392921854 0.151080052840745
"ufb302" 0.691068950606642 0.187926617758211 0.240392447386092 0.131089462401156 0.061948051407778 0.132827739594881
"ufb303" 0.607035044319657 0.16313431205925 0.234474974549407 0.108152768225904 0.0582711751304177 0.111577532978388
"ufb304" 0.672829825648054 0.188145746189684 0.2113567202709 0.122576499472342 0.0709813299046951 0.143919311031341
"ufb305" 0.644135727791668 0.177593874368821 0.237273778722243 0.118538037879687 0.0736114129129042 0.128877358140158
"ufb306" 0.681506617895494 0.181269434777459 0.232835544132136 0.12660171527355 0.0759429624509556 0.125692384083798
"ufb307" 0.643024287904462 0.16641573869443 0.197730175078288 0.112853440869656 0.0630945703275284 0.117010571834594
"ufb308" 0.609223525821622 0.153384573019871 0.315837553074924 0.105863335561273 0.065633348887566 0.0872058943958957
"ufb309" 0.654449453689213 0.17689770417282 0.284137744341057 0.118085831940232 0.0744376593453613 0.121017886915374
"ufb310" 0.659907021481244 0.166450183469502 0.635015846764646 0.128887326374343 0.0569634175586262 0.0355970244037105
"ufb311" 0.657440690150971 0.161488500812901 0.523502920893253 0.121577662249453 0.0717242182547629 0.0551232291917996
"ufb312" 0.626575116270915 0.161528949616509 0.269885207309572 0.105800591640322 0.0686491208238479 0.107574795669258
"ufb313" 0.682281845877921 0.180572695046177 0.165013042279105 0.125717464794091 0.0684820758167846 0.130193652886955
"ufb314" 0.70090332808284 0.206905895214748 0.106271622073 0.129419576903103 0.0625826414849201 0.16758916822959
"ufb315" 0.612960901312825 0.164276758879601 0.252124906773733 0.107586169090185 0.0597657426358157 0.114684347893132
"ufb316" 0.610503018873503 0.162280211147756 0.239961724273108 0.105375081951551 0.058144598383593 0.114163488670656
"ufb317" 0.642345950341624 0.16587878295675 0.268344778569614 0.109800100993501 0.0651713716126651 0.114534901294643
"ufb318" 0.72550981274907 0.185029632647817 0.461734290673002 0.134489494282481 0.073065163250141 0.09671695223397
"ufb319" 0.643915499156459 0.133288180178371 0.666234980295208 0.102740077820691 0.0625505767827557 0.0233456949269238
"ufb320" 0.666322012528079 0.187440925612531 0.179965611849619 0.119174005967547 0.0723488837783437 0.146489656078058
"ufb321" 0.63580037993755 0.175395106917384 0.319590511921783 0.119240748751091 0.0770149415621113 0.110934737630111
"ufb322" 0.639922764498302 0.16271259686546 0.454928630231109 0.116312411723851 0.0640938974439287 0.0718498040527832
"ufb323" 0.623075178027013 0.162207924655248 0.319646109949103 0.109605118447122 0.0679886017518897 0.096867070530189
"ufb324" 0.651505219992332 0.174771086391951 0.175660033342607 0.11554475495097 0.0547219664597806 0.127405723272623
"ufb325" 0.660029264322228 0.186032526874575 0.17576625131115 0.112326999827007 0.0598374912047822 0.145324428891157
"ufb326" 0.612306660501464 0.157975083917814 0.213299501157757 0.10434699032947 0.0626215343668859 0.109634068268017
"ufb327" 0.625412936775081 0.178831221140337 0.284899244379913 0.122346580134365 0.0784889277268895 0.114729519862619
"ufb328" 0.664410364886304 0.140698124908931 0.768134331362168 0.112582452594426 0.0533155228672502 0.00408358570869005
"ufb329" 0.621526282792117 0.150886358235212 0.320108184185405 0.104250187288792 0.0624701178677135 0.0931909077845982
"ufb330" 0.692169779810907 0.202561412795575 0.107488117707862 0.128401191883308 0.0617307637362498 0.163029160349774
"ufb331" 0.673673425451791 0.192090372083107 0.177848339783059 0.124228234510582 0.0722791418288436 0.151685857009351
"ufb332" 0.661665421707957 0.18531339679621 0.177873473047646 0.117901376494798 0.0702905672782386 0.144250500395525
"ufb333" 0.609000821359617 0.158663511936769 0.399207649377063 0.11332729576811 0.0657266194409251 0.0786272256993894
"ufb334" 0.577091825621558 0.145902787513883 0.399281924762657 0.101647205843707 0.0647874986475708 0.0729062347405399
"ufb335" 0.645065095128136 0.167503973189872 0.344253766385605 0.118579821589246 0.0705920970006393 0.096313978497928
"ufb336" 0.669310942188816 0.180483392901852 0.348350598210348 0.129031240831796 0.0694975500086622 0.102470753040216
"ufb337" 0.61894817613606 0.156719364545398 0.26977205784392 0.10312107953906 0.0706597985814254 0.106704105728576
"ufb338" 0.653519034875086 0.166142166339554 0.3405566452616 0.110970360504561 0.064044582985814 0.105700110830037
"ufb339" 0.697698389458272 0.186248046145726 0.259667175377932 0.13287239977509 0.0796903837180887 0.13100895344234
"ufb340" 0.637589822835678 0.170417258697173 0.175909179503907 0.107950132429829 0.0616973876371282 0.127620395261066
"ufb341" 0.626669570012187 0.169937528134347 0.257754315686231 0.113823098366729 0.0729383200459998 0.11352145075471
"ufb342" 0.623769375590662 0.16012304069532 0.363440683576108 0.109861887543235 0.0690791082165028 0.0884796555011755
"ufb343" 0.637445979514751 0.169281362991382 0.179957706086681 0.108564920602606 0.0612523324740914 0.125766109086101
"ufb344" 0.651538003252591 0.172710131689667 0.301291008167983 0.120782078465323 0.069986407503148 0.108011701530597
"ufb345" 0.618452355665067 0.165803829397999 0.356255906654092 0.119314499381206 0.0660929793624691 0.0862701645283636
"ufb346" 0.662875388026608 0.184440597853908 0.178074725099001 0.119890121095259 0.0708417687545375 0.143333468264756
"ufb347" 0.65128711759753 0.177652433270385 0.225555135570463 0.120085781744856 0.0752331863574587 0.128966347601189
"ufb348" 0.764213841119886 0.197434750096581 0.612112500140944 0.153251488881551 0.0970404560152145 0.095559969186501
"ufb349" 0.541138245466932 0.147987582789171 0.629343943411387 0.114984272372245 0.0500896048531611 0.0112099987027395
"ufb350" 0.687524897950737 0.199147730095815 0.144053181601404 0.126329552133894 0.0650960082135796 0.159486705178854
"ufb351" 0.668681060013542 0.185435375856922 0.187290222297981 0.124064118782095 0.0602453978596858 0.137193924378402
"ufb352" 0.610341272179293 0.153038259526744 0.308478499510193 0.102691155572141 0.0659741081558629 0.0869181379197043
"ufb353" 0.659270807030641 0.15832416311009 0.494618116096586 0.110775020040344 0.0637465088080172 0.0783087464812087
"ufb354" 0.643608368632125 0.166107160246489 0.424548518870263 0.118852541906628 0.0670039747282629 0.0753847608331521
"ufb355" 0.603137296796823 0.134187733106007 0.479969583993866 0.0926798962385916 0.0515941004814512 0.0401790257122843
"ufb356" 0.670530094999023 0.191175857870981 0.175765529868356 0.118697429019109 0.0597967225736966 0.150948793012457
"ufb357" 0.680118543522716 0.190797446720749 0.189661415605189 0.127580150720654 0.0720294517657562 0.144373324987568
"ufb358" 0.63728591743781 0.172567966445547 0.237050130388616 0.117198260675636 0.0725956177313247 0.121705968854066
"ufb359" 0.712071938034371 0.213341932831913 0.132738608249802 0.136528915147281 0.0615627161390425 0.174008163845839
"ufb360" 0.800701582639909 0.199735561149323 0.725818793005004 0.16111744594943 0.0746394430774253 0.0738394328667212
"ufb361" 0.651617952499925 0.165452999360186 0.29272165190176 0.115792418283339 0.0645777209023731 0.111791165759735
"ufb362" 0.636293927820706 0.174276695308761 0.251948117739079 0.116483185560305 0.0732562542253845 0.121168016763731
"ufb363" 0.653549064116999 0.176263769773663 0.218790390930065 0.117826450143686 0.069836741833966 0.12900419770949
"ufb364" 0.638319922387719 0.170239163787551 0.221257802089682 0.114174149441472 0.0674884750335036 0.121095903127256
"ufb365" 0.686425925783916 0.168770352702496 0.407022122693756 0.119482302803868 0.0748803960147028 0.0976120394460407
"ufb366" 0.58110307756369 0.133129502341258 0.583049657544458 0.0990341294631338 0.0548906543640554 0.023093071820623
"ufb367" 0.70470610181009 0.203699838455709 0.146524932062461 0.133519383209404 0.0635142508939758 0.162629543028075
"ufb368" 0.654154676815496 0.163243921448846 0.340423230919244 0.109303383751591 0.0706373028318919 0.106397766932348
"ufb369" 0.671653863713055 0.180970897273996 0.240407868102616 0.124647360909964 0.0605221574883436 0.128327250927751
"ufb370" 0.640629365744621 0.15279764130575 0.480172296411788 0.110460667508468 0.0650223100315667 0.0611697907132699
"ufb371" 0.627386921558212 0.164303886247873 0.179953935473069 0.105580392735621 0.0608730847081769 0.119725137057589
