NaN 1.544246 1 NaN 0.1836234
1 1 0.7872666 1 NaN
NaN 1 NaN 0.7282447 NaN
NaN 0.6585413 0.8636093 0.5776806 1
0.6312597 1 0.809728 0.556731 0.9722751
0.1819696 1.289547 1.355727 0.8294385 1.214969
1.087939 0.634603 1.123256 0.8638923 0.7140103
0.6075463 0.558976 0.4416556 0.5705283 1
0.7316848 1.172442 0.1564471 0.6338465 0.8217214
0.5573332 1 0.542908 1.031926 0.7334539
0.4516787 0.3433655 0.8383889 0.7099851 0.558117
0.9596064 0.7895677 0.9226022 0.5416577 0.2788506
0.6111529 0.7282469 0.5569261 0.5933792 0.3476451
0.4439482 0.4478099 0.4309444 0.3726909 0.5637199
0.381711 0.3887099 0.4440986 0.3876725 0.6262624
0.2735038 0.4687449 0.3510622 0.631639 0.428397
0.1750435 0.2613776 0.2060676 0.1866513 0.2369335
0.1729622 0.1607204 0.3254534 0.2263189 0.2477258
0.4093664 0.2107167 0.2700843 0.3919982 0.1766637
0.2221185
