"quartet" "wQuartet" "cluster" "phylo" "mutual" "shared" "clusterNorm"
"mb49" 0.912664101188107 0.916732091451954 0.25020747285899 0.81375293753885 0.196280670622455 0.128669718833061 0.148716743710178
"mb50" 0.91358024691358 0.960699216395419 0.258248112003758 0.913490798577968 0.212845969657584 0.105409456707111 0.131591710011804
"mb51" 0.679012345679012 0.803368072330734 0.238472262343339 0.678740994005433 0.179777050206721 0.0873926742136861 0.108439073578265
"mb52" 0.662396740514147 0.720956672909513 0.231975462711359 0.147666877025904 0.148740116336684 0.0852853799033487 0.192577218015587
"mb53" 0.695997598777847 0.745505693235097 0.215233385542981 0.552879797191129 0.159387358109567 0.0988058983725111 0.108918552269061
"mb54" 0.820194321516854 0.857373660576398 0.243009267118354 0.657930338991983 0.182952883879529 0.113220121498214 0.140201803939776
"mb55" 0.74675290191292 0.740156592344374 0.206871416259705 0.489909481283728 0.144509863996303 0.0866124251424169 0.116420338572894
"mb56" 0.753086419753086 0.840846440732933 0.21795614778027 0.75289173808146 0.172654533413887 0.0815948884616816 0.0844197697473767
"mb57" 0.728395061728395 0.808366184844503 0.211791229032136 0.728296593392553 0.164626192474249 0.0764689655290432 0.0772021722803242
"mb58" 0.85 0.880864652419553 0.205034889850829 0.849852056652256 0.162249388991548 0.0800026336397744 0.0691619033651053
"mb59" 0.769424143416684 0.786641878017648 0.214359764491087 0.590228184162778 0.157004144499271 0.0922314553678199 0.107996666431131
"mb60" 0.676425400650108 0.724566244296213 0.208624315595904 0.332331577833492 0.144526171631997 0.100463210064146 0.14373632931902
"mb61" 0.768872149513213 0.776482776482777 0.212384862154702 0.594570754404249 0.15710658594624 0.0910891872063744 0.106131444922962
"mb62" 0.7 0.749278548852549 0.214871855200792 0.538030130329416 0.163040196572146 0.0795601278159466 0.0802551710648873
"mb63" 0.67838842318698 0.68507434106085 0.205987116260614 0.308066804439554 0.138258319821958 0.0958882402717837 0.134619448002787
"mb64" 0.76624400532726 0.81894568493572 0.226585915131991 0.55358824917334 0.164982094262452 0.114023443522747 0.138333558899785
"mb65" 0.615680077366812 0.648906855144968 0.180675164609967 0.173629436867038 0.122940970068999 0.0779262962491541 0.107167010203296
"mb66" 0.684709417200195 0.721948596316912 0.205237105436424 0.307693550799461 0.140325544799326 0.0889061139847857 0.144790575137517
"mb67" 0.710226924016447 0.723559932890076 0.18549630422192 0.47786081118422 0.132527110374306 0.0900494685531483 0.092393465246399
"mb68" 0.631872685125566 0.679990036968092 0.194256346398789 0.260452727725091 0.135156746359507 0.0888942734958826 0.102281901995596
"mb69" 0.628756650501992 0.677673828154976 0.201564929193871 0.0865833298993404 0.128134552732335 0.0529300395896349 0.161690364420943
"mb70" 0.745005501368331 0.808110388643471 0.215149215094603 0.565164302049313 0.15338843490565 0.0967016477499312 0.10901674971167
"mb71" 0.74725835545048 0.760560100142645 0.191467187937003 0.620375799844556 0.138432550324182 0.0846624865146764 0.0820463616051525
"mb72" 0.633728570278241 0.708189382924338 0.222232062386038 0.110910306178567 0.142324606853937 0.0697409799413643 0.182806003996106
"mb73" 0.615273826558454 0.664421593830334 0.188653020989672 0.188200249441587 0.130268840334069 0.0790414025276083 0.107352413856363
"mb74" 0.708860759493671 0.764281419122069 0.193965136150362 0.70877542549975 0.146647093807276 0.0701697146933687 0.0546335251266383
"mb75" 0.757210532898389 0.745749809692971 0.205278886891976 0.504738948573445 0.148614835877168 0.0987837015195975 0.125774532423249
"mb76" 0.736931844411743 0.726810067805471 0.187620793467189 0.526529299615026 0.130631364747292 0.0848427078501086 0.0949032179072194
"mb77" 0.675 0.746316614420063 0.213315767281306 0.674926028326128 0.160923726138993 0.0754313931916762 0.0791099498143629
"mb78" 0.624044149893383 0.66285710382918 0.192906114510306 0.0866017937500571 0.123242609340936 0.0453135831515124 0.152337770522469
"mb79" 0.729926837626128 0.742829855584175 0.188783808295393 0.600609677237717 0.139994156201725 0.0862254319487718 0.0788050131022351
"mb80" 0.667967927789846 0.686960915650192 0.194816113861387 0.196452325711998 0.130670830748238 0.0726078277112004 0.145443702903
"mb81" 0.635667568998333 0.681383803778089 0.204679093780885 0.0989098880238851 0.129220951358766 0.055135353230939 0.164976156358654
"mb82" 0.679012345679012 0.799475846437172 0.217504636364223 0.674741099141448 0.161231414542719 0.0775873398492303 0.083891161377025
"mb83" 0.641157072890274 0.656174439522603 0.191702162895512 0.23985969840755 0.125219535259206 0.087255191971718 0.125257613531978
"mb84" 0.814814814814815 0.800037323877951 0.172551370568098 0.814684024811483 0.13896902334417 0.0636747535031013 0.0312619880494667
"mb85" 0.623140860096792 0.633501676582721 0.176865103060685 0.111455768953419 0.116183038507138 0.0646599900474861 0.124118624886696
"mb86" 0.666666666666667 0.741398016119033 0.210543914554418 0.662290413590696 0.156052778182446 0.0755987628099205 0.0757418750432002
"mb87" 0.763636769554243 0.794069313973167 0.222285233991674 0.485760199996659 0.159429059533993 0.112550202091885 0.144374906096572
"mb88" 0.91358024691358 0.924085500220361 0.168896092898811 0.913551683579519 0.137357751540717 0.0663174133702577 0.0269825605460286
"mb89" 0.658085465730195 0.705353140681092 0.2120343902286 0.147856289947724 0.138698113648305 0.0762894436586985 0.169386714551624
"mb90" 0.674096839954335 0.694083353029229 0.201042345900542 0.474686725829239 0.144336107095656 0.0792853137148205 0.0928967030214832
"mb91" 0.825 0.883916800937454 0.216765878092327 0.824889042489192 0.170799537991694 0.0852024168487155 0.0829930449923512
"mb92" 0.888888888888889 0.92147179522849 0.225842427863708 0.887512328612312 0.18303474967716 0.0915101498845369 0.0936526562589658
"mb93" 0.625 0.710446570972887 0.212788209418803 0.62475342775376 0.15840656506802 0.0740941582657377 0.0775213640890598
"mb94" 0.728395061728395 0.612210897687182 0.15433152968431 0.728357478394104 0.121680736105103 0.0548632435180316 0.00993105364700857
"mb95" 0.627293324954651 0.692056824887219 0.209237497180678 0.0988890223501398 0.132359132850521 0.0517585295941278 0.169514431358582
"mb96" 0.9125 0.92301855556322 0.226020146070682 0.912475342775376 0.185846365798496 0.093426482159514 0.0938278999383884
"mb97" 0.725 0.838216560509554 0.211696989487029 0.724728770529136 0.158131496813632 0.0767682412115213 0.0764288200123227
"mb98" 0.778064666221567 0.783479630880036 0.214739336377178 0.541500296566128 0.160860851545015 0.0955779830810771 0.125051286633476
"mb99" 0.613931397385076 0.620770898124588 0.170260536284001 0.11143021213556 0.110333232795945 0.0609759787965819 0.119364614387405
"mb100" 0.669704273000446 0.68260888758093 0.198959966980272 0.18393879862402 0.129704179103877 0.075296909280419 0.154518546950884
"mb101" 0.654208073659555 0.661878909413024 0.176226931084894 0.294240454908877 0.117360397553497 0.0714693735052177 0.108674710906521
"mb102" 0.624658905722021 0.632615183754275 0.17698699593056 0.0990338058674627 0.115747300155546 0.0607349282928964 0.126503672662548
"mb103" 0.634315781114 0.636193798197875 0.182074149597821 0.111410075949943 0.117759787592307 0.0596143862243051 0.133779953405012
"mb104" 0.638381898714527 0.691439139327549 0.209777654186222 0.0988890223501398 0.13383654963313 0.0531603523627464 0.170081722544375
"mb105" 0.790123456790123 0.865497076023392 0.212852657298705 0.787290413590696 0.164861216857793 0.0792551726485631 0.0784448426675965
"mb106" 0.691358024691358 0.60781548997885 0.151333358631735 0.691160336352989 0.114004746612501 0.0538375109813206 0.00642093572348992
"mb107" 0.616501110038762 0.687589765300452 0.20861970869973 0.0865496722659856 0.130881570406589 0.0499177496115749 0.169305018465421
"mb108" 0.597961168993579 0.633078432615361 0.175672943220858 0.0742364223847261 0.112923822605345 0.0442701109201399 0.133350290192794
"mb109" 0.633919941507725 0.633353785612604 0.180278956658971 0.111394137935849 0.115172058450369 0.0605713977043573 0.133473456075892
"mb110" 0.703703703703704 0.721110510185686 0.183125382553017 0.703579678700544 0.139181360006024 0.0644305390138087 0.0436415448995932
"mb111" 0.824170508111301 0.788415835845119 0.209053042119079 0.591110339942336 0.157474605015527 0.094163055045476 0.118715535875258
"mb112" 0.6224382346907 0.656670828634815 0.191359919116703 0.0866216963049308 0.122082193607647 0.049820371914279 0.150341323279959
"mb113" 0.616371226151364 0.64834558561808 0.184756755066303 0.0866216963049308 0.117976239262722 0.045080812791392 0.143403211056905
"mb114" 0.6875 0.75821836815136 0.211572692888184 0.68731507081532 0.158688475109546 0.074939770823224 0.076096984977226
"mb115" 0.70275697128287 0.682286752871968 0.186310650092674 0.369104305327974 0.126458412309668 0.0805205444269307 0.113404536856052
"mb116" 0.6375 0.761946902654867 0.205226776186233 0.637204113304512 0.146431902749851 0.0711781060685095 0.0688483560875433
"mb117" 0.683544303797468 0.618845049452302 0.159033199736019 0.683435265916347 0.117892338176252 0.0533937368511383 0.0135203533561023
"tnt1" 0.603992555491112 0.632511680360883 0.177668120038403 0.0742584632359729 0.115037898456628 0.0492392544512646 0.13481221263246
"tnt2" 0.684448815938515 0.663156854021454 0.178869597793296 0.255784142689272 0.1149194492398 0.073473794878046 0.111513872750293
"tnt3" 0.653115732782785 0.660219234273027 0.178878941933337 0.22063176613658 0.115931688607824 0.0733418866085152 0.126285194369837
"ufb1" 0.671202595541311 0.602657476818133 0.148148135216104 0.544099374031301 0.107662042808921 0.0651916199690136 0.0325478892249247
"ufb2" 0.6375 0.658057946866611 0.173742054793445 0.637450685550752 0.128264203539488 0.0579220849560658 0.0315945819901939
"ufb3" 0.711661306171608 0.700631009615385 0.178145774988891 0.531499552879501 0.127579331947761 0.0747372369635137 0.0670227177626879
"ufb4" 0.603045522432621 0.620718529280005 0.173554737192894 0.0761024141589501 0.112602102537271 0.0491218165003323 0.129717884682017
"ufb5" 0.687309899796036 0.695543643911924 0.195071922773132 0.534705088098256 0.141090360367386 0.0811113928849358 0.0858020185201574
"ufb6" 0.652069886314746 0.691534498828136 0.197073895525588 0.209447194153958 0.130965561762342 0.074888910399355 0.147822986143867
"ufb7" 0.691358024691358 0.605719237435009 0.158399784219116 0.69122122135454 0.118384028653596 0.0556254239264444 0.0146939750779888
"ufb8" 0.79426642639499 0.714306024524613 0.164874552861429 0.666549460607847 0.122869158059887 0.076129961083948 0.052211745467437
"ufb9" 0.699332572425907 0.713394277869645 0.180948801627332 0.544171469797048 0.133510993242574 0.0809527146741629 0.0701594953947015
"ufb10" 0.632313164535012 0.62816260873019 0.173625359012153 0.195884156424477 0.113919608138882 0.0692379926872477 0.114704937372973
"ufb11" 0.716243251438906 0.68500652720731 0.159674177653928 0.629397822091076 0.118839311100978 0.0717538842938825 0.0463098123414382
"ufb12" 0.706055942141631 0.700797073572388 0.190530971597735 0.418465739557649 0.135805386812474 0.0893991673785274 0.118002996820929
"ufb13" 0.67027565100456 0.67567595029314 0.186072329298075 0.336095923117042 0.126162845571893 0.0821823410027586 0.119305128581554
"ufb14" 0.602015823264895 0.609020438604843 0.167856884062011 0.207267485832658 0.110435047420875 0.0700457924998533 0.104434333123326
"ufb15" 0.678415990847168 0.633042481931958 0.17236650277461 0.369277680098795 0.11328893369376 0.0617491269128963 0.0896698623586726
"ufb16" 0.629444720982508 0.631408771049344 0.179224853619566 0.171680896365775 0.115955596036025 0.0647522843474083 0.128878799741689
"ufb17" 0.602773495277852 0.592925358703286 0.160669288996832 0.244845195526439 0.109564534485358 0.0454323867245224 0.0767448489598275
"ufb18" 0.604799778838816 0.617890986375975 0.176724984067404 0.135459990030137 0.114591550789004 0.06940091040415 0.126166084512876
"ufb19" 0.669462253241222 0.689568710499784 0.196654134451147 0.174005813350446 0.13053527642396 0.0732039201210553 0.149237048657434
"ufb20" 0.672951443446698 0.693430784634598 0.206273572548914 0.173923789816554 0.133512918500559 0.0788896147992737 0.163316153934191
"ufb21" 0.724317927561223 0.672167179521861 0.157288050935655 0.604817592774006 0.114629274862905 0.0691337496159464 0.0436017846012294
"ufb22" 0.649638388280791 0.628351599416145 0.179812698636586 0.246168089613087 0.115699786589316 0.0705330168664915 0.112458603912597
"ufb23" 0.647695678136408 0.683960972695821 0.187040479954088 0.30743071697674 0.128766812549934 0.0867096903748454 0.114115348767334
"ufb24" 0.630400302028802 0.638311666642831 0.181897063542608 0.125773428216194 0.114701925501612 0.0577858748588315 0.136484453827897
"ufb25" 0.617923665554991 0.615551619026269 0.17723360036755 0.139379705623424 0.114087830102432 0.0643312827661919 0.124473369516785
"ufb26" 0.607577253363383 0.657928309432305 0.188006226438041 0.0862643651302744 0.120627081182286 0.0450530443426846 0.147191590973597
"ufb27" 0.607304496788263 0.635911382826489 0.179294782999939 0.0864063339259102 0.115798553927767 0.0483188751870701 0.137167081519544
"ufb28" 0.728395061728395 0.59903536977492 0.143672187641766 0.728174823389451 0.105567282844299 0.049278776161722 -0.00254840362888929
"ufb29" 0.640687931136212 0.685988601940751 0.193142596033383 0.462243684769377 0.136562320649558 0.0817506123121338 0.0842932960761467
"ufb30" 0.7 0.651326475365458 0.162155764963187 0.699704113304512 0.124056750880181 0.0572446932692011 0.019063286204192
"ufb31" 0.682197396416797 0.617110370086918 0.16798148913757 0.354452952620389 0.109371033951686 0.057319357156084 0.0848467008008726
"ufb32" 0.670687120702324 0.706810301316186 0.199359692192768 0.258273729521725 0.135373346171497 0.0813568084736757 0.142334216673121
"ufb33" 0.655167398219117 0.694121033939845 0.194080320231384 0.221381405159442 0.128858202277058 0.0740420497271907 0.139864585326359
"ufb34" 0.65877328945576 0.688798405074601 0.19468372804968 0.189150321478169 0.130388777715616 0.0742596303597452 0.143086945942019
"ufb35" 0.595624978840192 0.601380654915848 0.158160868982613 0.233422318264447 0.107177266912684 0.0649299475867926 0.0891289597902161
"ufb36" 0.667980244494021 0.668430040379808 0.187195075086616 0.233155566228682 0.120114868378536 0.0700976578649276 0.135110953961811
"ufb37" 0.646768880260727 0.68509605538033 0.200269595064875 0.184315149273302 0.128207718375466 0.0755585993092409 0.155890382032144
"ufb38" 0.728596249361153 0.714222906133216 0.198436869386281 0.505867335981422 0.14118391930675 0.0755831383100784 0.0901225895596312
"ufb39" 0.640647217219485 0.677844332887304 0.185464012067107 0.322827532284281 0.125145228629542 0.0846208757610988 0.104038920660952
"ufb40" 0.665079139700616 0.715376096261486 0.199860920416578 0.335697751329479 0.136937221641099 0.0978575803484386 0.128210876936081
"ufb41" 0.618060707063679 0.57424999463899 0.152325759730038 0.321511014320573 0.100725195917219 0.0627813740216098 0.067502542923295
"ufb42" 0.608337617593053 0.652997233547771 0.18513140233603 0.0982353376198409 0.117096295200536 0.0464810554216926 0.143310563537376
"ufb43" 0.60347567492256 0.640503619848244 0.179495024218691 0.098191112413458 0.114178148320759 0.0477284219040616 0.1367544503948
"ufb44" 0.600070748138539 0.627290684469528 0.17543310103536 0.0883021178871549 0.111051002905009 0.0480895919665852 0.131720277354366
"ufb45" 0.623585421478047 0.656023891974275 0.189872253403533 0.0887435661783288 0.120180241316065 0.044679680049494 0.149156593046283
"ufb46" 0.619942941941556 0.643507972665148 0.183687762066034 0.0887596689320878 0.116349541915883 0.0439574898470396 0.142287036824368
"ufb47" 0.61834198769907 0.640423823087783 0.184101232304271 0.0887771258533309 0.117737866348784 0.0480824476870929 0.14222025115327
"ufb48" 0.649510560540653 0.645299145299145 0.167578861695412 0.48121320983574 0.119041474431063 0.0650547392147928 0.055280879761284
"ufb49" 0.605909971085266 0.627854896061269 0.176176837619976 0.0864342646482986 0.11429654256062 0.0473958998041448 0.133254278051099
"ufb50" 0.695728081628149 0.697420078519349 0.175646025367463 0.534919829440873 0.127447397824957 0.075068988318388 0.0638861050529154
"ufb51" 0.625958316625825 0.669144347260431 0.198162346409325 0.0986689920862604 0.126154198061285 0.0580214879874897 0.157858205418924
"ufb52" 0.633989698131932 0.639141801292547 0.181415490547122 0.159478611039918 0.115860203777305 0.0609811166241096 0.134674885257383
"ufb53" 0.632655584299885 0.646945048112596 0.184646685347756 0.134764360772177 0.11580277068989 0.057290105493422 0.140496183134918
"ufb54" 0.63044486042283 0.643189654761659 0.182995285573375 0.125773428216194 0.115623909992774 0.0583028845364175 0.137643637781964
"ufb55" 0.629152382021364 0.636764705882353 0.181623499860814 0.125680911379053 0.11578489739976 0.0571127646288805 0.134873788262419
"ufb56" 0.70840130326935 0.710617340184761 0.201907569190502 0.400666607350802 0.142468035431677 0.0837410165661833 0.110393980602891
"ufb57" 0.650720406652903 0.62072158981285 0.171812784885625 0.339054716066477 0.117732661143854 0.0709067883654801 0.0887132509537274
"ufb58" 0.599241414177359 0.627579268185054 0.176721684237952 0.0983428690721055 0.112774562054392 0.0488778641143046 0.132140872676651
"ufb59" 0.589003640188233 0.61921809061231 0.170251714462881 0.0859236418508129 0.109596703343559 0.0500062426646182 0.124190706326849
"ufb60" 0.586606462227847 0.615379938681744 0.168786468085626 0.0982966390396583 0.109255120715389 0.0553897035443908 0.121300361682543
"ufb61" 0.615707710700225 0.625513517141475 0.173501604445189 0.183671659995117 0.113704205771646 0.0682437082569153 0.117852601219402
"ufb62" 0.639780638177072 0.646642668233911 0.170050964702658 0.298889581535626 0.114411041671324 0.0700248330860742 0.0955627318352246
"ufb63" 0.652571999119693 0.700094969011246 0.212886769835523 0.123458634300998 0.135625020869394 0.0457547799203498 0.172986986531064
"ufb64" 0.657110204291531 0.670251195281599 0.185865422482229 0.196354806539617 0.124472810039025 0.0712323653590808 0.133718332300396
"ufb65" 0.62273359104783 0.64131083839113 0.17329341254761 0.323001747421279 0.119763208919808 0.0704991716932285 0.0906312550484277
"ufb66" 0.667989110586585 0.608933765544134 0.164527470959137 0.369381225591942 0.105161247462002 0.0667104784116892 0.0897419050213439
"ufb67" 0.620489691550532 0.650388064819147 0.188488700095078 0.0887596689320878 0.119977710367394 0.0490534490743151 0.147331462953927
"ufb68" 0.587324535217807 0.574256759508644 0.153756499382645 0.122995634490605 0.0973491761290589 0.0514854887989005 0.105395869774546
"ufb69" 0.690837289347447 0.671151609721629 0.18131782075758 0.390600921215368 0.126854652380996 0.064318598830818 0.087600990948705
"ufb70" 0.684971445446217 0.632967139331172 0.170726326966744 0.371288929729459 0.113096681661312 0.0567304641469489 0.0759859601439206
"ufb71" 0.61634781062187 0.594418570508063 0.162742866896375 0.221386362748034 0.104793497209217 0.0689261308582821 0.0989871064331811
"ufb72" 0.677449598721594 0.652573411980154 0.178544032007836 0.391802186877876 0.121585347076481 0.0722501593468831 0.0964646465910885
"ufb73" 0.574162900264906 0.552330875395026 0.154550908427607 0.183053424949236 0.101258539770263 0.061751859273734 0.102644871448069
"ufb74" 0.64645272560029 0.628451463708345 0.177163196809004 0.344435680585996 0.117011611127454 0.068737583027623 0.094945839171105
"ufb75" 0.633465211264318 0.684406008251538 0.203810030723696 0.111292324215769 0.129499140842688 0.046314918145782 0.163814322222478
"ufb76" 0.620739453990186 0.607224968629201 0.167157037025888 0.222491910935589 0.10925369339447 0.0654375876688488 0.103785817368831
"ufb77" 0.698111361258838 0.657653112703057 0.183730137257758 0.403122974980654 0.130152817107625 0.0670996717455904 0.0902894520390845
"ufb78" 0.602404508897007 0.63742239959024 0.178889362582666 0.0883021178871549 0.114408104689906 0.04857393599059 0.135346581848549
"ufb79" 0.615655150974541 0.680267197216122 0.202333670875774 0.0865310063206655 0.127346827053598 0.0487875042606484 0.162652549069508
"ufb80" 0.608899876708655 0.620217761613185 0.168868159290555 0.125573191658188 0.107660913308269 0.058470883684458 0.119769489180532
"ufb81" 0.602840983344998 0.606605346069275 0.164079102908715 0.171552489978744 0.10631623858866 0.0635098123472781 0.110513297938528
"ufb82" 0.591278924776954 0.592948863636364 0.160532660951065 0.13499587378153 0.10304736909849 0.0566218519501938 0.104008441191561
"ufb83" 0.596836393633207 0.609914868997438 0.169331006468466 0.14733311609809 0.110155819416235 0.0652863264629426 0.110100558676747
"ufb84" 0.6041649924947 0.615366663800712 0.170907818921507 0.123203963650479 0.111830930726733 0.065451868646751 0.123523736906241
"ufb85" 0.613242390360681 0.616542399840939 0.166438622129881 0.220920652337635 0.111560579811377 0.0639375008569699 0.0980854995162077
"ufb86" 0.637002097771078 0.646050508492669 0.176051047107675 0.246033480718554 0.115090576560828 0.0713542964832787 0.113363148661478
"ufb87" 0.695201307475099 0.687915831025372 0.186437091503012 0.39756976504871 0.129531403401265 0.071829376880141 0.0935330998849677
"ufb88" 0.630548895306338 0.631871934216686 0.170170393837019 0.305027658559659 0.112565894040307 0.0667127373826114 0.0871761281558368
"ufb89" 0.65121190242374 0.697075312944848 0.210015398387292 0.147575153099284 0.135765358942734 0.0770467075551412 0.16815452640308
"ufb90" 0.592417744262759 0.587616189484443 0.160998385263005 0.122600557558764 0.104114520526401 0.0522482059614316 0.111386754963354
"ufb91" 0.635110424408803 0.639202205864784 0.181323188670988 0.151015390912573 0.115105141951367 0.0603641878712761 0.135896799774229
"ufb92" 0.623292974876481 0.632772809136327 0.174795378910792 0.159245141179813 0.112932042725626 0.0612919084785441 0.126071409799779
"ufb93" 0.628000152657764 0.660271388361871 0.192695966156608 0.0989312872136032 0.121229727355341 0.0441441714849262 0.152543501018791
"ufb94" 0.756909189421382 0.768932350302692 0.210598782771134 0.454387490200963 0.152516439698024 0.102365820501948 0.139786908494605
"ufb95" 0.675020682956471 0.708914179292756 0.193251515857483 0.311019963373586 0.131965903808385 0.0851924561843584 0.127199295602297
"ufb96" 0.578676620689047 0.561987899403214 0.150977151287175 0.122968796812579 0.0962810821742854 0.0483095220813495 0.0988402931403549
"ufb97" 0.584405260419021 0.57329855013323 0.158016154295341 0.122946237280011 0.101511684566507 0.0502665114529192 0.103992228494525
"ufb98" 0.637209002138476 0.647026235415402 0.187660723062427 0.258486253349544 0.124525833876287 0.0838197380531361 0.120951111104381
"ufb99" 0.721518987341772 0.669591246903386 0.156346308012339 0.721507925527745 0.118585728126512 0.05328920874656 0.0103685476042998
"ufb100" 0.617270411989919 0.633036808526462 0.178593508934559 0.233430501818246 0.116595492586506 0.0831796083956693 0.119986109481464
"ufb101" 0.595899098560863 0.612170731165601 0.166852221790825 0.183968541739999 0.109584780940757 0.0775550060368476 0.110721286739056
"ufb102" 0.591403150313871 0.608089501278555 0.162585170485275 0.146958067305503 0.105291571375645 0.0713526016456816 0.108894748050343
"ufb103" 0.681676824841205 0.649254749945403 0.182022518847333 0.318919591717637 0.121713084203525 0.0705068368365628 0.108506972105099
"ufb104" 0.716049382716049 0.804733727810651 0.206852264984233 0.715816366043447 0.155987390211355 0.0756829978195408 0.0714198650256182
"ufb105" 0.734177215189873 0.698911185098533 0.173068320416829 0.734053164846859 0.129434925948635 0.0626326609353525 0.0301867923895573
"ufb106" 0.794357693634679 0.753999939048548 0.184682197547503 0.647865585466913 0.133941359414455 0.0804420972268905 0.0740142116172714
"ufb107" 0.591934849939585 0.583877230800187 0.161671293798937 0.113480941349779 0.104506632495981 0.0559566969847513 0.110191142349684
"ufb108" 0.6875 0.689964447317388 0.180677615262134 0.683497686152641 0.137275522292282 0.0642969433138622 0.0397233199633386
"ufb109" 0.683544303797468 0.601483836777954 0.153100175059936 0.683435265916347 0.113121498085233 0.0493512553559693 0.00656073487395214
"ufb110" 0.64721521209845 0.690327669447085 0.200491890735257 0.137629660031276 0.13206268684047 0.0720275257353516 0.156133110097398
"ufb111" 0.622414462421827 0.635417962792695 0.181228954031077 0.101413120008008 0.112957120155857 0.0428706232237864 0.140553528576395
"ufb112" 0.605611000455942 0.56731254385914 0.168486459629477 0.233286725226954 0.109372245866152 0.0749684258628619 0.112476772974992
"ufb113" 0.591141245204878 0.607341170657706 0.168384979643295 0.110779278589696 0.110331760407672 0.064951597472356 0.119231413268796
"ufb114" 0.623607502203774 0.673051604409221 0.188751995623695 0.44965824635917 0.13272174559987 0.0784846249063108 0.0789971616240194
"ufb115" 0.656443169936382 0.680313637636516 0.199340701827166 0.406980256437488 0.134214180611935 0.070039979178849 0.0913275588828017
"ufb116" 0.7 0.754597393322621 0.189657691043461 0.696105345708048 0.142265765408863 0.0667906362430767 0.0506455227102923
"ufb117" 0.639292896090477 0.698895712398069 0.212575999058555 0.111272239787391 0.136242865756688 0.046799392431277 0.172660462383191
"ufb118" 0.635213561253111 0.685028181388548 0.196462443762407 0.172691814716244 0.130256507245868 0.0739073984551371 0.150569219230942
"ufb119" 0.635937703492897 0.69177662261769 0.206395466821694 0.160022845792218 0.131823872362327 0.0777524677561828 0.164328484882513
"ufb120" 0.650895170661836 0.704782146405787 0.216091515935348 0.160049095350119 0.138705718070502 0.0787166347188332 0.175280258806255
"ufb121" 0.600336979994732 0.643690556269345 0.180362998971832 0.0862597103778907 0.115558406061674 0.0446118468947123 0.138786579903795
"ufb122" 0.587420855569756 0.620805312677522 0.171458433096278 0.110425507327716 0.110081822144481 0.0500052582773746 0.128291041156308
"ufb123" 0.583743003378953 0.605552145347317 0.165195072447661 0.122762779028892 0.107489932060012 0.0523972131630126 0.119962725623399
"ufb124" 0.591100664932095 0.624976179607972 0.171605263715377 0.0859450638151868 0.109046595336403 0.0509830789554842 0.126747396175777
"ufb125" 0.636581409251719 0.569425729868463 0.148602820154244 0.333731223853597 0.0991192387013637 0.0579909546474746 0.0634070643510402
"ufb126" 0.608476149061609 0.641889775523902 0.181959705942555 0.07606464395488 0.117756563018137 0.0495205125176875 0.139959828292482
"ufb127" 0.717964338520218 0.707057770002916 0.176695305678218 0.396869954385328 0.121644623702187 0.0797011112536121 0.094321852596712
"ufb128" 0.663003555730308 0.658196146666554 0.173302219764117 0.257875999457213 0.110596566817784 0.0718862290023843 0.110470941090322
"ufb129" 0.64605113126689 0.689032840699406 0.197962572483121 0.147805881623096 0.131413409766129 0.0701629676392107 0.152179328032121
"ufb130" 0.660977423999598 0.702267472814394 0.199405302693128 0.270504136759296 0.135329119821856 0.0898155510358614 0.138515228484924
"ufb131" 0.6875 0.709683114131874 0.181237294929377 0.68737671387688 0.132858419298329 0.062059628519583 0.041296896865618
"ufb132" 0.628013034838904 0.647212825415502 0.179831324883122 0.350727590159312 0.123171333580125 0.0768973479838685 0.0859946873562468
"ufb133" 0.673803015247597 0.687667317849649 0.190530415193799 0.344435680585996 0.12854973264667 0.0852060425904871 0.109438935991142
"ufb134" 0.62847996520397 0.637730558838891 0.179708147013432 0.2457328505717 0.115383801401377 0.0841221345156231 0.117188850952217
"ufb135" 0.662414022981115 0.65503447101881 0.183117093355104 0.468923095177204 0.133488983461526 0.0645683172655069 0.0729153004506814
"ufb136" 0.606273856768513 0.638604860240509 0.178586028428535 0.0998680719368867 0.113967979607467 0.0423220764576601 0.136926990116061
"ufb137" 0.618079783961794 0.629779903705419 0.177906920094752 0.232038007914154 0.117211881158613 0.0765629642900949 0.115250341871593
"ufb138" 0.589501010793568 0.616761529683543 0.17130528998872 0.0983828381174481 0.111477759073299 0.0629149693464807 0.12394392414673
"ufb139" 0.592659859172493 0.560272785144452 0.150115866134468 0.220460945095797 0.0995449012688308 0.0460013830077733 0.0739992225530553
"ufb140" 0.618124580556991 0.670476799054096 0.195763720060018 0.0989347525476816 0.124730896463605 0.0452089554081255 0.155755766082125
"ufb141" 0.646082939754999 0.688153757583809 0.193494606300447 0.200181983238654 0.128513776941996 0.0720246159630118 0.141810999245106
"ufb142" 0.595491090437853 0.595682100324913 0.15895812705675 0.170444675998308 0.10351262439481 0.0653543178334891 0.0989497419995178
"ufb143" 0.619525262665395 0.660580873209729 0.190815452856082 0.0986689920862604 0.121533900979541 0.0455034642522968 0.150142022356408
"ufb144" 0.626091156625622 0.625582488417377 0.176025673823906 0.171785845581548 0.113175589873334 0.0651139849335283 0.127374347121589
"ufb145" 0.592238679514059 0.601408198982293 0.163115977969592 0.170444675998308 0.104527003786448 0.0703641271300123 0.103404255809435
"ufb146" 0.616412870149801 0.657814618671169 0.192304228290857 0.428762219588181 0.135365593941521 0.0771137382249879 0.0830299806280458
"ufb147" 0.644816068495848 0.692474752632875 0.19376974489506 0.224190441367997 0.132392139616789 0.078661204999271 0.136301449114213
"ufb148" 0.668341787524833 0.697744977940978 0.191673284453948 0.236621765574473 0.128511460927506 0.0701972093667369 0.134109403767848
"ufb149" 0.607614248956148 0.59771839438374 0.160262350030353 0.196340166447433 0.105808133435094 0.0588193679810249 0.096393042233282
"ufb150" 0.594585061415863 0.61763265886292 0.16928885931498 0.0760827064033837 0.108941061412047 0.0424673406339617 0.12600742459837
"ufb151" 0.684521068524871 0.690091965989936 0.193150487491897 0.400956650003801 0.131509288855052 0.0819371201226638 0.100996681035259
"ufb152" 0.713991570470545 0.698621477221746 0.193052828570303 0.393878198700003 0.134422456958368 0.0860565801028389 0.120750810775765
"ufb153" 0.613457214933035 0.629864780933533 0.179020460158799 0.098837354447141 0.114892433741738 0.0499229819950113 0.136246058062773
"ufb154" 0.631439844613535 0.636137839220693 0.179470352921599 0.209113087950316 0.115948485325717 0.0725408817655636 0.112088144636625
"ufb155" 0.599652356501832 0.601400740752827 0.164486176112157 0.163793570917363 0.105180381363377 0.0706689223527611 0.100863165792713
"ufb156" 0.636474553221954 0.689314549218299 0.210226831117372 0.111047171231711 0.135454719355903 0.0585334462182083 0.170946507893036
"ufb157" 0.632425965196744 0.677783243892688 0.200473009583764 0.0989534730165581 0.127274677339071 0.0448821894958136 0.16075360248236
"ufb158" 0.601503264864396 0.638088053732226 0.17827369240199 0.0760478875702403 0.114293547580469 0.0436674547938678 0.136598382999772
"ufb159" 0.648225680987555 0.691603450680801 0.20519755935286 0.171945358655848 0.130838756222375 0.0775449375540962 0.162171947084024
"ufb160" 0.699475159024817 0.653982925178882 0.186651380806966 0.390679818492998 0.130350954806085 0.0680817587380974 0.0935450984756072
"ufb161" 0.591104444073116 0.639047179619103 0.17671261493529 0.0984922739399758 0.113814105755192 0.0385686760923081 0.134963832535173
"ufb162" 0.65 0.678851174934726 0.186741888223715 0.645300186068655 0.142123035107569 0.0644047176579395 0.0478483872380389
"ufb163" 0.607594936708861 0.51856884057971 0.152665339551044 0.607477207402433 0.104900959393533 0.0484471705841849 0.00555481459824559
"ufb164" 0.636401196013606 0.674845356229844 0.1992569418197 0.10139376276182 0.125018977498862 0.0527584822956592 0.159431017890851
"ufb165" 0.653361172397826 0.648025159198344 0.184161851578613 0.26522135439605 0.120872363299059 0.0836401019116807 0.117164910956789
"ufb166" 0.631930073018782 0.636999217527387 0.180907206764826 0.23980528793064 0.118406959950524 0.0813665827298513 0.118534631055558
"ufb167" 0.606490030254182 0.647826249341571 0.183072036940537 0.098191112413458 0.116405053732396 0.0493698698310216 0.140517791756714
"ufb168" 0.695315068035046 0.664765667314493 0.177705851058316 0.396015311858353 0.121122151948631 0.0646155844357928 0.0837628599320659
"ufb169" 0.609700447865257 0.608643482147462 0.165896709301384 0.209998190273274 0.107649955432192 0.0668116027433084 0.106468155572157
"ufb170" 0.592322666461376 0.60720748802937 0.165052811485378 0.16234554145318 0.104885527531179 0.0616345597515584 0.108819338317187
"ufb171" 0.644415039713537 0.641838497980739 0.184839608564425 0.239756649200132 0.123026898009611 0.0776773096944471 0.117898325605365
"ufb172" 0.612475512894512 0.618499539012415 0.177380093801349 0.135753448663727 0.113858092120085 0.0634861789978809 0.126889890471227
"ufb173" 0.603208362259456 0.626196925463806 0.174990771117959 0.110804061919614 0.114115967975984 0.0633075648564668 0.129175984255359
"ufb174" 0.758087549495005 0.813211572109969 0.216168870296847 0.599615527154066 0.157672560388233 0.098494049327462 0.11042593563028
"ufb175" 0.662547477488467 0.617267999084099 0.16485564095453 0.383612801014301 0.113282283769123 0.0599011728057594 0.069444577636225
"ufb176" 0.66749875219665 0.660330353591392 0.178077068695879 0.298786411661176 0.120017791854679 0.0747954976761876 0.110752156918328
"ufb177" 0.627183928293904 0.637631660822843 0.168295759295434 0.245275194310328 0.109201925594252 0.0682229908666465 0.10905642185503
"ufb178" 0.647370482473818 0.674227877594468 0.185635922203085 0.212006183746621 0.125864107992183 0.0699805647071614 0.130833529116021
"ufb179" 0.663322269020554 0.676214857004363 0.186801158387424 0.38067162596995 0.127458529954956 0.0786960980279894 0.0934384043575927
"ufb180" 0.653637014498551 0.584663943557371 0.142855533890811 0.443808552611473 0.0944888838295216 0.0603141483016395 0.0450536669084275
"ufb181" 0.60959455106297 0.598302606302148 0.156909570709694 0.221025680256643 0.105133008923812 0.0646826798264615 0.0927852550605691
"ufb182" 0.631484886464132 0.619109991982927 0.169510803889033 0.17127048393059 0.111470086262318 0.0590927539387645 0.113593095879042
"ufb183" 0.806617951467394 0.764229044498103 0.205322768070396 0.55398144696939 0.152746080676532 0.0908243679250333 0.114559210936807
"ufb184" 0.706299429834001 0.675137410515591 0.180355341907089 0.3566351128644 0.121462568697506 0.0753182341558746 0.113217046826929
"ufb185" 0.618585540085207 0.624189783066154 0.172154495959192 0.146995689511212 0.111041504804001 0.0575418941853355 0.123274596675138
"ufb186" 0.606674377882232 0.613801852415195 0.168007318707953 0.233164778969373 0.113637483318598 0.0553330054052774 0.0933626309846498
"ufb187" 0.728435031977402 0.752999068655389 0.197618833725303 0.472754113224151 0.140340817431108 0.0897170376879555 0.105817289796085
"ufb188" 0.687450744422321 0.691934749977772 0.191597196880527 0.282865234886012 0.133651653642013 0.0830553077269058 0.137195966034136
"ufb189" 0.673048286292538 0.676188034527521 0.192500863991892 0.220790917221085 0.130701770913794 0.078710408344452 0.144809701321831
"ufb190" 0.652565494464663 0.699312081491504 0.213325480491277 0.184654987501732 0.140066778774787 0.083513443204719 0.171625841161279
"ufb191" 0.618470732339402 0.628126311244361 0.171705003593288 0.14708435158365 0.109901295276181 0.0564187885579473 0.124409936262503
"ufb192" 0.666666666666667 0.581206844791354 0.152073560659924 0.666565191664082 0.114886133455753 0.0499753873496369 0.00728752951037216
"ufb193" 0.702630383596699 0.682586347883649 0.186240968599192 0.381160283620678 0.128128121300778 0.0770668290419105 0.104832049901164
"ufb194" 0.726374157806136 0.724039291882556 0.208793385682633 0.403122974980654 0.141183119023786 0.0853710551093097 0.118221760334378
"ufb195" 0.6875 0.643685672275772 0.173713660527268 0.68743835693844 0.131439658540957 0.0605637019546698 0.0311007535248529
"ufb196" 0.676598343447885 0.653871870951565 0.178521083638659 0.319026808738663 0.114350977608037 0.066680366128993 0.0963280710364842
"ufb197" 0.657737710691991 0.672768584182328 0.190770802584695 0.208679826953917 0.124260314842687 0.0729580900189094 0.142989071408566
"ufb198" 0.679527158934326 0.664258143304717 0.172200827880794 0.356841388447432 0.113057019208291 0.0761054013865926 0.0979015207246648
"ufb199" 0.693098742235222 0.670950308022487 0.178927549862262 0.247064405486816 0.115561681695964 0.073245017994565 0.116524593317702
"ufb200" 0.687787368969873 0.681254207944599 0.182019599996885 0.393548809435503 0.125339673318745 0.0712154145157747 0.0884127556156637
"ufb201" 0.654320987654321 0.70485187563056 0.194317653846312 0.654024079313424 0.144166829369619 0.0641752750354102 0.0567449307246698
"ufb202" 0.60174618163396 0.624044521797608 0.178186399608856 0.113968895922698 0.115690446409246 0.0675199247797471 0.129612157483016
"ufb203" 0.611362360871869 0.652656521047848 0.187038756862098 0.0760478875702403 0.120553636095047 0.0502066994807729 0.145800968318664
"ufb204" 0.659783350010667 0.654534531894474 0.170530971603195 0.331163251375211 0.111371439090572 0.0707444728217688 0.0961096067944916
"ufb205" 0.555555555555556 0.564309824125067 0.179778057985426 0.555399960551592 0.126384132594408 0.0571081285448743 0.039722654431205
"ufb206" 0.6429150127749 0.659086161100666 0.172720663357888 0.342376892817146 0.117436806653375 0.0778848386063868 0.0899153044482188
"ufb207" 0.650440192971148 0.700308694506683 0.214217084381516 0.147643198344518 0.137148013481398 0.0781267255657627 0.173308241998953
"ufb208" 0.632778296286093 0.687415596201424 0.202909976574762 0.163897850491068 0.128357941644436 0.0760822677103565 0.159748290878806
"ufb209" 0.61502896144635 0.600396784850652 0.160683340166297 0.183793696216052 0.104744163475897 0.0622072821790143 0.104171269771788
"ufb210" 0.658227848101266 0.658600148920328 0.193851399581818 0.657907845624062 0.143435844785363 0.0678559213824108 0.0538914176135994
"ufb211" 0.619833257621646 0.626503206949744 0.176617311036655 0.221419672926867 0.114189854277179 0.073841646434704 0.11791513660712
"ufb212" 0.635410784518618 0.606373938484878 0.167307253848742 0.171392520151526 0.109167356396931 0.0490240501069936 0.111241178504997
"ufb213" 0.782398717571142 0.759319625543297 0.208732279862772 0.541736215243758 0.156612177099991 0.0963437744112789 0.118358137960842
"ufb214" 0.743621120252923 0.70058749079094 0.191910224806255 0.467906248771557 0.140385344483789 0.0872469918535834 0.111068461740091
"ufb215" 0.735633818732993 0.654736842105263 0.155351271667797 0.582115124783942 0.108493615061214 0.0664738874693419 0.0412148858715214
"ufb216" 0.59944194858045 0.586917785618194 0.157901064463455 0.198381096634245 0.105500854409128 0.0458475306735893 0.0888478509608711
"ufb217" 0.680384738169104 0.667141505522659 0.177261113652983 0.404136951645987 0.122949986044816 0.0778845928338675 0.0947776041732529
"ufb218" 0.676432061776905 0.709364480665405 0.220345510633483 0.184020775254792 0.140228963752772 0.0840664872448191 0.17975572179435
"ufb219" 0.597238804531932 0.620796103941006 0.168068151625853 0.233321948460315 0.112973438442186 0.0708712265150408 0.0998486525609643
"ufb220" 0.69620253164557 0.741396968455551 0.19484595494259 0.695918084999166 0.142396314696553 0.0665627792080267 0.0550586433111901
"ufb221" 0.616217844654632 0.625163029997519 0.173547128537335 0.176517322983088 0.112556322640913 0.0712722182993066 0.11055826480122
"ufb222" 0.656048095950286 0.679396818728296 0.189346608484361 0.208761721312332 0.127959916757897 0.0719172208473808 0.137422495836471
"ufb223" 0.586383517909989 0.567362131290956 0.153541817998233 0.159473039059969 0.10081663847097 0.0506627394058606 0.0891546024853251
"ufb224" 0.613586491217595 0.604710753446552 0.170656862880612 0.195019819871249 0.11362587031095 0.0631746439691467 0.10263941176316
"ufb225" 0.8 0.806074386876726 0.192909726360852 0.799864385264568 0.151546627962139 0.0737283844991641 0.0550623708227972
"ufb226" 0.787932182172276 0.776092039536614 0.197863740121818 0.622631321060219 0.143328136931438 0.0873850992648696 0.0890280751040601
"ufb227" 0.766728922502275 0.773199234496519 0.205775766768413 0.502431535049014 0.143348510294251 0.0924578261898561 0.114907468880553
"ufb228" 0.7219717782495 0.697748970094062 0.185516774971795 0.393598669928428 0.127001893359865 0.0762058840487767 0.112539530965839
"ufb229" 0.634973178650788 0.644177057516726 0.16729595087682 0.273245554341089 0.109540908074384 0.067968137639452 0.103990174533091
"ufb230" 0.63979817825136 0.649010149104122 0.176818687185971 0.261172472045992 0.115605702277365 0.0703520423090409 0.109292402090706
"ufb231" 0.629217444818233 0.625967633678872 0.174924836996149 0.233648904969834 0.115069975343162 0.0729226088883155 0.107169349205746
"ufb232" 0.702195746311968 0.586180904522613 0.143135578387122 0.569443207866395 0.0996990005856062 0.0590824708084989 0.0275400692025986
"ufb233" 0.597716435300031 0.620672800880019 0.172928719344962 0.098646445992733 0.108024035619335 0.0406495769974325 0.131785032273261
"ufb234" 0.606822330915132 0.618256678611988 0.166185749368952 0.221025680256643 0.110416379295738 0.0684042672607323 0.102766967299262
"ufb235" 0.65439394758685 0.664790275978878 0.18653362980857 0.515672802332936 0.136813505201615 0.0801257403698396 0.0764786701130824
"ufb236" 0.608421110727072 0.649635028133367 0.184141464774453 0.0986689920862604 0.11711316087069 0.0422425027898473 0.143132568167138
"ufb237" 0.733053990453813 0.696758109691901 0.184907513660781 0.441686445507385 0.128593333136934 0.0782818354086596 0.103253765871157
"ufb238" 0.604339429352564 0.602559528464185 0.170082954186261 0.147879108832766 0.108325585761737 0.0659794259685249 0.116830678296099
"ufb239" 0.589469760216094 0.560946921605325 0.143607486850738 0.196421923129457 0.0931753584142656 0.0484336327195024 0.0826115651267763
"ufb240" 0.601294697844067 0.588175210346304 0.154446167092463 0.220920652337635 0.102863884922005 0.0508090598170187 0.0851096474892294
"ufb241" 0.590155039534675 0.613652825011872 0.167252302983317 0.171659224922745 0.109304175532306 0.0762849748579914 0.113861111355564
"ufb242" 0.575047120380391 0.610368795923001 0.162894261825462 0.109922258992735 0.105232853754739 0.0686602981997105 0.113446245050503
"ufb243" 0.689238643358676 0.633039738930181 0.171829531332291 0.391715951889587 0.114506196204566 0.0642723240587503 0.089079237053348
"ufb244" 0.603681431919285 0.644652266793259 0.181165634237095 0.0862597103778907 0.116573245716061 0.0444331040584882 0.139629929168189
"ufb245" 0.716049382716049 0.593430208759722 0.143015129569283 0.716059906049651 0.108508061046388 0.0505246915637545 -0.0033176563755031
"ufb246" 0.644830803828001 0.684909604142017 0.198068128897359 0.147864246673625 0.128615749438524 0.0737953205449047 0.153576446757926
"ufb247" 0.619852338633299 0.579117636031558 0.174232860814483 0.243405023167775 0.107189352918572 0.0632026562975567 0.106483245848433
"ufb248" 0.654366527596004 0.67542533252447 0.18751581585161 0.321252907516349 0.126166358953449 0.0808731630227102 0.106234433601498
"ufb249" 0.662387187639865 0.692643075362713 0.191379332821534 0.300043625341011 0.130583475981296 0.0883715503894629 0.118843410945645
"ufb250" 0.611331053050822 0.620687135065275 0.167695056709424 0.15939076754638 0.108302459912668 0.0607411882329374 0.118551851119631
"ufb251" 0.690989862755662 0.573194148657613 0.141410600465018 0.555305515963408 0.100954020314283 0.0576499571053869 0.0255823827023246
"ufb252" 0.613293981369687 0.630819828574712 0.177101846447522 0.0887771258533309 0.112607028748629 0.0435854810954029 0.134861579121886
"ufb253" 0.640437677382652 0.6989290986002 0.211161748993895 0.159752981982297 0.134730314375464 0.0787173092755085 0.169353440477346
"ufb254" 0.664348775085385 0.679503348313409 0.199432999534659 0.320508928161882 0.134965366820573 0.0890720238883382 0.1190227813085
"ufb255" 0.647382550727015 0.670378421542966 0.185435293976672 0.362007978312681 0.124985854001274 0.0803794072987074 0.0924873427864363
"ufb256" 0.666336625976505 0.684483092902111 0.195321709981859 0.184274315812232 0.126850156486164 0.0715866494756995 0.149361198111406
"ufb257" 0.601639147757113 0.601864079773432 0.164584615930665 0.122628252502574 0.0980633500736055 0.0440073906445187 0.121729121226745
"ufb258" 0.669187879239665 0.647084336628629 0.173567050336731 0.431207601568557 0.119018909580749 0.0709162333843695 0.0789777943276277
"ufb259" 0.599226088994593 0.596235730279338 0.163573713216 0.260355438509249 0.109701582334021 0.0531030420265686 0.0799396857339374
"ufb260" 0.67379656263759 0.696199090154389 0.203764083787513 0.174207569114422 0.132262698285252 0.0756030448828458 0.159588416790495
"ufb261" 0.622437541592707 0.61392647162995 0.165468941198488 0.19834833938693 0.108645585851037 0.0588700785497213 0.109330520154371
"ufb262" 0.699537847118372 0.699122509501074 0.206972589487472 0.358966960627542 0.139284209877885 0.0932254348772174 0.127509835103424
"ufb263" 0.681572359506493 0.658040745090012 0.175454134418597 0.332167868261201 0.117214337933063 0.0755646518553389 0.107914374250655
"ufb264" 0.675372998093565 0.655690098585512 0.176376733718737 0.302651818207128 0.116627094220682 0.0742762390778679 0.108844857241234
"ufb265" 0.744343957747513 0.684137917344873 0.1819039389637 0.455513968035717 0.127194350995406 0.0781613158087323 0.100061141341614
"ufb266" 0.681757117731228 0.594735131621709 0.143307858760196 0.580949588708721 0.101890019373432 0.0600559214146249 0.027050764821504
"ufb267" 0.603862166166151 0.619113682082259 0.171257842842468 0.11074517898325 0.104570459891738 0.041942082128466 0.129879955057488
"ufb268" 0.568913414028111 0.57500289750557 0.150674891754103 0.0982353376198409 0.0912313131621449 0.0364059825994175 0.107096479101402
"ufb269" 0.629325338488702 0.566739778415162 0.163346938411502 0.294039434002082 0.10779818680372 0.0634714381941099 0.0947583002406745
"ufb270" 0.670254851457387 0.638982465942517 0.171275545155199 0.359043698003827 0.11636210890853 0.0601706590929991 0.0765979237616979
"ufb271" 0.58452667762014 0.598946764428381 0.165618900042095 0.0857064411393914 0.10126061560946 0.0497547690206379 0.120408667198156
"ufb272" 0.716049382716049 0.59774082208974 0.149956499513915 0.7159990210481 0.114218226655674 0.0521716539574421 0.00480897370302196
"ufb273" 0.724575545329074 0.698298052961634 0.18884906173933 0.405985616614443 0.132512727677736 0.0794618224530035 0.116170388774568
"ufb274" 0.698467077245659 0.688169726619505 0.185920913668026 0.365804774744093 0.126341326708145 0.0776884104741496 0.112895617147493
"ufb275" 0.661863499572812 0.667278867589398 0.18674442309654 0.211184124774096 0.119493728852305 0.070463015047225 0.136863027342147
"ufb276" 0.605611436586422 0.617932943872151 0.174725644848464 0.123049563650182 0.112630301423558 0.0711942908129227 0.127559758325776
"ufb277" 0.681637374079504 0.671332675850221 0.187576213860426 0.367943784308611 0.129383645864975 0.0736128496089726 0.0947516044665639
"ufb278" 0.66958172710257 0.671446061924397 0.189325318598831 0.220854188606215 0.121993965568749 0.0718397440791319 0.139598378339685
"ufb279" 0.632911392405063 0.515062379551679 0.147194125007921 0.632754946749541 0.10673827452235 0.0457623828165687 -0.000367241553351019
"ufb280" 0.608081835570972 0.62411182335192 0.168701242110676 0.125680911379053 0.107470242948503 0.0586410312260933 0.121213347264209
"ufb281" 0.6625 0.703914031102569 0.193129027407319 0.662413699713816 0.143360468624898 0.0646682113170625 0.0554794165934336
"ufb282" 0.628847368242174 0.653827195116032 0.189809882719414 0.10139376276182 0.118637755294978 0.0446080697422134 0.149512170925029
"ufb283" 0.788656792688141 0.757043435124528 0.201016431399421 0.529255064840496 0.148569913509604 0.0875405241594669 0.109761028748221
"ufb284" 0.588942061642277 0.5904747305888 0.158485754895297 0.159248333258083 0.100344980205925 0.065860735134913 0.101791153202136
"ufb285" 0.591387537387646 0.626715997927852 0.170504840853819 0.075567677850396 0.109685731059013 0.0470511361570492 0.125571686116397
"ufb286" 0.596201948231271 0.593304433087878 0.169976778604526 0.147877043963692 0.108170802636783 0.0691925210634685 0.114004916471991
"ufb287" 0.595109521288612 0.628161733873068 0.173074207175697 0.110545496298692 0.109592516852103 0.0526494353228879 0.129223053823711
"ufb288" 0.621719309282527 0.628306182306943 0.176412350491818 0.138386197830365 0.111824707665294 0.0629219239953438 0.129364952278454
"ufb289" 0.720398252119607 0.709906974153298 0.201625542828859 0.427930390678336 0.141057555418989 0.0806852136102263 0.110233394540377
"ufb290" 0.703703703703704 0.633373041326858 0.157592383371168 0.703518793698993 0.119894211812782 0.0529481312500466 0.0137487080674851
"ufb291" 0.710288755745238 0.709979082072105 0.192243712312253 0.430557335361222 0.13892544463408 0.0857216522722455 0.111435311526832
"ufb292" 0.674557434023041 0.638136932750273 0.191729859173337 0.271005437992797 0.127467168315265 0.0761529042548553 0.125364440802826
"ufb293" 0.672560683871066 0.638316884449093 0.189539182335782 0.258618368118328 0.12353363105242 0.0751926499721922 0.127830303454568
"ufb294" 0.656483907748749 0.681932973404432 0.189454875013358 0.20171884641362 0.12428552304733 0.0705197235146854 0.137568083056198
"ufb295" 0.616171115839995 0.644133789991236 0.184478259335652 0.0887771258533309 0.118593948993288 0.0494525774448375 0.142607689416669
"ufb296" 0.690577667226488 0.685932189674705 0.172561797676199 0.394292149588172 0.118372594448727 0.076193581548881 0.0897405373300882
"ufb297" 0.655613389460846 0.636902160718621 0.171327988931335 0.368022423867821 0.117903639262221 0.0643182391448004 0.0766469160043786
"ufb298" 0.637208114994404 0.640817458455106 0.166490733398622 0.269883782442224 0.11052620862577 0.0659004907056718 0.10309354504477
"ufb299" 0.644198926095229 0.660508879898515 0.179523317065735 0.209117201782387 0.116218814983497 0.0712393308665802 0.129214426312226
"ufb300" 0.587219592961476 0.587687860991353 0.158861398978863 0.110305702259799 0.100517720878581 0.0495808137044045 0.112135912668535
"ufb301" 0.721518987341772 0.792559613643224 0.209566077689696 0.721320664818863 0.157947460469599 0.0759021968730457 0.0739720219150769
"ufb302" 0.640691265061673 0.617094335735344 0.171444495759746 0.171552489978744 0.111609968638201 0.0570111018535525 0.118350665109569
"ufb303" 0.661487154796014 0.670198039381869 0.19076633229398 0.437072807948962 0.133457129688849 0.0713020463070457 0.0815964618824402
"ufb304" 0.772465811682581 0.721144207896351 0.193194025118364 0.479802300582708 0.138129148772175 0.0773764852267943 0.101045191284181
"ufb305" 0.661246819511169 0.677438377358185 0.195248819759265 0.176185923860008 0.126328237172786 0.0737387356911964 0.14927907440181
"ufb306" 0.647104818565932 0.70980216734017 0.22083357251547 0.151269379489007 0.140058568771845 0.0815566859842851 0.180266021380763
"ufb307" 0.663244238903952 0.653379932755265 0.177006386886907 0.399634951651344 0.123334986371011 0.0702581806145795 0.0830086921964595
"ufb308" 0.649336024241667 0.630281690140845 0.163973163685221 0.383386382398365 0.112599800150281 0.0707292366964764 0.0803154538904784
"ufb309" 0.618894297235047 0.633872156148558 0.174354107768084 0.112975624927741 0.110855837095746 0.0556191565830941 0.127189132554748
"ufb310" 0.670910878064468 0.578526103259302 0.14145925191236 0.556699195183102 0.0985010567274243 0.0570455467232419 0.0249512934569769
"ufb311" 0.64219155254238 0.654321751808754 0.175981493625983 0.295301968411766 0.115419625039966 0.0708687372671821 0.10218041839016
"ufb312" 0.641758245347439 0.65831059460945 0.178385027730774 0.312970221854654 0.116726316862086 0.0716965493163161 0.0962015726874999
"ufb313" 0.650689578628578 0.701423906369202 0.213896208426987 0.137303050783844 0.137990493565137 0.0791810104992401 0.172970078877546
"ufb314" 0.618920646963942 0.585672224656565 0.158244127227279 0.30266348967144 0.105268178983817 0.058890268905404 0.0828091139836845
"ufb315" 0.699767134835951 0.678101772441395 0.160385492000657 0.594787041701488 0.115684061201286 0.0666742391251377 0.0464459120396386
"ufb316" 0.636096110813233 0.662202435035435 0.183810640466313 0.300249323421551 0.122172037181768 0.0774986613005042 0.102158590352541
"ufb317" 0.586900354598699 0.626124688389089 0.168789507586627 0.0857370791854126 0.107639144107181 0.045394960562939 0.124711140353568
"ufb318" 0.582687389584308 0.614695311356503 0.166113413372761 0.075567677850396 0.105482559632165 0.0457242451232955 0.120958160197515
"ufb319" 0.604274198578318 0.6375379123473 0.179410064105785 0.0883247993333088 0.113262298363656 0.0469253338503542 0.136676077163271
"ufb320" 0.607950664280764 0.636391409543534 0.185588183341638 0.0982534282887401 0.113623269736217 0.0555218925087153 0.143783595628564
"ufb321" 0.689635992685487 0.670277810756263 0.177923596581032 0.372203285253311 0.121456324126214 0.0794520595759848 0.104165510594725
"ufb322" 0.639610472188761 0.68093599688001 0.19237916288901 0.137665314638872 0.128797760776773 0.0667879367738969 0.14470687675549
"ufb323" 0.642966358932177 0.697884280195968 0.193558923817905 0.23467015480085 0.130547620485728 0.0727526954609114 0.136120289515556
"ufb324" 0.626629572973793 0.621158798969814 0.175118526472916 0.214468048926214 0.111085731332773 0.0676000846475752 0.112249428271967
"ufb325" 0.652818873388546 0.677644099754653 0.189969736426546 0.184128937409413 0.127451140061979 0.0684791319334034 0.14215522653844
"ufb326" 0.686917452633195 0.715489974780198 0.203973522294059 0.386369948365751 0.142819434494796 0.0856788682611922 0.112582314589043
"ufb327" 0.65551906258019 0.676418707100619 0.1850068651579 0.347920898876493 0.124834941341459 0.0829751174402205 0.103362044790525
"ufb328" 0.685475151763635 0.714954419244662 0.20012681420064 0.344563685980423 0.137397849911717 0.0941668603160094 0.128375570050266
"ufb329" 0.583652804814847 0.577021775272411 0.155695092047188 0.100809717291252 0.0979888565870277 0.0496832701679781 0.107445248001095
"ufb330" 0.636735616006209 0.617425653179843 0.17124670005615 0.183793696216052 0.11164879188522 0.0617013008943106 0.115445871754483
"ufb331" 0.676288865955843 0.675508717741723 0.200709864311051 0.342240654226771 0.136230055513688 0.0873512031547174 0.120728242539175
"ufb332" 0.721439047048297 0.694759240436587 0.187260229193924 0.423375213790126 0.130292414792084 0.0815405573128141 0.105778634544318
"ufb333" 0.587695230417318 0.570426258451927 0.155543072480585 0.13476527431165 0.099620799132521 0.0490227918891897 0.101369583891399
"ufb334" 0.632911392405063 0.560414269275029 0.156515316261843 0.632817366985835 0.116903410536764 0.0510700207391174 0.0105667994237512
"ufb335" 0.647581128284874 0.705487234984505 0.21253517972471 0.147846890150826 0.139335495010613 0.0751478767548877 0.17080606796818
"ufb336" 0.635339469452778 0.63669044384058 0.19047185943409 0.40705058007278 0.133141995053424 0.0692967474936234 0.081262263087709
"ufb337" 0.577614692263773 0.549202003389497 0.15681206108321 0.188844642539556 0.103414941044225 0.0670516375266396 0.102760749251611
"ufb338" 0.606272257204634 0.619977810662798 0.172754053237942 0.110804061919614 0.112075423696009 0.0661422188595478 0.126815055943074
"ufb339" 0.618214667534266 0.609941612750513 0.167973952156502 0.444202218589551 0.111574016396523 0.0644294628867026 0.0557292699998791
"ufb340" 0.629362085754342 0.624160751197782 0.163105568011348 0.379561707562585 0.109527594833052 0.0705456918604273 0.0676283248696852
"ufb341" 0.643459344102452 0.704987536089661 0.217072645588597 0.147643198344518 0.138305776785033 0.0810388369818291 0.17631246729762
"ufb342" 0.593580206109913 0.609974458317417 0.169515784629527 0.110793400883964 0.109321148735925 0.0668245714062783 0.122052145396663
"ufb343" 0.690536467868798 0.648360128617363 0.160699530391028 0.53098137808611 0.115651054376154 0.0633041456063644 0.0469132729216283
"ufb344" 0.643104397871357 0.683153098420413 0.189505886584715 0.233601764994149 0.126933055613846 0.0785321712538464 0.131778575365569
"ufb345" 0.6025113049113 0.625666764641143 0.174293965947385 0.0864342646482986 0.112987840334673 0.0475544932613412 0.131273305626772
"ufb346" 0.644567934397376 0.679882999808196 0.194365938319861 0.196679439378477 0.125042320981313 0.0772764745903446 0.148341129547099
"ufb347" 0.641975308641975 0.655091992744234 0.17626987497943 0.649839728039944 0.129094405659442 0.0591862172513244 0.0356154384544008
"ufb348" 0.646300877426788 0.632297277264417 0.178432522860352 0.294414318469799 0.121147165681224 0.0695992994686979 0.0962217006787193
"ufb349" 0.594538412391438 0.612974762452981 0.168591394503061 0.0864342646482986 0.108705470913766 0.047241753045372 0.125273620707503
"ufb350" 0.642609642168152 0.697031360328114 0.205638126006925 0.149640171974235 0.134085395483717 0.0769948493729531 0.161560242995399
"ufb351" 0.602296853821787 0.610423449535456 0.16421739012904 0.208619726019087 0.109249511952074 0.062259827943713 0.095682123587712
"ufb352" 0.628135915149089 0.612953431979017 0.164423536011586 0.171422891864305 0.106252661724594 0.0598336040463543 0.110879802312111
"ufb353" 0.76226675557462 0.700659880094958 0.184281380308768 0.480040422703173 0.130546947893727 0.0802541497362147 0.10267642327794
"ufb354" 0.588259005517183 0.57659033669975 0.156471360901161 0.122984807048036 0.100609438781505 0.0533227778076097 0.106617190530356
"ufb355" 0.645950814931065 0.70181030023891 0.211809225580993 0.137303671543393 0.138666082855971 0.0783503713486337 0.170029213388619
"ufb356" 0.650408663192621 0.708531292327075 0.219128300546477 0.137303050783844 0.141594790913543 0.07911909505196 0.178475142226275
"ufb357" 0.699430110977359 0.650429388691244 0.198486939480301 0.308253814738425 0.132560586509411 0.0856335596456209 0.126459866886576
"ufb358" 0.6691703622171 0.69017909952164 0.193140779313895 0.246240349699463 0.127461116321081 0.07499327008032 0.13881272336074
"ufb359" 0.590530910085891 0.584924594648183 0.15286396735608 0.208736637794155 0.102350507128455 0.0618382959835629 0.0884319485977451
"ufb360" 0.664935652934024 0.572160246965551 0.146899533118275 0.506155719044407 0.101552164181443 0.0568895920907109 0.0311298460357258
"ufb361" 0.607362550421288 0.62524122963762 0.180755095927977 0.0982133361301964 0.110335863506255 0.0541129365604922 0.13807135816585
"ufb362" 0.669761207753708 0.648453756532579 0.177543050291003 0.378906153892864 0.122855670264232 0.0786874560369968 0.0950184858536863
"ufb363" 0.544303797468354 0.571672354948805 0.187401245728069 0.543939547735043 0.130834488391697 0.0558990874179167 0.0463214163562884
"ufb364" 0.648271247575636 0.693582587433078 0.202765953100021 0.160272107114836 0.133064426367443 0.0738615647189548 0.158534909187729
"ufb365" 0.564482247763923 0.548017047886045 0.144684152596293 0.110492371538883 0.0903578222262869 0.0458407262332708 0.0921973764811741
"ufb366" 0.589512847477117 0.571102553528238 0.158210183133058 0.127643833077261 0.100907845024044 0.0513496929371943 0.101498480796019
"ufb367" 0.603109325444117 0.618452143510143 0.171437197759005 0.0986745629653785 0.107972455090957 0.0436620019804282 0.130221055232077
"ufb368" 0.61452456246572 0.626224118260259 0.172016857909899 0.125445831201213 0.110734946916638 0.0585235157613023 0.121200054211014
