NaN NaN NaN NaN 1
0.4058947 NaN 0.543642 NaN NaN
NaN NaN NaN NaN NaN
NaN NaN 1.102302 0.775515 0.3308648
0.6025184 1.297496 0.9940395 0.3693528 1
NaN NaN 1.061847 NaN 0.9125974
1 0.1175238 0.8589312 0.543642 0.5537628
1.28136 0.4830815 1 0.5800842 0.5413081
0.6847509 0.4928181 0.3992028 0.4679356 1
0.9140274 0.4092469 0.9545384 0.4910302 0.5422621
0.578166 0.7913599 0.5751256 0.5544155 0.4875619
0.7084658 0.6799857 0.7333421 0.2230842 0.8523744
0.5054979 0.3567225 0.5203814 0.5268764 0.3010809
0.2145946 0.5240492 0.3319507 0.4598109 0.6919554
0.352143 0.5550925 0.306412 0.3898982 0.4183645
0.6822551 0.3534731 0.5120434 0.2776051 0.5202508
0.1890744 0.2602943 0.2585976 0.2670986 0.2051095
0.2618567 0.3904349 0.2904257 0.3569414 0.288015
0.2570425 0.2720933 0.3353752 0.2795809 0.2049177
0.2270495
