1 NaN 1 0.4005311 NaN
1 0.9475742 NaN NaN 1
NaN NaN NaN NaN 1
1 NaN 0.2856887 0.9966618 1
0.3879979 0.8590991 NaN NaN 0.9641719
NaN 0.6795977 0.9681824 0.7110632 0.4796675
NaN 0.1949686 0.4673433 0.6753758 0.879109
0.9917512 0.5232153 0.8699605 0.8907644 0.9882581
0.5269496 0.5143305 NaN 0.8628436 0.06037885
0.6744114 0.4751836 0.6268556 0.06651029 0.8502764
0.5526739 0.4102475 0.8194661 0.3887658 0.8990056
0.6122464 0.5671601 0.4987596 0.6967163 0.7713431
0.6357868 0.8181914 0.5252658 0.4210266 0.4049852
0.3802966 0.8095566 0.4564715 0.440253 0.4730433
0.6122833 0.4897216 0.5636589 0.5612203 0.4478159
0.5337028 0.7678297 0.7955335 0.7786518 0.5129827
0.5755612 0.4455636 0.5138611 0.3554667 0.4307576
0.5497671 0.4567441 0.5131146 0.3479569 0.4921277
0.4592305 0.3435051 0.5289712 0.3916045 0.4568355
0.4785448
