NaN 1 1 NaN NaN
NaN NaN 1.238353 0.6961853 1
NaN 0.8515368 1 0.1854223 NaN
NaN 1 1.401836 0.8867552 0.6673459
0.634603 0.5775227 NaN 1 0.6403884
1 0.6287318 1.011015 0.2796722 0.7211795
1 0.3008831 0.7992512 0.1816324 0.1854223
0.2216304 0.5362425 0.7211795 0.08944698 1.270465
0.7041283 1.248563 0.8720189 0.505434 0.8106557
0.6602227 0.7374968 0.7607871 0.6340692 0.6415877
1.060379 0.2904377 0.7267975 0.3795156 0.4450924
0.5767342 0.4105122 1.130664 0.6114927 0.7805353
0.8378397 0.6143571 0.3623778 0.3928807 0.4188164
0.597611 0.4342603 0.4162004 0.3448605 0.2213399
0.3527721 0.549306 0.4003369 0.4272875 0.3556754
0.3808056 0.5158629 0.3755492 0.3901381 0.2317328
0.2307193 0.2369694 0.1445514 0.2158024 0.1918642
0.2755142 0.1777376 0.1948397 0.2720617 0.2091524
0.1978907 0.3118097 0.2456291 0.2498995 0.2775426
0.2848307
