0.543642 NaN NaN NaN NaN
NaN NaN NaN NaN NaN
1 1 0.543642 NaN NaN
1 0.2300505 0.09082672 NaN 0.8649429
0.7195953 1.010392 1 0.7894292 0.7598772
NaN 1 1 NaN 1
1.007133 NaN 0.3204852 0.7243499 1.272941
0.5235684 0.7455972 0.5230249 0.3594006 0.7370211
0.4782951 0.2165397 0.9435407 0.8060785 0.4269904
0.4229696 0.6180531 0.7464941 0.6180901 0.4982269
0.2350372 0.3743066 0.8071091 0.1965262 0.3519165
0.4423462 0.594533 0.6979866 0.6476015 0.262448
0.3735994 0.6858461 0.2730106 0.8143868 0.4724054
0.377249 0.5333131 0.2991415 0.3147778 0.2968786
0.5643152 0.2468725 0.3324606 0.4938415 0.3182962
0.4759983 0.2789371 0.6209642 0.3479751 0.3143732
0.1947776 0.4942775 0.3296531 0.2456196 0.2790782
0.3211223 0.2032438 0.2517233 0.1989411 0.2156939
0.2915806 0.2744968 0.3777236 0.3880521 0.2530139
0.1564339
