NaN NaN NaN 1 NaN
1 NaN NaN NaN NaN
NaN NaN NaN 0.5043599 NaN
NaN 0.5100876 NaN NaN 0.9897161
NaN 0.8802054 0.2147651 0.02359411 0.708752
1 0.4204322 0.3503965 1 0.6138678
0.8510237 NaN 0.8649726 0.9395756 0.618435
0.5768741 0.7137042 0.8587883 0.7518012 1
1 0.4506154 0.6390147 0.5451704 0.384989
0.9118441 1 0.9668362 0.5434748 0.4663396
0.8980808 0.385533 0.7963326 0.4601942 0.5026021
0.5296521 0.6409448 0.4639139 0.766677 0.8262707
0.6854371 0.6508939 0.7273695 0.6950767 0.4581223
0.640576 0.7804844 0.6453199 0.4147118 0.9484636
0.7971035 0.7793125 0.5473467 0.8255874 0.5841103
0.5726934 0.5897844 0.4062352 0.4038466 0.6955055
0.3370765 0.3919273 0.3320004 0.3700525 0.3461337
0.4931657 0.4904175 0.4258053 0.5175611 0.3628441
0.5583844 0.4976074 0.3737394 0.3520136 0.4631517
0.7024955
