NaN NaN NaN NaN 1
NaN NaN 1 1.319313 1.061594
0.543642 NaN 1 1 1
0.9944171 1.151226 0.5443624 0.7054406 1
0.9884795 0.4057759 NaN 0.1854223 0.9812944
1 0.397428 0.4117339 0.6545856 1.037681
0.6797661 1 0.7737844 0.8649425 1
0.565561 0.4514559 0.4523123 0.2072081 0.7926654
0.7645468 1.048001 1 0.8819459 0.2482893
0.3743668 0.5719161 0.91921 0.7238409 0.62467
0.1817492 0.6261684 0.4250076 0.4107687 0.6130008
1.116143 0.4228627 0.3588263 0.6002912 0.5310476
0.5795628 0.8275518 0.3459697 0.8232763 0.3707726
0.2418351 0.2690668 0.4128224 0.2975486 0.3732223
0.6047855 0.5028571 0.3091299 0.3198457 0.2494832
0.2542577 0.416305 0.5272231 0.4122142 0.3247764
0.1818519 0.1834607 0.1842922 0.2224238 0.3007143
0.2544117 0.2039206 0.2285548 0.3225035 0.3066333
0.5068293 0.272865 0.2469301 0.1434734 0.4113306
0.2427858
