NaN NaN 0.4334896 NaN 1
1 NaN NaN NaN 1
NaN NaN NaN 0.6644704 0.634603
NaN 0.3727812 NaN 0.06291132 1.668377
1 0.6641185 0.8696416 NaN 1
NaN 1 0.4688557 1 NaN
NaN NaN 0.5005529 0.5617281 0.6708029
0.634603 0.6367597 NaN 0.6078962 0.1819696
0.08944698 0.8449624 0.6899357 0.6891878 1.288769
1.057766 0.5897149 0.8367264 0.3735293 0.4956913
0.5438892 0.7333666 0.5307071 0.7913377 0.788051
0.4394267 0.5362838 0.4511169 0.3332718 0.8574456
0.6411636 0.5194647 0.985137 0.9542242 0.7567415
0.8498774 0.3272107 0.4539427 0.3528198 0.4066238
0.2804514 0.5739743 0.2542761 0.5090934 0.4752417
0.3686789 0.306772 0.441004 0.2371264 0.3702139
0.3676882 0.332899 0.2189831 0.2680723 0.289913
0.3563316 0.2131019 0.1806206 0.2478271 0.3484842
0.222531 0.3364627 0.219004 0.2687827 0.2885209
0.3000815
