NaN 1 NaN NaN NaN
0.2143504 NaN 1 NaN NaN
NaN NaN NaN 1 0.9770529
NaN 0.6292179 NaN NaN 1
0.6286682 0.1325333 0.5075913 1 0.8903627
0.4545522 1 0.6445556 0.9183264 0.7232473
0.9037148 0.7434555 1 0.8495637 0.9757026
0.924225 0.5855237 0.6238305 0.8116036 0.7919138
0.9872277 0.8720676 0.9419954 0.8781675 0.9604556
0.6243848 0.6995313 0.5627707 0.446321 0.8344485
0.7582298 0.662591 0.6943468 0.6679065 0.4224519
0.9059669 0.6970122 0.3806204 1 0.9379648
0.3437461 0.8459217 0.6356503 0.6947164 0.7709687
0.6811923 0.4440289 0.5019875 0.4919719 0.6931775
0.483067 0.6826369 0.4893776 0.4331774 0.6585894
0.6294772 0.6115824 0.6437806 0.6015214 0.438559
0.3987492 0.4408361 0.5260295 0.7058191 0.4501074
0.4511427 0.4828724 0.3640006 0.5553508 0.3939328
0.428914 0.3908656 0.5214998 0.5639008 0.3538885
0.3155992
