NaN NaN NaN NaN 1
NaN NaN NaN 1 NaN
1 NaN NaN NaN NaN
1 1.041534 NaN 1.052496 1.194396
0.8912317 0.8301216 0.8647132 0.0780074 NaN
0.7907701 1.028439 0.2175142 NaN 0.9612938
0.953176 0.6777236 0.5390278 0.3735994 0.7472567
1.417043 0.5408242 0.7134136 0.7227183 0.739061
0.7081995 0.9237237 0.6338506 0.1898194 1.183846
0.8862395 0.8138619 0.716974 0.7540621 0.9085222
0.6972772 0.2096154 0.3158769 0.8843449 0.8456272
0.6233408 0.6763593 0.4914639 0.3283312 0.5016766
0.6998395 0.5705022 0.354467 0.6038044 0.6059535
0.5045151 0.5219422 0.2836517 0.3229245 0.3564632
0.2980253 0.4683224 0.4305047 0.3992164 0.5097317
0.6303681 0.5190169 0.2774194 0.5162497 0.2525068
0.2846966 0.2283973 0.2425129 0.2509712 0.308426
0.3936526 0.2754379 0.2322745 0.2726249 0.1971365
0.1842023 0.1782441 0.3169115 0.2168792 0.269066
0.2703132
