"quartet" "wQuartet" "cluster" "phylo" "mutual" "shared" "clusterNorm"
"mb49" 0.744891842146811 0.764677051873046 0.22845629132929 0.5041896749646 0.171774359067551 0.110552909267777 0.142091693836184
"mb50" 0.842836769454997 0.830173601543125 0.192653603511759 0.722647551790746 0.149540478275247 0.0925380878371266 0.0863766916351018
"mb51" 0.752891633800442 0.790502959973619 0.239016289728975 0.383297543155873 0.174564211497726 0.124130424385752 0.183126265170037
"mb52" 0.795180722891566 0.870601144290305 0.198252780593923 0.794936733001869 0.154907018113641 0.07454367937081 0.064216907885981
"mb53" 0.903614457831325 0.931005719733079 0.237390457430369 0.903559066224245 0.200724118921326 0.0989747804426367 0.109897610433724
"mb54" 0.648977061786564 0.742927577517256 0.233245526352332 0.302473271942148 0.172610524540712 0.118484879900839 0.148107462062796
"mb55" 0.796983366491548 0.819257178985752 0.232347861720282 0.564723977453704 0.178534260077042 0.127141419276485 0.157780530725908
"mb56" 0.765018697792733 0.765916429707456 0.226429653950649 0.562163651018132 0.172308695043081 0.104013059016235 0.123400170980814
"mb57" 0.83622663115147 0.856177275838467 0.233067260102819 0.733341186398195 0.188995006605697 0.119761283345796 0.131892226019843
"mb58" 0.725 0.83296523001199 0.24703250285861 0.734052787530922 0.197817084535197 0.0972575979521891 0.118854108466421
"mb59" 0.839506172839506 0.910774629581492 0.249995920126103 0.839329827405662 0.206202471223327 0.101733918585422 0.123976019284183
"mb60" 0.756591703039059 0.778423564909851 0.215879177887333 0.590938913029483 0.162820835934769 0.103825623190978 0.111998694715779
"mb61" 0.646341463414634 0.790921817790222 0.2532780304281 0.500390969421608 0.202509442523137 0.0970444264140457 0.127141242667735
"mb62" 0.655928719354932 0.736118237879913 0.240994218798625 0.156039883666972 0.164796521118149 0.0951015059564261 0.203662819116374
"mb63" 0.681078213481108 0.720387986485464 0.201223068202254 0.33604043532941 0.147421690860251 0.101950258259678 0.137933294751446
"mb64" 0.746898414762494 0.731222591193693 0.195283809262278 0.58810793079239 0.150212142739907 0.0955698840046651 0.0894309647304682
"mb65" 0.73136564316781 0.710332077282414 0.206690178511156 0.429263454389721 0.149321640254709 0.0890827390498198 0.117788149433953
"mb66" 0.612055309384345 0.666058698887104 0.185905421560312 0.0964841483485062 0.129127640620022 0.0785847016255013 0.137216486446873
"mb67" 0.802469135802469 0.868389180460234 0.230450647186674 0.802252095268506 0.187441194183791 0.0922520724778216 0.101730244691625
"mb68" 0.74390243902439 0.831179441473559 0.213578910120169 0.743669211000922 0.165921083754094 0.0791773612239653 0.0811608674454533
"mb69" 0.654574942130182 0.735665270197447 0.239072814755955 0.145922857905984 0.163486570256568 0.0963965057990171 0.201418313453333
"mb70" 0.653444174457194 0.734276867009734 0.237498627932346 0.156055541334145 0.161642840800476 0.0962901651405244 0.199438491044271
"mb71" 0.653935336847306 0.729903602252969 0.234372437201936 0.156028452724503 0.158789757550253 0.0965696505392054 0.195720474343609
"mb72" 0.731707317073171 0.754598189020939 0.197995230933016 0.731598295209942 0.161823824674534 0.0787110824512389 0.0623948853370321
"mb73" 0.822089772694832 0.842965779467681 0.233880638791186 0.636999228351199 0.183765372334112 0.125910559784731 0.14864377477305
"mb74" 0.630455048114027 0.70937250837187 0.216832360870046 0.0718662456585675 0.14632953211303 0.0873655165049303 0.178090555628992
"mb75" 0.789666567942075 0.811347058547105 0.230956181819245 0.504457337191753 0.175917391095971 0.117238410291465 0.16415472401544
"mb76" 0.864197530864197 0.878220528539475 0.190284902972451 0.864117666152308 0.157011502891838 0.0772661141512619 0.0519293534396442
"mb77" 0.848442875240442 0.840214331571929 0.214020246199578 0.674525751038665 0.165810671189068 0.094649520939706 0.110555981796064
"mb78" 0.656924496053711 0.719662967890333 0.225038102516502 0.0849893848097889 0.151521853106578 0.0910781853137448 0.18692783292415
"mb79" 0.625985773665503 0.697715407240196 0.202864441036075 0.205360261657006 0.148430785024179 0.0969322497186548 0.133702944878049
"mb80" 0.706430349874082 0.731856190240977 0.201746740479958 0.396290355956673 0.150184714926627 0.100856403979482 0.132493067817081
"mb81" 0.728395061728395 0.758568035290126 0.178241448004533 0.72827929762608 0.139382021855272 0.0648516410189875 0.039049189181593
"mb82" 0.729635240768724 0.75920026089356 0.226432564298611 0.573821467066937 0.174699186480729 0.103095859472845 0.123538657967915
"mb83" 0.770690539258005 0.782824838206096 0.188921728587757 0.596993527040255 0.1448800325422 0.100118289015494 0.0986446951943353
"mb84" 0.648561240797347 0.714154193723642 0.221688593511963 0.191534142264999 0.147289634831847 0.0879995553102049 0.180346496873422
"mb85" 0.646231446061467 0.713356969583878 0.21074455645155 0.253839054099152 0.15700857114454 0.0998914823395697 0.134192160391459
"mb86" 0.795180722891566 0.760369589233705 0.164481336080236 0.794996160166411 0.132116113684114 0.0626322605794106 0.0247995628584731
"mb87" 0.662650602409639 0.75849990941482 0.223763968436578 0.662545872531672 0.17729488038114 0.0842587868896303 0.0939930488753899
"mb88" 0.676989877118121 0.709311768841829 0.210571266418121 0.239102643204266 0.144174409777128 0.0883388148354502 0.163303137892926
"mb89" 0.702223019995914 0.680978087686742 0.16704248958464 0.482647013235984 0.126011916880901 0.0876408167051986 0.0860606416937823
"mb90" 0.792682926829268 0.79330795786492 0.172597894099874 0.792505580170611 0.139629673317639 0.064438292225274 0.0332594205091814
"mb91" 0.617139676561518 0.668945516655473 0.188345020408185 0.132772809001914 0.134361037943813 0.0766159544412492 0.124029830667329
"mb92" 0.841463414634146 0.87032221594121 0.229702187220458 0.841402098482085 0.191359002127142 0.0944059395800105 0.0999989913658445
"mb93" 0.771084337349398 0.820200524863737 0.210065365255683 0.768147544727552 0.168462036209351 0.0820210588043217 0.0780043171006078
"mb94" 0.611872933837586 0.658472096167738 0.178839500888399 0.0843589329940461 0.121936408789203 0.0627545200795824 0.132931077655509
"mb95" 0.620998168497078 0.702063369397218 0.209986737387174 0.205456390193794 0.151769796372009 0.0929420853511472 0.133360838045437
"mb96" 0.67877989260332 0.693834638858921 0.191207593978491 0.251887229313628 0.13676032647221 0.080359895617389 0.135419374234614
"mb97" 0.64728360991822 0.663201359830573 0.177920627662689 0.263602498620015 0.123015609949708 0.0775044319017729 0.117254903396128
"mb98" 0.610162637784798 0.678804413699958 0.200102983887056 0.0837486858199168 0.135836892053897 0.0801590177958527 0.159744091779042
"mb99" 0.658388869383431 0.744005198289595 0.232252888294943 0.351547119769192 0.173743177475898 0.106076072370306 0.130899571266048
"mb100" 0.620623465161711 0.668059105011306 0.187001511032413 0.108598159500737 0.128734854246957 0.078264606242691 0.136326829923672
"mb101" 0.733052012694706 0.699272085748595 0.169361348412706 0.536211612191203 0.127782032537109 0.0817455198555053 0.0770798893037895
"mb102" 0.804878048780488 0.849906191369606 0.212898823895576 0.804654523321247 0.171808379442804 0.0843701548931381 0.0803662679049413
"mb103" 0.639186073307628 0.685072739327136 0.191045850239329 0.132847637792804 0.133975127920581 0.0844859319290043 0.135186887961907
"mb104" 0.67080521559421 0.696799067710772 0.191315728835689 0.263864009568811 0.13857863053303 0.0840869154890322 0.131883225317509
"mb105" 0.644237549354204 0.739291815171774 0.225629891841739 0.351547119769192 0.172840945829565 0.101695885944286 0.123402246991914
"mb106" 0.684647805774866 0.702856810943203 0.185977830032572 0.346298028820051 0.132324544948216 0.0908110721990959 0.121220344937222
"mb107" 0.797660167629338 0.813023255813954 0.227175865937498 0.654653646314024 0.181245839350061 0.105014294580898 0.124789232459401
"mb108" 0.660170861675635 0.650497204272274 0.158116555306413 0.397720191115783 0.117088292646812 0.0795268107546086 0.0849328042500149
"mb109" 0.63855421686747 0.629009883821744 0.177294984979209 0.638422133028966 0.138067203572682 0.0621312718686391 0.0397553939455163
"mb110" 0.62429023435171 0.682976348016501 0.191646877112801 0.169037585492589 0.138398377911249 0.0845542982372081 0.127593325069975
"tnt1" 0.626154888151857 0.660568389272023 0.180812471032634 0.144909877197845 0.125306625543033 0.0787179147567075 0.12725978314466
"tnt2" 0.608099292400016 0.656896980294342 0.181822673651494 0.0731532962847775 0.125713892847791 0.0607701193979222 0.134587320780322
"ufb1" 0.646048899581573 0.62803094631569 0.157696673704088 0.361129267386853 0.113308845086979 0.0734444838985152 0.0759656476989442
"ufb2" 0.647606041883441 0.641265243802546 0.161377836101271 0.341048076092137 0.11658620864253 0.0797451356644726 0.0884775836257275
"ufb3" 0.646036365476339 0.623151953260385 0.170828530607704 0.314891623118964 0.124782740181716 0.0739342178783471 0.0896505625017411
"ufb4" 0.748094988139871 0.759706128300084 0.177870774642942 0.625451025491734 0.139389684075609 0.0857460239711849 0.0688611627666789
"ufb5" 0.618904325502224 0.665029923515955 0.186005975624616 0.227279609281542 0.134990215301389 0.0789386126647912 0.115381796391328
"ufb6" 0.698458337459804 0.714262796410488 0.208430437210367 0.264251185270083 0.143779390114711 0.0837806706726273 0.159042170524323
"ufb7" 0.681334368780606 0.728438719462423 0.226736052542748 0.203544296591275 0.151730051946927 0.0944244485392075 0.184670076749878
"ufb8" 0.695121951219512 0.653640517157578 0.160144030386599 0.694953140114806 0.125959257316892 0.0582065577582467 0.0187082665572913
"ufb9" 0.647534598488816 0.642217215558942 0.178003168606325 0.28980910917937 0.122330641365988 0.0748158947945079 0.106211602855326
"ufb10" 0.651219806218967 0.720462349608933 0.224615285413809 0.120034477299236 0.153156794611979 0.0950033736791926 0.186618207870806
"ufb11" 0.621425520118769 0.6916681244169 0.206093419850239 0.0836087066802655 0.14015543066715 0.0785161794046869 0.166483813881858
"ufb12" 0.709039367931349 0.711784387108719 0.193626492997729 0.480108614474794 0.143859605251168 0.0937817505668105 0.104092010287479
"ufb13" 0.692430106295057 0.715993823439551 0.198596031297378 0.420178705237344 0.147149123217285 0.102587965154031 0.12086954216509
"ufb14" 0.717570293018257 0.666248285122158 0.17610740796167 0.469253561246955 0.127392747952794 0.0737927647308552 0.0841152196623468
"ufb15" 0.707317073170732 0.725627413127413 0.192672073909245 0.707240391032299 0.150292109480595 0.0712096623631065 0.056852277660476
"ufb16" 0.819277108433735 0.695184081514948 0.144200433280412 0.819180677566028 0.11946832530107 0.0579592162304218 0.00112810448167611
"ufb17" 0.74870634800599 0.778671317378807 0.229376154088023 0.395153376425741 0.166712323527349 0.117808102117974 0.168253576808864
"ufb18" 0.646873506199214 0.700249905092907 0.212266564840083 0.0969005603496437 0.144147736138738 0.0815118250723467 0.173294064424995
"ufb19" 0.634505098469745 0.685850751915256 0.204722195126182 0.0968650318733276 0.139292401603072 0.0829829034958105 0.165037513057903
"ufb20" 0.604540778139193 0.649208802531832 0.177201247326516 0.157505100410036 0.122761487345882 0.0747613582712776 0.123458070758662
"ufb21" 0.71693507151978 0.767093932298901 0.228456444382071 0.279430820164287 0.162203556032825 0.0975017603309997 0.175273227380645
"ufb22" 0.70624501591531 0.747873009340238 0.220360641295542 0.266626864919734 0.154127668097517 0.0922593312332865 0.169490380187693
"ufb23" 0.695833100922133 0.677494339017694 0.185450173412889 0.348781286783468 0.130521211004744 0.0823095519715864 0.114488835041251
"ufb24" 0.655991651526878 0.658096045661351 0.18891446916677 0.298295968234412 0.134221603740518 0.0745256475751855 0.109672459205999
"ufb25" 0.699906117635903 0.688367551834351 0.194924320933643 0.360376555108742 0.14151190643737 0.0795720706519254 0.116269465737036
"ufb26" 0.647850470020995 0.702091876125305 0.20871320794839 0.204133691721903 0.139434062484796 0.0813801294288733 0.164446133526373
"ufb27" 0.614457831325301 0.598641256396683 0.166467087675736 0.614297042793891 0.1265818462186 0.0528651045914127 0.0271172918424083
"ufb28" 0.62751493107018 0.719451745554473 0.227608115088364 0.133439550908735 0.156164677416098 0.0843602446376204 0.189753220607224
"ufb29" 0.710843373493976 0.692968228222498 0.160991933337234 0.710617771508193 0.125155851549348 0.0565163333580072 0.0207268027547374
"ufb30" 0.609802445446692 0.656152693371449 0.178901717891192 0.119734351668116 0.122816347542481 0.061177195777476 0.131525721512781
"ufb31" 0.593864518228476 0.64402950688181 0.174007526121309 0.145347660552719 0.121496257047663 0.0748003629524857 0.122526345443657
"ufb32" 0.593940033039525 0.629254446345909 0.169081355481108 0.155519647897921 0.11610453194888 0.0655209365053148 0.111761991532287
"ufb33" 0.619012242972494 0.630398465317448 0.168812527386913 0.215608876467539 0.11588959812477 0.0703986702068645 0.10772108478509
"ufb34" 0.626697870751427 0.637133045308519 0.175048985153474 0.227527835385928 0.120558654371266 0.0701449405754771 0.109680223326314
"ufb35" 0.710843373493976 0.706368014677777 0.185794588218731 0.707301903532404 0.146915452260499 0.0718802620433271 0.049675958443531
"ufb36" 0.657823687514703 0.682687147840086 0.184163155583888 0.255042683933448 0.132536971471815 0.0830983110536041 0.124130408130487
"ufb37" 0.719807323678323 0.72667382435044 0.192799271757967 0.444285524280876 0.145598718965224 0.0936857763747408 0.114510567082784
"ufb38" 0.628152420030402 0.6502906289656 0.179983863541522 0.19177917609204 0.119380461752064 0.0675615281812193 0.128733837002444
"ufb39" 0.770726924988137 0.76777559436495 0.198353500350397 0.541772509966677 0.146434880311489 0.0937226436539666 0.109292982234782
"ufb40" 0.769073428984494 0.77814290284119 0.185160965589128 0.650422609365155 0.145285412904715 0.0873626274310754 0.0774346501671563
"ufb41" 0.64698808984576 0.705002059082882 0.212037894901879 0.156395706311827 0.142394256466691 0.0730367634637181 0.170999434834748
"ufb42" 0.644337931420939 0.714699927160472 0.219956626598283 0.123499954433155 0.148926243697782 0.0753364735083871 0.180017328658737
"ufb43" 0.627038016234902 0.697462475628933 0.209521865578448 0.0957130907002235 0.140656966767105 0.0740484864906129 0.170083311705835
"ufb44" 0.606568211387124 0.644801553189125 0.176949470071997 0.167606044415746 0.122337308061783 0.070346271294491 0.120172873248214
"ufb45" 0.669062439846813 0.700381782007851 0.205803064919039 0.221181123153628 0.138910442658872 0.0804648382888723 0.159939579502955
"ufb46" 0.683755827130921 0.705970121984641 0.187264722293006 0.384108802030332 0.139137874520676 0.0941141166812069 0.116754640169778
"ufb47" 0.694876379200916 0.614725459194628 0.173432135160938 0.351957954585026 0.122454037665619 0.0742042747734052 0.092536768459555
"ufb48" 0.719843300215613 0.711679502169313 0.168770660760756 0.489037854131155 0.125164361835464 0.0844295607542211 0.088002002127929
"ufb49" 0.66004779206889 0.688406591449094 0.200704978843943 0.180274793935631 0.134644296553155 0.0658763616915646 0.157163736046515
"ufb50" 0.651076146063311 0.705477364136391 0.216391148391192 0.109152293347096 0.145172034142344 0.0798101465469731 0.177622708546576
"ufb51" 0.662098047168945 0.672661133994028 0.184631205740472 0.218560553474459 0.12931785421165 0.0788479517094308 0.131329208526391
"ufb52" 0.61630963576126 0.69293730600187 0.206430369386982 0.0836087066802655 0.139873542612707 0.0836168532249277 0.166837574512898
"ufb53" 0.634146341463415 0.704823889739663 0.198276858736026 0.641703700428757 0.148280146206102 0.0723044820684345 0.0641832726447615
"ufb54" 0.703703703703704 0.698852359996548 0.175210518195717 0.699888622003755 0.137004066545943 0.0627300819462668 0.0348271068502722
"ufb55" 0.777777777777778 0.772743980885867 0.172688249536695 0.774825216593053 0.138498853199283 0.0656370004388273 0.032006689698314
"ufb56" 0.592131993668831 0.634114251761311 0.170612033845843 0.143533764619476 0.118742114181173 0.0695961848284922 0.116438466173986
"ufb57" 0.598969682451047 0.650932270352506 0.186116557714827 0.191098029378343 0.13158195998671 0.0760254469799577 0.115501972863224
"ufb58" 0.725420145985957 0.711051855213889 0.181748510816802 0.492059928788277 0.136568054458945 0.0886842429203778 0.0908951740259362
"ufb59" 0.678560234597126 0.716207381359671 0.212545754733985 0.216351248262494 0.146383128007019 0.0882097850692869 0.167088196145332
"ufb60" 0.677689935691665 0.683934199889183 0.179672465375791 0.396314920696255 0.129678593237463 0.0855338049020622 0.09957196447606
"ufb61" 0.667525658440853 0.685127780330436 0.178318641917148 0.331840929235611 0.126970428627325 0.0845467686271131 0.106662860777363
"ufb62" 0.670755834139864 0.68147377233643 0.179067640830973 0.322432938361674 0.123340247712379 0.0833889183167418 0.1185264635212
"ufb63" 0.740035362732832 0.748068212096989 0.190103141567162 0.551503269402723 0.137947032018723 0.0840438418334026 0.0832602099867167
"ufb64" 0.710843373493976 0.716853369001839 0.172499429021212 0.710558344343651 0.135453998777139 0.0623247252070916 0.0341581183028206
"ufb65" 0.643155455424029 0.723379475886945 0.23019522986917 0.11974278573924 0.15713711463776 0.0821217192058118 0.19246866366706
"ufb66" 0.649409234248262 0.708039046910308 0.216457650567656 0.084705672564474 0.144787856482335 0.067399017133008 0.178060634908603
"ufb67" 0.627936903019448 0.634182822297647 0.177650250407799 0.15648252553086 0.11868935788136 0.0643530997862197 0.128358909565966
"ufb68" 0.843373493975904 0.846138156105521 0.197526029097219 0.84324634063656 0.163842934018386 0.0809883067614889 0.0633686582802162
"ufb69" 0.643398469539669 0.711165093402455 0.218460836668043 0.179672092300028 0.145662635562643 0.0857668836069594 0.177786965672806
"ufb70" 0.742159890839062 0.710262650998193 0.169636806542347 0.548502159835269 0.128760694099394 0.0799616606087478 0.0771580093240509
"ufb71" 0.751987708704491 0.788428093378058 0.227144865153579 0.400882996217932 0.167163385933396 0.111686664860145 0.165867183482156
"ufb72" 0.853658536585366 0.785564968643415 0.146002896343038 0.853490892490935 0.118999809261477 0.0566883382092303 0.00205043645928222
"ufb73" 0.690669656915633 0.678546199262471 0.193587820980059 0.32369490853075 0.13777986954954 0.083523460303681 0.123226488627731
"ufb74" 0.640825604246687 0.70446863133123 0.211900723690017 0.172366667869207 0.140955472885878 0.0829417997160048 0.169016575768157
"ufb75" 0.764433599942157 0.796959441994377 0.232986689223208 0.413117957403156 0.173928057107696 0.119137727715565 0.172150484100829
"ufb76" 0.702502973731065 0.737551526598444 0.212664076393732 0.266326393322482 0.152876958725404 0.0893394989625152 0.158332476134188
"ufb77" 0.674187564566008 0.706854116332199 0.206493497149453 0.238979100663707 0.143239851419985 0.08571298752888 0.156968209019409
"ufb78" 0.650367588008872 0.703659742828882 0.208373477286054 0.197163012049037 0.140885075450409 0.0809274568205627 0.162658428693257
"ufb79" 0.60975656828914 0.656100237737412 0.179420332753991 0.108992890433124 0.120957121648735 0.0577788231124766 0.134773624438619
"ufb80" 0.654320987654321 0.53083109919571 0.146565146579998 0.654306499983654 0.112795136840792 0.0501668784884202 0.00288389683435119
"ufb81" 0.641671014065462 0.701773684178745 0.213233813034723 0.0969005603496437 0.144830972372241 0.0876325046116907 0.174309166473471
"ufb82" 0.704897710791648 0.697874061342476 0.194478821239758 0.360519576220148 0.141321001753392 0.0838786094147929 0.115906502677486
"ufb83" 0.610485195272145 0.661267605633803 0.178678900694183 0.119734351668116 0.123188788044348 0.0620261111133028 0.131290048136496
"ufb84" 0.660153385094873 0.69869040205086 0.207903621523568 0.215107235026739 0.137857067234531 0.0817939074599645 0.163588413253796
"ufb85" 0.761177162176067 0.751991881625321 0.194254924575729 0.499846036102638 0.147082143933218 0.0896427482792017 0.104739067002899
"ufb86" 0.633838915954115 0.64159425841179 0.17201758064639 0.247259199715542 0.120401693370888 0.0765306017404499 0.106070501998129
"ufb87" 0.821956567298447 0.817904374364191 0.193711986533992 0.722578910329189 0.152827164454128 0.0952104451234583 0.0875743973565821
"ufb88" 0.631775811787646 0.685117801242994 0.200737531326541 0.0954358719690285 0.132310855775677 0.0693057650916902 0.159844867793492
"ufb89" 0.617315713690905 0.666808622390676 0.183540831590714 0.193862655309154 0.130916764751184 0.0818688395997932 0.123531904523034
"ufb90" 0.699686511409688 0.677472216428806 0.165997816043149 0.560743656787517 0.127465141151396 0.0722661905614023 0.0558432590202616
"ufb91" 0.714796953387964 0.701375076909869 0.18612997852946 0.459484289680293 0.136002513800735 0.0861758813947776 0.0951202311102855
"ufb92" 0.624617656256913 0.615816506693204 0.170673465893907 0.217272604927741 0.11229671405588 0.0663741269357857 0.113210211950921
"ufb93" 0.829199218186851 0.811634681803165 0.18266572466004 0.723353181955768 0.145813119806261 0.0910241951233102 0.0746095243159807
"ufb94" 0.658536585365854 0.61442848744436 0.167370776274172 0.658387379521664 0.130141245039211 0.0573397919919051 0.027152031030896
"ufb95" 0.692099510177448 0.635440105890139 0.156078695835245 0.577938942226719 0.114993112349187 0.0708449259697343 0.0449871613171274
"ufb96" 0.610014796387872 0.660324101699405 0.181232529788256 0.107851208662572 0.120515021653602 0.0563005427386677 0.136703937470884
"ufb97" 0.699769728725547 0.593587585096259 0.144117204347967 0.548530800347244 0.105701943569952 0.0580918535032053 0.031087532355782
"ufb98" 0.710843373493976 0.710507819363908 0.173825044170251 0.710737976569646 0.136324983110947 0.0603762724322561 0.0357053494164385
"ufb99" 0.560059502470761 0.594494318530322 0.15918215838189 0.0721403763037089 0.106358550440797 0.0502153526473096 0.115400486957559
"ufb100" 0.610105038120617 0.653434823977165 0.176111735471078 0.179863996589128 0.122229142317249 0.0761859262842143 0.124758288151323
"ufb101" 0.703703703703704 0.723882547704104 0.180899505172921 0.696042494228238 0.14161283593378 0.0637490687141998 0.0416142415318183
"ufb102" 0.60698642546487 0.651896270760176 0.179006892776928 0.145347660552719 0.123845712539037 0.0729689440402578 0.12783390234021
"ufb103" 0.650602409638554 0.621892502702172 0.159936051883983 0.65036447308505 0.120984057889698 0.0541704166828429 0.0194943993396545
"ufb104" 0.723203425229553 0.701527160255171 0.161379483892278 0.609448144363129 0.125441414871528 0.0746780950950492 0.0506149400587448
"ufb105" 0.762038969465664 0.773153575615475 0.191704404742078 0.600011779597292 0.14460237903725 0.0871765351389155 0.0850727144450866
"ufb106" 0.628905292059021 0.643211529629414 0.166895829569736 0.251763329226246 0.115761236209372 0.0694827373614903 0.109309616062464
"ufb107" 0.685538876235672 0.659604218948226 0.184219644393312 0.363745914982614 0.133045596368115 0.0766762127427218 0.104609787092543
"ufb108" 0.720177712882351 0.687810906843813 0.168482805199143 0.566013032745609 0.127632436655569 0.0732500399571465 0.0590241143321644
"ufb109" 0.667858625398873 0.699548568558185 0.205045543635197 0.209035857271837 0.138518384088224 0.0805391604541447 0.159138142490582
"ufb110" 0.665929237476429 0.698250269581849 0.205884494658188 0.221333098074348 0.137585781248809 0.0820416167143217 0.1614593739656
"ufb111" 0.754774210140311 0.77109036803978 0.219870565804574 0.406894339806625 0.160774789364819 0.107665263858884 0.152048973105991
"ufb112" 0.647091553356761 0.695463447835206 0.195350748004327 0.21832968996016 0.138188810097232 0.0859361129689284 0.136142294171346
"ufb113" 0.803087388687437 0.81287562083746 0.223025912918849 0.540532645501025 0.170759976048517 0.112631156221012 0.147553076934484
"ufb114" 0.615746758311274 0.643268104258256 0.173354994951164 0.206222919611814 0.11966142784429 0.0731095365727711 0.116274464283878
"ufb115" 0.722074521183874 0.742084074829637 0.213879234657382 0.287136367230594 0.153734756984812 0.0842848268930202 0.159684220292645
"ufb116" 0.630768829521075 0.677775590066698 0.197786492617256 0.10749312982331 0.130458123888534 0.071621828008176 0.156043393529691
"ufb117" 0.615757754874312 0.647878391273138 0.186622787640944 0.107337384290374 0.122429385368834 0.0694504124645412 0.142393331122114
"ufb118" 0.670731707317073 0.529683972911964 0.138366909358736 0.670595104671748 0.103812615354468 0.0457038837087186 -0.00562659213344099
"ufb119" 0.679928866945661 0.701931396559562 0.191666342792589 0.288037476745616 0.13876497426763 0.0858297428690702 0.132259606889745
"ufb120" 0.607394984692305 0.646451508007479 0.176729585715167 0.157505100410036 0.120889154379803 0.0692934645265125 0.122909987656619
"ufb121" 0.650602409638554 0.655765627661386 0.173761431235067 0.650245618755966 0.132615874934267 0.0586968846267079 0.0356311016887953
"ufb122" 0.681778082392605 0.656515421603727 0.167050603982653 0.433556794653375 0.12155825537767 0.073585675111031 0.0745124281085997
"ufb123" 0.638535104622444 0.63423512782999 0.158376730936859 0.301127906474273 0.113081586684764 0.0748676425572681 0.0915809155249247
"ufb124" 0.645569620253165 0.695683168316832 0.204794263657893 0.645424523482847 0.155685485403246 0.0727821122996745 0.0695170368478714
"ufb125" 0.795180722891566 0.79231842549754 0.17408782963039 0.794996160166411 0.139858462577771 0.0681084627881806 0.0360120672752585
"ufb126" 0.595009128427102 0.640503809605342 0.17270713828401 0.143705673830034 0.119395864877581 0.0694236480244743 0.121141480389328
"ufb127" 0.580516258440205 0.651575221021762 0.178864863576429 0.0834701520909461 0.120863601314009 0.0655826970503784 0.136137179426806
"ufb128" 0.686377531832118 0.675400353336753 0.17653790519412 0.443640655492411 0.12916737887095 0.082271347231438 0.0851060165597446
"ufb129" 0.635961819323199 0.678395724596059 0.18946805521753 0.193862655309154 0.132447692164484 0.0781679898447684 0.129826735581944
"ufb130" 0.684485417105077 0.671796844940362 0.180455766011049 0.332668565141225 0.127668810731579 0.08204306768223 0.115252040432463
"ufb131" 0.643554328727689 0.676553846153846 0.17987415939069 0.263759264898564 0.12892765449841 0.0777159865824468 0.119600782443238
"ufb132" 0.603788516116066 0.632619191074701 0.17707093804576 0.107104594375968 0.1176487919309 0.0703451328179669 0.131070955421175
"ufb133" 0.606591629287104 0.632606932519326 0.179675619406353 0.119108422356837 0.120358243154542 0.07182456565447 0.132353054014538
"ufb134" 0.639816659941345 0.71953794759904 0.226527656233494 0.0969143854186408 0.154130306150691 0.0710360132671556 0.188485083147894
"ufb135" 0.754221584418158 0.772977986039928 0.205002751349123 0.590140996068631 0.159005382898035 0.0921691386139676 0.100351448135826
"ufb136" 0.687554167311045 0.640612581769273 0.164104438721182 0.524179355399716 0.123387576119467 0.0738837684759556 0.0536998054464695
"ufb137" 0.619979361611839 0.644654258468665 0.176178173360428 0.191891517445085 0.116269840899232 0.0650198228534032 0.126790709340877
"ufb138" 0.721281056779558 0.711432754191642 0.203869624386051 0.491769005898898 0.151567591012296 0.0790764710778689 0.0981921142970754
"ufb139" 0.687825483464286 0.696634487074479 0.18723486166217 0.299971971200887 0.137309881852519 0.0705105459483844 0.122836755724954
"ufb140" 0.76245904293863 0.745605920444033 0.173946238676564 0.610264078878563 0.133373797197085 0.0812773855749755 0.0648116913201242
"ufb141" 0.64035821126673 0.705383952425146 0.214453750463446 0.167634978864695 0.142733958431957 0.0758361217929524 0.174256914851082
"ufb142" 0.795180722891566 0.790462669116419 0.173615733818262 0.795055587330953 0.138153383714641 0.0655049874989597 0.0354610466191791
"ufb143" 0.654513476825073 0.621718052748361 0.182026918418217 0.266704914002212 0.124069139597975 0.0755444081575887 0.116781615341311
"ufb144" 0.673289326939399 0.694163445841298 0.187174499439122 0.409786457464017 0.135971542243377 0.0831370916307039 0.0962815539436629
"ufb145" 0.644717198911195 0.647422338560167 0.173629549981423 0.259712579303511 0.119810002008202 0.0754015025430098 0.107816032251485
"ufb146" 0.682926829268293 0.721309025702331 0.192792911520643 0.678781432565912 0.148890213714455 0.073216038045404 0.0578366375456191
"ufb147" 0.734939759036145 0.756282966180577 0.184599845971443 0.734861716072352 0.14569721514664 0.0701554514508866 0.0482814795262553
"ufb148" 0.700015020999939 0.738733156430467 0.226249796269984 0.250788804445353 0.153047272042843 0.101895111442085 0.180021226704957
"ufb149" 0.573170731707317 0.472590393383522 0.14677137221992 0.572862217190585 0.109755718234377 0.044076919004731 0.00418239899933309
"ufb150" 0.710050089689276 0.691350046566438 0.180742083333626 0.444786183269828 0.129489448120854 0.0873347254230543 0.100997428320602
"ufb151" 0.625633246696291 0.690813904761537 0.209899032569231 0.0963728814664497 0.14335152239941 0.0756366717252577 0.171224542881518
"ufb152" 0.651976610514165 0.730419373442791 0.234389448892225 0.145922857905984 0.159987254898497 0.0892910324769236 0.196502650547442
"ufb153" 0.743043384746889 0.750350766848904 0.210836015742576 0.430554483995876 0.153999588273387 0.102770802187784 0.134096629517811
"ufb154" 0.616454165454486 0.6729091563498 0.189770671196722 0.227370558207073 0.13417103762835 0.0766056515741146 0.119473126467966
"ufb155" 0.651973782222424 0.724691303419749 0.230602722198594 0.155990494314298 0.157278340626481 0.0908835149410548 0.1925285349125
"ufb156" 0.706162988146495 0.616041616980682 0.175461625762107 0.400918531901932 0.124881043765043 0.0635266637961769 0.0828500858832092
"ufb157" 0.612735172555147 0.634854340018012 0.173167328339 0.191984318891281 0.114838940957038 0.0656331999184575 0.125360982487867
"ufb158" 0.678607519831279 0.726105277650073 0.225677689253273 0.203571985009026 0.151376658244604 0.0879082726192215 0.18455291246729
"ufb159" 0.760451163795941 0.771877927988221 0.203719720756804 0.517715676385824 0.150802202717348 0.0945106126601834 0.115255373609223
"ufb160" 0.647615299706786 0.703202112572742 0.213938604999042 0.0837013171047124 0.143460897847746 0.0666415866502715 0.175418325687949
"ufb161" 0.655861848970868 0.626798574901757 0.174488260817891 0.363724211394787 0.129589546636634 0.0634759353235958 0.081733854424326
"ufb162" 0.68378136767994 0.690404574153863 0.177542772365191 0.419926781942164 0.128902314953673 0.0901484220761951 0.0977743718305412
"ufb163" 0.600912817240088 0.630378031758639 0.165402107746067 0.131712978441872 0.111375387456403 0.0619671286258991 0.115489778025628
"ufb164" 0.681879732772922 0.591278106869608 0.145330462890234 0.397165008724253 0.0989933634286347 0.0644295721559379 0.0623995091796441
"ufb165" 0.645065020484338 0.686146296930275 0.191092537969346 0.264005341482636 0.134712987498955 0.0758593385783486 0.12079751737525
"ufb166" 0.638040326672599 0.701875009613462 0.20501662248471 0.290859111192485 0.146519682272156 0.0867775384452901 0.127758238101842
"ufb167" 0.696338717557159 0.670946774784534 0.164627562215819 0.479941176441404 0.124450155349458 0.0789307058900302 0.0715908779260094
"ufb168" 0.629449043561868 0.727029826339667 0.231333698776532 0.1337313365564 0.159967212078109 0.0920635849428816 0.193661438899602
"ufb169" 0.643466133054872 0.653390082306591 0.165011351746919 0.276844682349511 0.11599477779651 0.0790969013848505 0.103558439320476
"ufb170" 0.618002111026812 0.657494733111501 0.182365831428534 0.169737895547503 0.125005340631546 0.0727423064601541 0.1289146912589
"ufb171" 0.619835481709483 0.656182337159168 0.178076602445545 0.133356586256677 0.119464599663161 0.0647720822497928 0.130652998287144
"ufb172" 0.762156396822746 0.758219142395665 0.195709436182086 0.578007583688276 0.148598896232416 0.0823426284357634 0.0898347859131194
"ufb173" 0.682926829268293 0.703295030819572 0.1917475440664 0.682823708471037 0.15196402966464 0.0720834415151174 0.0550908599909404
"ufb174" 0.724649656170435 0.755847933528152 0.223114326287886 0.302750860704123 0.159550944722319 0.10169160497133 0.169564263828273
"ufb175" 0.695673953529252 0.739160677489069 0.220646015704615 0.233316950306842 0.151078260604207 0.0953364414725221 0.172119137662061
"ufb176" 0.637345586595605 0.679926900972005 0.18935247834069 0.218153161389355 0.132274243278107 0.0726056931025833 0.125030970823081
"ufb177" 0.645353846843746 0.619406066380816 0.173529450062268 0.24521684091565 0.117118636754262 0.0713682621567698 0.112465650864857
"ufb178" 0.641174332477969 0.62771783367737 0.174320872362441 0.231901890985991 0.116736677174335 0.0720593430073673 0.117118355306226
"ufb179" 0.821947015159483 0.848539199585098 0.223752855716212 0.696959803752268 0.177560330969713 0.110584673117194 0.121349050018395
"ufb180" 0.597252956271373 0.640697837710089 0.167314378482409 0.143923311791906 0.115750212783756 0.0634627732368987 0.119269812017046
"ufb181" 0.638619163675489 0.675547114952931 0.183154180208618 0.227950060418456 0.129883962051276 0.0806343193637116 0.123048267116884
"ufb182" 0.69896271791154 0.660921704098345 0.158978062797437 0.445271154443016 0.116218847550958 0.0776572734524008 0.077371373527103
"ufb183" 0.612790885536138 0.688764783111402 0.201337769742147 0.0836087066802655 0.136571186532775 0.0653791550015797 0.161490894765529
"ufb184" 0.662675231051516 0.685437182123147 0.183429619212653 0.43176609318417 0.137655161068112 0.0921973119408233 0.0927629417915402
"ufb185" 0.765681358157896 0.792802119334682 0.22863097225796 0.437434291447829 0.170908292539526 0.113434154550344 0.161570977176787
"ufb186" 0.629318707013585 0.71521642062902 0.221282362453766 0.143756854176778 0.147437305239126 0.0850251796716019 0.180755332949272
"ufb187" 0.625612146033077 0.714946912822994 0.220391651203121 0.143810185269876 0.147636565219354 0.0829808336864632 0.180498661252367
"ufb188" 0.623668006213941 0.595124125181566 0.162890059763433 0.342070923981198 0.1160225190313 0.0590550030967157 0.0690920388427424
"ufb189" 0.662643953180174 0.703306266063895 0.212157685644912 0.198724206299347 0.139723686499786 0.0836853152547134 0.16928794645549
"ufb190" 0.564929649637757 0.611032351935667 0.163589894549777 0.072062710482134 0.110199706556014 0.0498883714023519 0.121368808453268
"ufb191" 0.559943835407691 0.598025774270895 0.159410825031588 0.0721012966843097 0.107348740304891 0.0484389647254972 0.116379060670633
"ufb192" 0.710297175572036 0.673489519112207 0.160634627923212 0.469525499090977 0.117977425694487 0.0689687368168296 0.0673836563813413
"ufb193" 0.682926829268293 0.715215110178384 0.201463338907656 0.670827139342823 0.160255563881827 0.0772455648645827 0.0680821276770438
"ufb194" 0.754716059413297 0.750172345873547 0.200020015960643 0.573124204490599 0.153192845397239 0.0886073210014458 0.0947127988396486
"ufb195" 0.648721952868933 0.705116812690907 0.212487357710295 0.174984224214527 0.142031921686254 0.0851361305801446 0.16963802062528
"ufb196" 0.644818622160955 0.651600933207297 0.175568762440578 0.270597976877545 0.121721810388702 0.0771161472682202 0.109976222169026
"ufb197" 0.607326540549208 0.65908463134634 0.181876759582982 0.119734351668116 0.123521065584174 0.0620170981478729 0.134672418130037
"ufb198" 0.624616831919831 0.718854405893616 0.225391585181299 0.0730112236142614 0.154984374042526 0.0873957733125895 0.187475437263727
"ufb199" 0.626506024096386 0.556001234186979 0.152646805176579 0.626179955685433 0.110825543332094 0.0499252367144842 0.010986538435454
"ufb200" 0.700741876962484 0.650957387206275 0.15237501652421 0.572814368083981 0.112920078411684 0.0682453483527626 0.0404211675146993
"ufb201" 0.654176011043714 0.623534455188182 0.150090886613151 0.361629560138117 0.108951126053117 0.0710794666673661 0.0762094753955856
"ufb202" 0.615498962510248 0.639221338480802 0.176795396053699 0.179949484111465 0.115830320163797 0.0723268373647024 0.130776060218111
"ufb203" 0.722627006008761 0.691984559491371 0.171239354912782 0.563716553929134 0.128533159018426 0.0756718398170162 0.0622236886092664
"ufb204" 0.65121186607661 0.617822501371842 0.175611494611851 0.260597978211833 0.1172437334888 0.0698420885724715 0.114644231784498
"ufb205" 0.595064973901712 0.624725258536873 0.164291671109181 0.179580681877506 0.11512736043723 0.0708267561596941 0.106641899769065
"ufb206" 0.66502724405118 0.696618294122557 0.189605556675055 0.335837322070283 0.140302459167533 0.0906931029000983 0.119298557190224
