"ci" "cci" "ri" "rc" "rhi" "rhiBar" "rci"
"1" NA NA NA NA NA NA NA
"2" 1 NA NA NA NA NA NA
"3" 1 NA NA NA NA NA NA
"4" NA NA NA NA NA NA NA
"5" 1 1 1 1 0 0 1
"6" 1 1 1 1 0 0 1
"7" 1 NA NA NA NA NA NA
"8" 1 NA NA NA NA NA NA
"9" 0.666666666666667 0.756321541315388 0.75 0.5 0.25 0.255819902788437 0.750450916614126
"10" 1 NA NA NA NA NA NA
"11" 1 NA NA NA NA NA NA
"12" NA NA NA NA NA NA NA
"13" 1 NA NA NA NA NA NA
"14" NA NA NA NA NA NA NA
"15" NA NA NA NA NA NA NA
"16" 1 1 1 1 0 0 1
"17" 0.666666666666667 0.67226952785023 0.666666666666667 0.444444444444444 0.333333333333333 0.340831629175187 0.664707161124584
"18" 0.5 0.511632103717917 0.5 0.25 0.5 0.518672199170124 0.492518970179881
"19" 0.75 0.671692239576498 0.666666666666667 0.5 0.333333333333333 0.342231348391513 0.662726151925465
"20" 1 1 1 1 0 0 1
"21" 0.6 0.78981636675181 0.777777777777778 0.466666666666667 0.222222222222222 0.236798484489699 0.77499619515327
"22" NA NA NA NA NA NA NA
"23" 0.666666666666667 0.67226952785023 0.666666666666667 0.444444444444444 0.333333333333333 0.340831629175187 0.664707161124584
"24" 0.666666666666667 0.756321541315388 0.75 0.5 0.25 0.255819902788437 0.750450916614126
"25" 1 NA NA NA NA NA NA
"26" 1 1 1 1 0 0 1
"27" 1 1 1 1 0 0 1
"28" 0.75 0.916094747812553 0.909090909090909 0.681818181818182 0.1 0.101512536798295 0.905386968085693
"29" 1 1 1 1 0 0 1
"30" 0.5 0 0 0 1 1.02092904543134 -0.0212837558478829
"31" 0.5 0.862470197626932 0.842105263157895 0.421052631578947 0.2 0.204610557904788 0.814361221977036
"32" 0.666666666666667 0 0 0 1 1.01844262295082 -0.0185967341380592
"33" 0.5 0.726573759236 0.714285714285714 0.357142857142857 0.285714285714286 0.29520295202952 0.716913482372994
"34" 0.333333333333333 0.419428186933639 0.4 0.133333333333333 0.6 0.63304494619118 0.384751274569317
"35" 0.4 0 0 0 1 1.02249488752556 -0.0230749575284836
"36" 0.6 0 0 0 1 1.02511532547412 -0.025496795646908
"37" 1 1 1 1 0 0 1
"38" 0.5 0.505556012908334 0.5 0.25 0.5 0.511087645195354 0.494344269158712
"39" 0.5 0 0 0 1 1.02092904543134 -0.0212837558478829
"40" 0.5 0 0 0 1 1.01971447994562 -0.0201694137608198
"41" 0.75 0.755668454103621 0.75 0.5625 0.25 0.254712175241977 0.750919576879135
"42" 0.4 0.684178623180362 0.666666666666667 0.266666666666667 0.333333333333333 0.352609308885755 0.664369718983454
"43" 0.75 0.755668454103621 0.75 0.5625 0.25 0.259067357512953 0.746530521422128
"44" 0.272727272727273 0.533715585707163 0.5 0.136363636363636 0.533333333333333 0.534938147776663 0.496316906123627
"45" 0.428571428571429 0.84511834016411 0.818181818181818 0.350649350649351 0.222222222222222 0.229489386115892 0.795491956626102
"46" 0.5 0.409280677526909 0.4 0.2 0.6 0.621246634914061 0.387537073769474
"47" 0.5 0.508524379006895 0.5 0.25 0.5 0.511639805576874 0.496683903093492
"48" 0.5 0.878010761990913 0.857142857142857 0.428571428571429 0.1875 0.18470631695604 0.834835965411436
"49" 0.375 0.815280973794276 0.782608695652174 0.293478260869565 0.277777777777778 0.276151551971722 0.753565876901672
"50" 0.333333333333333 0.848566270026195 0.818181818181818 0.272727272727273 0.235294117647059 0.23441162681669 0.793481113114537
"51" 0.333333333333333 0.78812588303398 0.75 0.25 0.285714285714286 0.289757086975419 0.745928076184432
"52" 0.4 0.845761410255345 0.823529411764706 0.329411764705882 0.2 0.197057277982133 0.824480596302761
"53" 0.272727272727273 0.618375377607324 0.578947368421053 0.157894736842105 0.470588235294118 0.485525277659768 0.549219955015014
"54" 0.4 0.887404007107356 0.863636363636364 0.345454545454545 0.157894736842105 0.161742505930559 0.861017745701185
"55" 0.375 0.815280973794276 0.782608695652174 0.293478260869565 0.277777777777778 0.284171639670361 0.745167515647346
"56" 0.428571428571429 0.81520150726776 0.789473684210526 0.338345864661654 0.25 0.251619802478455 0.772525804297133
"57" 0.5 0.804417434440805 0.785714285714286 0.392857142857143 0.25 0.24588148512417 0.771973005832644
"58" 0.3 0.62266887882664 0.588235294117647 0.176470588235294 0.4375 0.45266425245732 0.579217223008116
"59" 0.428571428571429 0.343781132710934 0.333333333333333 0.142857142857143 0.666666666666667 0.681314937830012 0.328670229809171
"60" 0.285714285714286 0.298440085047789 0.285714285714286 0.0816326530612245 0.714285714285714 0.739316871211001 0.272285435751479
"61" 0.272727272727273 0.593263644022069 0.555555555555556 0.151515151515152 0.5 0.495847279038056 0.538163035933537
"62" 0.272727272727273 0.533715585707163 0.5 0.136363636363636 0.533333333333333 0.535941582367522 0.495243265924713
"63" 0.5 0.255785042725758 0.25 0.125 0.75 0.764331210191083 0.241121127671046
"64" 0.3 0.564353572571995 0.533333333333333 0.16 0.5 0.516605166051661 0.51138359134893
"65" 0.230769230769231 0.44738826446124 0.411764705882353 0.0950226244343891 0.625 0.640368852459016 0.390603554632032
"66" 0.1875 0.513101662482695 0.458333333333333 0.0859375 0.684210526315789 0.691746927047305 0.344395579346547
"67" 0.214285714285714 0.493773393668261 0.45 0.0964285714285714 0.611111111111111 0.615866972733889 0.421224966106462
"68" 0.214285714285714 0.52267572669873 0.476190476190476 0.102040816326531 0.578947368421053 0.59149325159972 0.448051157380474
"69" 0.230769230769231 0.593467440309816 0.545454545454545 0.125874125874126 0.526315789473684 0.52153958485449 0.520159003333882
"70" 0.230769230769231 0.615151539741471 0.565217391304348 0.130434782608696 0.555555555555556 0.552303103943444 0.48657268946444
"71" 0.272727272727273 0.213239364150762 0.2 0.0545454545454546 0.8 0.82996161427534 0.181282464546602
"72" 0.4 0.256466885467846 0.25 0.1 0.75 0.775394158697338 0.230413593946869
"73" 0.25 0.2689409548828 0.25 0.0625 0.75 0.786438308283817 0.229714654849397
"74" 0.3 0.688432295860114 0.65 0.195 0.388888888888889 0.402275731279812 0.632759199684867
"75" 0.25 0.567100681717745 0.526315789473684 0.131578947368421 0.5625 0.55045871559633 0.484070487552537
"76" 0.166666666666667 0.284815197546007 0.25 0.0416666666666667 0.833333333333333 0.841750841750842 0.180118108173365
"77" 0.2 0.442954598026941 0.4 0.08 0.666666666666667 0.685792662018516 0.347658532432038
"78" 0.214285714285714 0.573042340771105 0.521739130434783 0.111801242236025 0.55 0.549917512373144 0.49386436595866
"79" 0.230769230769231 0.483024013346963 0.444444444444444 0.102564102564103 0.625 0.628298567479266 0.403744590617369
"80" 0.1875 0.560214086261626 0.5 0.09375 0.619047619047619 0.63033359193173 0.413290956106855
"81" 0.142857142857143 0.472334187174035 0.4 0.0571428571428571 0.75 0.763132233857633 0.278570542000653
"82" 0.1875 0.560214086261626 0.5 0.09375 0.619047619047619 0.614279638992581 0.431328039905947
"83" 0.176470588235294 0.470952247285037 0.416666666666667 0.0735294117647059 0.7 0.698010669591664 0.34076329546211
"84" 0.166666666666667 0.325647720136315 0.285714285714286 0.0476190476190476 0.789473684210526 0.806581706726891 0.220219919229468
"85" 0.125 0.36596845839088 0.3 0.0375 0.91304347826087 0.914514654008623 0.103730763968617
"86" 0.176470588235294 0.522143060653367 0.461538461538462 0.081447963800905 0.636363636363636 0.639970744194551 0.406561960050973
"87" 0.176470588235294 0.442091897628222 0.391304347826087 0.0690537084398977 0.7 0.705431825052907 0.332360813797783
"88" 0.157894736842105 0.44381828716552 0.384615384615385 0.0607287449392713 0.727272727272727 0.72316384180791 0.318809811902636
"89" 0.176470588235294 0.140825869819918 0.125 0.0220588235294118 0.933333333333333 0.934205258241025 0.074096858833774
"90" 0.176470588235294 0.544960289456805 0.481481481481481 0.0849673202614379 0.666666666666667 0.678820791311094 0.362501209694146
"91" 0.125 0.304485707563976 0.25 0.03125 0.91304347826087 0.912052117263844 0.106723490314494
"92" 0.176470588235294 0.250548926474544 0.222222222222222 0.0392156862745098 0.823529411764706 0.842561386615311 0.177412723424133
"93" 0.136363636363636 0.320434665395977 0.269230769230769 0.0367132867132867 0.863636363636364 0.868531724264034 0.156065577417134
"94" 0.214285714285714 0.651765785720297 0.592592592592593 0.126984126984127 0.523809523809524 0.527476743070874 0.518626514183566
"95" 0.157894736842105 0.518146828431662 0.448275862068966 0.0707803992740472 0.695652173913043 0.703420381605557 0.341652474590615
"96" 0.176470588235294 0.470952247285037 0.416666666666667 0.0735294117647059 0.666666666666667 0.662314315450847 0.381212489661079
