NaN NaN 0.7024264 1 NaN
NaN 0.6516979 NaN NaN 1
NaN NaN 1 1 1
NaN 0.3492615 0.5573725 0.6679987 0.4713587
0.6293991 1 0.6516979 0.5714176 0.2269919
NaN 0.3223126 NaN 0.5845334 0.4786914
1 0.6619285 0.3260248 0.5465724 0.4051386
0.4671219 0.3266915 0.5686131 0.371825 0.4583986
0.3299054 0.3244093 0.3843616 0.8455933 NaN
0.554251 0.4874657 0.2861777 0.1920833 0.2960642
0.2610607 0.4940234 0.2654976 0.3170384 0.4276745
0.2368982 0.2653192 0.2588733 0.2628204 0.5980122
0.4608859 0.443847 0.1744597 0.4015425 0.3142406
0.3073393 0.1877326 0.2203666 0.1803712 0.3154999
0.3452957 0.148605 0.3725769 0.2414639 0.2595496
0.216675 0.334009 0.3832792 0.3921517 0.4167694
0.1945947 0.1735232 0.1455301 0.2627007 0.2434476
0.2048154 0.1634085 0.1546721 0.2126373 0.2146919
0.2154569 0.2392157 0.1626592 0.1739217 0.2009309
0.1889296
