"quartet" "cluster" "phylo" "mutual" "shared" "clusterNorm"
"mb49" 0.693045854843608 0.208760755157212 0.404820416156783 0.143087464758585 0.0808301375908509 0.120721066596539
"mb50" 0.867252288224092 0.261797038999565 0.777512906205907 0.209239020820346 0.10319018084122 0.138114602698765
"mb51" 0.779646679498339 0.217809046055712 0.477490463404145 0.160530016296206 0.110695677114747 0.130813412990431
"mb52" 0.843678822316526 0.219757411495323 0.678681459542344 0.167490318825911 0.101768096860644 0.117009484503703
"mb53" 0.749811982953121 0.214702238551121 0.265714985627789 0.148656806061936 0.0918380913109086 0.126053233105187
"mb54" 0.789207125392944 0.243688778389893 0.549331745668793 0.177249551459885 0.104512478493141 0.14409230502913
"mb55" 0.81028748799054 0.217176440317353 0.616846911866992 0.161026892230834 0.102433625683634 0.114088632573171
"mb56" 0.846998873297142 0.225641070911035 0.668062112267079 0.169496884420392 0.104693914678165 0.12303937919399
"mb57" 0.795651192536303 0.219774518623842 0.699758225729567 0.16954132211707 0.0771291181586004 0.088741008844221
"mb58" 0.922220816997597 0.234505438016007 0.901150686766229 0.193594830823042 0.0962429155386551 0.106250422250582
"mb59" 0.781275152040135 0.225787517613729 0.332193884853374 0.157586281340411 0.118302651715715 0.168909192333776
"mb60" 0.68246982856002 0.212370221618131 0.111030098991933 0.135606599492813 0.0725536001039633 0.173872386033214
"mb61" 0.749714084630949 0.185270955448326 0.762238795202654 0.145359094774496 0.0682307403319579 0.0478257781398649
"mb62" 0.825421907591176 0.215856903677305 0.765272335042494 0.170712424581248 0.0831522971364603 0.0844774136381325
"mb63" 0.867941307247666 0.22523610015471 0.759224674616017 0.173459396990634 0.0843821169903442 0.0936620565762774
"mb64" 0.76914481822898 0.204492970858456 0.491845484614704 0.145542276028035 0.0923341842562468 0.116043685809923
"mb65" 0.688168587981729 0.192603702591058 0.332717704930687 0.133980482912424 0.0853651896903312 0.128254423571372
"mb66" 0.80481050927722 0.212295288059679 0.54266129098465 0.156818516735216 0.103083785591551 0.124851738129962
"mb67" 0.699845142810781 0.195055678854597 0.284583722509374 0.135854849089218 0.0843568681371395 0.135870296093328
"mb68" 0.672885339235707 0.205309726642766 0.0740231523856745 0.130800428679513 0.0668088874988018 0.166461756076352
"mb69" 0.653994863044106 0.181650158741123 0.0739272981886492 0.124318961916016 0.068038424822674 0.136216532923298
"mb70" 0.809694232940216 0.224597327184237 0.575341146474305 0.167827607925861 0.103994212020325 0.121846314140241
"mb71" 0.837032926378098 0.165843367254992 0.864059352598132 0.133188524072983 0.0644715639061813 0.0260843442695586
"mb72" 0.680101551615737 0.208734973756408 0.111034704566155 0.134332075503969 0.0690769780086804 0.169828155222044
"mb73" 0.667183130526793 0.198236604682503 0.0749341244893943 0.127107334735131 0.0602039126874738 0.158810764654599
"mb74" 0.796709039204725 0.217782682567136 0.654231340123499 0.16851621006666 0.100817606795169 0.114774709140303
"mb75" 0.657125277281072 0.178047702356708 0.0993623721604231 0.120333935345767 0.0590496970293421 0.129283759173358
"mb76" 0.686977441958323 0.182778953304891 0.213667134499727 0.12788914834891 0.0776936278188886 0.102614533906293
"mb77" 0.676441900488367 0.205978803284484 0.111038971286464 0.132941120019526 0.0647961284154528 0.166603950761391
"mb78" 0.682482602470616 0.166262351916725 0.565104262156895 0.118928406511035 0.066426438993242 0.0560530559110063
"mb79" 0.888754303200306 0.23669558418714 0.809989811493013 0.189001298381949 0.0915200328418133 0.108807517118226
"mb80" 0.747705465164789 0.17678098396945 0.756354422572953 0.137072609115096 0.0622360828208608 0.0360844245696834
"mb81" 0.806997209318913 0.211887348622675 0.486906625117396 0.155787711802644 0.102586263482397 0.135610615621276
"mb82" 0.781025678975801 0.232811991800295 0.487379915773493 0.172135263070563 0.0815513780984461 0.0999410620567537
"mb83" 0.69766542637821 0.19763813529279 0.361431513422046 0.13769744210195 0.0895572511077474 0.127657455743627
"mb84" 0.775396767351715 0.20835165174765 0.678724504186622 0.156499389837899 0.0749428810887174 0.0757146920250006
"mb85" 0.725120799174765 0.18525568112355 0.505757166944998 0.135618370213695 0.0908579433548288 0.106368597968122
"mb86" 0.65695055032483 0.17646190447833 0.124306719906245 0.119612654294309 0.0708936545978721 0.125489129790873
"mb87" 0.849098642900547 0.215710155868426 0.809939502332305 0.170299553588599 0.0847771503204321 0.0843060789236424
"mb88" 0.773049446570325 0.215578819464765 0.344568712774011 0.149539310733075 0.106795496833501 0.153233100823697
"mb89" 0.668833353704678 0.199377731556753 0.123329038034734 0.128632086199701 0.0751541846236815 0.157136187352572
"mb90" 0.796701874288081 0.204192165967856 0.627319628178746 0.151012908427314 0.0940922398121069 0.0991560754522944
"mb91" 0.803239604515812 0.205889614858162 0.774864921745756 0.164821481852531 0.0778807023628927 0.0720295854728635
"mb92" 0.835546810952615 0.21804852939634 0.733890325745219 0.162547184775033 0.078956546885397 0.0853775537527719
"mb93" 0.648570603522957 0.15649162673627 0.459126267748234 0.109691852453075 0.0653876943256172 0.062238392638763
"mb94" 0.802565588222467 0.216877646625366 0.455174415147929 0.15732751149865 0.108728432872772 0.148787436512714
"mb95" 0.688810653604776 0.184068006981836 0.654120154967177 0.13416016799784 0.0645132952693597 0.0473624367203875
"mb96" 0.653110654425109 0.164425886519329 0.200335921963234 0.116244524403874 0.0681465422482647 0.0912092439297755
"mb97" 0.647227093350932 0.172380451284531 0.124394798080891 0.11686761870849 0.0704263173866794 0.118541879049325
"mb98" 0.677311211944536 0.173700893020429 0.431482378114655 0.125285477068952 0.0841416466784185 0.101833447736444
"mb99" 0.799910071942446 0.209701710050032 0.7033911490842 0.159746330467756 0.0774019416723362 0.0772909462501957
"mb100" 0.785440925006107 0.193949904197015 0.724855460999737 0.1487179948277 0.0709741531478868 0.0580772452707142
"mb101" 0.665134845819756 0.196952597826617 0.11520306879169 0.127410891112822 0.0588339306573282 0.15668552059967
"mb102" 0.636791337986203 0.170991520687086 0.185004092293438 0.113875962707369 0.0492209153768342 0.121829379688241
"mb103" 0.707240948813982 0.184471015356486 0.493345858673676 0.137245686290659 0.0782992374720736 0.0939386770235789
"mb104" 0.729079874875668 0.195376779658403 0.524567381827136 0.141363446264567 0.0890747363999274 0.105826017837575
"mb105" 0.635619524405507 0.168729113276919 0.192454779834839 0.113206415943664 0.0549602891612316 0.117400686566829
"mb106" 0.781954887218045 0.216569904196238 0.539555130853934 0.155892128633465 0.0953646252286681 0.112604524867497
"mb107" 0.738189204875218 0.1900515992286 0.533373412722589 0.139399544321875 0.0791075176665735 0.0830931694759874
"mb108" 0.670307622853166 0.201239650760836 0.128047327777862 0.129430488743494 0.0749156607074828 0.159921318526668
"mb109" 0.758055152394775 0.195887921921319 0.715939045247338 0.150484262020135 0.0698395917518131 0.0611627228502032
"mb110" 0.644173242796843 0.171075851141947 0.0994193615889193 0.11556616347697 0.0582567534556576 0.119769707440156
"mb111" 0.750801696493224 0.195500451668752 0.537169015096179 0.13783811777965 0.0839376883550789 0.0895581946392444
"mb112" 0.758582558431767 0.197148769404381 0.587393649580352 0.147142797221375 0.0881525784139068 0.0911830438596825
"mb113" 0.714526134517915 0.181817178683263 0.480975733038883 0.131450106879485 0.0894676712941459 0.110655648135063
"mb114" 0.676235446584729 0.184584605516483 0.231317613704106 0.127660302803498 0.0626916109882796 0.128482327061981
"mb115" 0.739446570135294 0.205388004522558 0.216739871151471 0.141395487976049 0.084757131272972 0.150756294861655
"mb116" 0.653373644303676 0.178035676465602 0.0772484271494043 0.121815663337114 0.0590569543833708 0.130998734087279
"mb117" 0.829114809117606 0.208039617802803 0.789876684261939 0.16222016350523 0.0803900591405782 0.0753503782593639
"tnt1" 0.628549126124868 0.165078707180775 0.0995841060601436 0.111319584526005 0.0594531268339527 0.107544449061205
"tnt2" 0.671387197208528 0.181899938253418 0.19559982290961 0.12283929653405 0.0635435309757405 0.133350303230602
"tnt3" 0.679291448837897 0.183196513199114 0.203378648734002 0.125911874789287 0.0667540459747022 0.132720126339284
"ufb1" 0.716965851214828 0.192331767813654 0.359302955778562 0.139977930313539 0.0858685175702005 0.114011267975383
"ufb2" 0.698893195494898 0.186891530857535 0.325729982580562 0.133969877629419 0.0842244936045387 0.116010294372956
"ufb3" 0.70109123483265 0.193250531842764 0.321903372423298 0.137232959313876 0.0922742287674339 0.129067138682199
"ufb4" 0.674714485421527 0.20530947793081 0.111034704566155 0.131394404851164 0.065713040400717 0.166234226393525
"ufb5" 0.64758011507397 0.173673445427327 0.157509976798518 0.118563317708572 0.0608022120703588 0.12637193354083
"ufb6" 0.650875120372485 0.175230330312302 0.245836030232775 0.115834550442232 0.0729537143190267 0.118460790624533
"ufb7" 0.647673828455422 0.162106783949743 0.548356049587347 0.116890695421374 0.0660505946732363 0.0503858043405946
"ufb8" 0.644998819045917 0.172981385342953 0.23181036513405 0.116837718041858 0.0722098005188878 0.115991699183794
"ufb9" 0.64759621032555 0.168173507178016 0.302899638815937 0.114654497415107 0.0717332392095725 0.095285247430752
"ufb10" 0.670653839199901 0.177785756416592 0.326493001277226 0.122804802845979 0.0729508100421924 0.0971315347409826
"ufb11" 0.705795677799607 0.146704345845158 0.777573817420393 0.114272271048085 0.0534124438385528 0.00373866978267133
"ufb12" 0.825604129193712 0.210479909694427 0.746565188509733 0.159129351617753 0.0761887116869001 0.0765247927737111
"ufb13" 0.749094567404427 0.187761880722001 0.53045281139813 0.13872294210686 0.0809750064871553 0.0975948632327291
"ufb14" 0.767265996068246 0.205870782380723 0.505657608060307 0.15225721071654 0.0978747821323249 0.117323213041827
"ufb15" 0.671443859286312 0.192748183575359 0.159889804211031 0.126660120485528 0.0775401844043986 0.144932398655432
"ufb16" 0.666513824901563 0.193171722245332 0.16602204657581 0.127282080502298 0.0768507799969281 0.147003353938415
"ufb17" 0.69467680608365 0.193525132719567 0.607241502925679 0.14032847378274 0.0653244648697851 0.0558721914454138
"ufb18" 0.733620362162847 0.196919033192599 0.525347818685776 0.146498447260795 0.0909887870973938 0.0905002835690491
"ufb19" 0.679936667891321 0.179221937899142 0.319872923670593 0.126799335131747 0.0641634813730947 0.0996301630610852
"ufb20" 0.636733166438692 0.170524947484851 0.298869132200351 0.117438885821986 0.0629174398181922 0.0981640466636265
"ufb21" 0.608789665119779 0.157759172238633 0.258562402824272 0.108875920097977 0.0608923539678441 0.090713274894733
"ufb22" 0.640656694037477 0.160767475219528 0.266499820478962 0.109348180383508 0.0640246636086402 0.0937100045183115
"ufb23" 0.649280443174748 0.16383897984833 0.290466983275232 0.11312677547179 0.0662603756552293 0.0905709099403969
"ufb24" 0.78981476087843 0.20150345313132 0.499481109151613 0.146552898875412 0.0904483841492735 0.112910765357321
"ufb25" 0.643118828296226 0.159184166988123 0.2672472094663 0.108017939955567 0.0642159044968076 0.0971323690149978
"ufb26" 0.733521515870394 0.191250367938308 0.514945358789913 0.13895372772607 0.0761531711398243 0.0841370019701377
"ufb27" 0.742894276740264 0.188325132228884 0.476164611819079 0.136140048567204 0.0869450091957947 0.0980803582221895
"ufb28" 0.690559451944179 0.177062287473043 0.406921848445238 0.124151007654463 0.085646378784684 0.105487199798864
"ufb29" 0.674692804886711 0.155250846167561 0.635978274703882 0.116284473291169 0.0697721801143225 0.0430889000645061
"ufb30" 0.663475175888231 0.189379240227118 0.159396279181372 0.12938614134473 0.078527159402208 0.14135799348767
"ufb31" 0.748044222983494 0.208595066837736 0.245730181525233 0.145956546682897 0.0853245847594941 0.154272317683389
"ufb32" 0.67087265127059 0.198659213414126 0.110930890824993 0.128517689677764 0.0688610844312751 0.157218563365239
"ufb33" 0.699839573646573 0.203260576083053 0.432703180816954 0.140333060023649 0.0765096148610996 0.0962846396490943
"ufb34" 0.803903836008742 0.197199468592363 0.74054477893043 0.154414254828447 0.0714176329500486 0.0626940130012476
"ufb35" 0.650546459994867 0.18032859131976 0.230809663297498 0.120807776788761 0.0730503974275512 0.114834118871164
"ufb36" 0.600380691661142 0.16806657373163 0.318612299347237 0.111506149532889 0.0581679688334953 0.0873635442146074
"ufb37" 0.628553223963107 0.167128315149025 0.184958643593982 0.112487265136982 0.0501011380824882 0.119467607089689
"ufb38" 0.657653637390259 0.166817784656951 0.394502232435962 0.119721541626115 0.0734909755132784 0.0861454642951105
"ufb39" 0.660166746601668 0.164805018484202 0.382082097086775 0.117413065682619 0.0726151734226717 0.0921638536462623
"ufb40" 0.670916907872711 0.201003101079771 0.0998125380238798 0.130107266436791 0.0626882851071607 0.162086014074275
"ufb41" 0.760739812836195 0.213480409750679 0.619917175197895 0.158934261722579 0.0740267983320657 0.0792335294571191
"ufb42" 0.715606543445932 0.192643326570154 0.33862521051304 0.13892772101986 0.0852732725918809 0.114257584524486
"ufb43" 0.685952565939273 0.186945092912294 0.284824442994462 0.129985543041526 0.080300149656442 0.12226005149301
"ufb44" 0.717555478099222 0.201973319316537 0.419863721732472 0.13659615863156 0.0762464718881174 0.094437826295787
"ufb45" 0.605025750924614 0.150346996863624 0.560589483616818 0.110418113075925 0.0630099183150697 0.0375339399795398
"ufb46" 0.636628926356011 0.163134615069044 0.306588337371636 0.113905265610454 0.0727868970054246 0.101612227434336
"ufb47" 0.587202463696828 0.165016025057937 0.310117265508521 0.111599898693705 0.056323303977153 0.0838282443592341
"ufb48" 0.714818002050681 0.188389226838484 0.395749437664258 0.133125181487941 0.0702736013538771 0.109470334281451
"ufb49" 0.657923042459044 0.18788593290091 0.16014338212908 0.12323538595361 0.0703171632873411 0.142828414956082
"ufb50" 0.698228168504791 0.19111684497437 0.334629325987027 0.13565899818153 0.0870264062480757 0.120603942482737
"ufb51" 0.65899435448483 0.176498030041174 0.195697910368202 0.117179783617094 0.0603122231211427 0.129344514652702
"ufb52" 0.739646415315491 0.200441473364547 0.525347818685776 0.148625921588781 0.0925098504811271 0.0944894932128387
"ufb53" 0.658722644683918 0.173291911063329 0.234967313257882 0.119876696506578 0.0542691653062087 0.116505242177973
"ufb54" 0.633901075416961 0.176303830437374 0.135019967081554 0.116711992251148 0.0585269633056547 0.131819337954888
"ufb55" 0.665521969588441 0.169961224135081 0.356267964277 0.119990033050474 0.0805266102089499 0.108940696532768
"ufb56" 0.636606901251766 0.171239020563055 0.25789901536364 0.117558405522072 0.0596915986637382 0.105278897559095
"ufb57" 0.64101850058117 0.171079945134733 0.26115741082918 0.117109154480084 0.0631233446077301 0.110042072406815
"ufb58" 0.665579327804927 0.196969224485427 0.11520851463824 0.127265967238185 0.0594621588269627 0.157153487667616
"ufb59" 0.654185732427584 0.179294922924504 0.298908489832825 0.124544282637092 0.0706681585766368 0.113872716384213
"ufb60" 0.662271875368435 0.18199408219648 0.289994160203028 0.124351392413303 0.0732898765053982 0.121680540454068
"ufb61" 0.63953303052036 0.172429686073183 0.223997176464766 0.114102348085701 0.0663853363130026 0.11861751064259
"ufb62" 0.86040092969204 0.205624388500788 0.82690710721555 0.166292308561592 0.0793046017309535 0.0725304886402276
"ufb63" 0.620770821909342 0.177686754229745 0.085397093047175 0.114384718693426 0.0545926820920362 0.135837057543113
"ufb64" 0.774189972005876 0.21519308226184 0.360916168745434 0.152407192359523 0.111708944795502 0.152892272619899
"ufb65" 0.736702053163777 0.187523384703642 0.505793269895056 0.137891579725246 0.0797810883412284 0.0973298916351667
"ufb66" 0.662813419772781 0.169075604103967 0.357383101075886 0.118343598689535 0.0780529559035162 0.103097149174142
"ufb67" 0.676734415370343 0.173974461731747 0.357337595630591 0.123263606856697 0.0780152448773456 0.113341209181955
"ufb68" 0.640756827296165 0.176411751062834 0.12327718083536 0.119139214700316 0.0593907814077713 0.131875467320728
"ufb69" 0.621564903753188 0.161273677879092 0.179604970658555 0.108738158181986 0.0480249836421597 0.111590325992704
"ufb70" 0.677502154263608 0.188720181217351 0.369319925565415 0.131327184663634 0.0836587548977398 0.10989861829734
"ufb71" 0.635469415833827 0.17858627563432 0.0978532344485665 0.114151288323268 0.0488168299339297 0.137384395837111
"ufb72" 0.754459513860933 0.191510469069784 0.542821795639615 0.141212369079643 0.0822981852454227 0.101759584513813
"ufb73" 0.760879644962575 0.194707704024586 0.468494067170742 0.141691304495629 0.0995598352927252 0.11663643827935
"ufb74" 0.56100340914873 0.165456379080151 0.25678535561254 0.103571255144565 0.0512039617286006 0.0845001434659193
"ufb75" 0.648490939911 0.17107519107245 0.218315386344546 0.117920977213743 0.0556570339995211 0.117278468532147
"ufb76" 0.614798669876794 0.174428241184338 0.101367923834658 0.112076008072891 0.0496542691748552 0.131698581588303
"ufb77" 0.545536700471935 0.140575542263338 0.653996948074557 0.10481587246212 0.0479574089573304 -0.00341698603173949
"ufb78" 0.653788850278749 0.188531830982386 0.0993250144109223 0.120662517699585 0.0584583289066122 0.148282360227853
"ufb79" 0.68920282542886 0.153297299352848 0.74345441571731 0.119850044750042 0.0542370482744068 0.0114362416613633
"ufb80" 0.537282842084716 0.149489910961459 0.62798676829051 0.115787336475275 0.0500036238463807 0.00699094324106864
"ufb81" 0.665850477948947 0.182056474805053 0.281260993798834 0.123759333621788 0.0776775563008604 0.121734825397055
"ufb82" 0.66842524010684 0.175022051860195 0.351727877069675 0.122631663160173 0.0700656621376781 0.0940967275593542
"ufb83" 0.640227430993977 0.170941022110404 0.218911766011028 0.116878828242335 0.0696114647698975 0.109756874305371
"ufb84" 0.734207886410989 0.190280563816233 0.486901852120165 0.137542869331975 0.0808466405745716 0.099761873138337
"ufb85" 0.63798780027805 0.169633645802975 0.207225796618886 0.113439718031202 0.0585957108044808 0.115616387496899
"ufb86" 0.793142069440855 0.177650455412069 0.799777147221604 0.137988308289712 0.0669841952722634 0.0383987053514738
"ufb87" 0.658836565096953 0.150489676740076 0.759302495074268 0.114784364178674 0.0528887887434607 0.00722684965061752
"ufb88" 0.641622980677241 0.179625208779771 0.135177830201117 0.118360231609743 0.0564285831910738 0.135323389108506
"ufb89" 0.733955226132776 0.205930385569107 0.221267578091005 0.143808607938252 0.0881442537094693 0.151424730286599
"ufb90" 0.787590171325518 0.191354954252899 0.637118004224542 0.144226192535692 0.0831638017045748 0.0845557783619195
"ufb91" 0.815755041670222 0.205221518576892 0.61554433754307 0.155269778188084 0.101415896282091 0.117041347816816
"ufb92" 0.809868961331096 0.210440915651779 0.566350514143057 0.15647657161904 0.110353016390091 0.134024191011706
"ufb93" 0.712121651818103 0.197701735663917 0.471283594553956 0.139655952804856 0.0797209737908562 0.0917535512303094
"ufb94" 0.64065876026312 0.172238764468462 0.209119987796065 0.116274799095183 0.0511736086095285 0.121062792220399
"ufb95" 0.637039524497129 0.161573685563441 0.290466983275232 0.112826819421775 0.0616164209079503 0.0881071207053405
"ufb96" 0.58543934681182 0.145686294156004 0.678785415401108 0.109708186739967 0.0505229110645448 0.00255004831820278
"ufb97" 0.694925783037991 0.152891642924968 0.64165044234767 0.11275947622714 0.0693928856198406 0.0413383530775821
"ufb98" 0.743530997304582 0.201474565793007 0.670557416498631 0.152152807889597 0.0719742747433287 0.0676853826433914
"ufb99" 0.803415672718115 0.220947153700688 0.607186667811023 0.167402225627931 0.104798161658173 0.118355900475735
"ufb100" 0.634364639079283 0.169224331364373 0.145057552095538 0.115612409354366 0.0587022278759556 0.121668138298179
"ufb101" 0.65120345667556 0.187511414585721 0.140329443610318 0.123233993064107 0.0640936693447433 0.144629903325136
"ufb102" 0.59345703125 0.181309109788099 0.637354322177065 0.13181543381244 0.0605305621944524 0.0439954292127193
"ufb103" 0.690845937105289 0.183349248485861 0.309676964765504 0.130581046664073 0.0759961695417236 0.104157703612606
"ufb104" 0.623223318700042 0.152792632935156 0.242293420318684 0.103081689476412 0.0546185229590453 0.090269142869396
"ufb105" 0.648612097414261 0.164820377305063 0.356075474814997 0.117168435535985 0.0773607881643697 0.0983873532665634
"ufb106" 0.538680213936524 0.157630126779652 0.219454605486261 0.100274205955099 0.0599187959391514 0.084096640644246
"ufb107" 0.649555634411318 0.17239201841554 0.151402853496598 0.118354683239895 0.0594647205793375 0.123292540613987
"ufb108" 0.682555977376617 0.175410376218935 0.419060009510703 0.125684208890202 0.0838744616902913 0.109934925507716
"ufb109" 0.792274859287054 0.217256890761633 0.411002558848773 0.156643086071487 0.112074127240636 0.155044545062972
"ufb110" 0.661226511630938 0.192845928826997 0.123347821509575 0.124465412610833 0.061568136650294 0.151104649762038
"ufb111" 0.637141127955891 0.180978927953623 0.0868963909842771 0.114904884056985 0.0437010481417129 0.140352813152243
"ufb112" 0.630078056566679 0.170900211006553 0.206434871437219 0.114996786549244 0.0627617061437502 0.109713051361979
"ufb113" 0.57193729929096 0.168468982954743 0.241043095464207 0.111335544571459 0.0592622340259621 0.0874404228456152
"ufb114" 0.744758756005994 0.189452924242533 0.493377486957353 0.136558405311724 0.0901734562457618 0.0993335419899004
"ufb115" 0.633371887773022 0.185172027677711 0.0861271807809911 0.121187394931847 0.056051578642241 0.145339034077791
"ufb116" 0.639554022437615 0.168014111697501 0.219347947375955 0.11489644335741 0.069770586677996 0.110682131711935
"ufb117" 0.637368948050418 0.179654689155971 0.109838061330128 0.118303715960042 0.0630939666186665 0.13791612461618
"ufb118" 0.666850404284416 0.19782914830262 0.128061009945535 0.126268010606917 0.0678166404232332 0.157031848291783
"ufb119" 0.733930638747672 0.199381951812093 0.258133517787634 0.138282032156757 0.0768316129320431 0.144426806124067
"ufb120" 0.618532928112768 0.143797145448509 0.440970736519748 0.101031103175405 0.0625601455994702 0.0604649489346573
"ufb121" 0.647575600483843 0.173466362455495 0.207489900237366 0.116616660977549 0.0593413587440247 0.122308179115509
"ufb122" 0.659355573482655 0.178851757078823 0.314006507023542 0.122941853364261 0.0716247858139677 0.0983021035913575
"ufb123" 0.663785669113279 0.177742973808158 0.313919211261849 0.121410284327899 0.0710710815421221 0.0970845554186
"ufb124" 0.772624698467045 0.197323774411554 0.687178773128762 0.148450244210471 0.0700468175049549 0.0628391456761619
"ufb125" 0.669068446365094 0.172465055894829 0.307530633302085 0.12500014304585 0.0645303134859536 0.0922180585844291
"ufb126" 0.696858772871937 0.178736254054701 0.406884884760868 0.125821735709773 0.0867986209785734 0.113524890283248
"ufb127" 0.6403018106773 0.166754312946662 0.357474513774955 0.116894138436767 0.0658008448798015 0.0860758469781911
"ufb128" 0.625876707837592 0.169032199765867 0.134147571586928 0.10927411041722 0.0453491397328092 0.124130372254531
"ufb129" 0.66670363333013 0.195035724722466 0.11094765658312 0.125030693521788 0.0621686854175083 0.154105661020826
"ufb130" 0.667281176646674 0.189957755008279 0.147506843790904 0.125718644865564 0.0685860044891258 0.143650715505216
"ufb131" 0.685554684167802 0.183444896867388 0.220461209031042 0.126746006357944 0.0661245713114293 0.13046150165421
"ufb132" 0.655367252260309 0.184237745670991 0.13480814522747 0.124440019928554 0.0717240991449093 0.137598834543455
"ufb133" 0.670780471374656 0.17970990557632 0.323841264651125 0.128500187203164 0.066847045457011 0.0999945756022282
"ufb134" 0.51331597917501 0.144508590215056 0.640760292291355 0.108008862369692 0.048269768457386 -0.00170365173870692
"ufb135" 0.647485252374923 0.176819533645035 0.123366650874269 0.120675746764504 0.0645551188113118 0.13232285746537
"ufb136" 0.553370609528804 0.146444100985604 0.171732870631515 0.0964802636871488 0.0509950852163998 0.0975985225253125
"ufb137" 0.614150117954568 0.165510200321978 0.122248062655154 0.108175243927927 0.0548513960053297 0.116040116817469
"ufb138" 0.599013036097628 0.156306547337797 0.122249926573292 0.100937112326481 0.0476919808412936 0.108041263912723
"ufb139" 0.560294375328544 0.142231658049022 0.560525498300633 0.104179384275684 0.0608148416875098 0.0279406704913826
"ufb140" 0.716891568301547 0.184068364885329 0.456395759909014 0.132525331579226 0.0784337295733312 0.0934913280936648
"ufb141" 0.639598113279902 0.191498960065689 0.0872081450150738 0.123766166229659 0.0623065627564723 0.152116092598307
"ufb142" 0.608435017877283 0.171077771092747 0.109861941782049 0.109491665790638 0.0461736664386174 0.127299968669861
"ufb143" 0.639570951625506 0.172620717277496 0.145057552095538 0.116799765123819 0.0603407403929872 0.125258943944944
"ufb144" 0.663577569208928 0.181648328366073 0.297509579168269 0.123642975353974 0.0712585198105935 0.116401655282114
"ufb145" 0.638806004941955 0.171261908447783 0.231388660584836 0.116311095866655 0.0716574940332275 0.110101441897784
"ufb146" 0.735724350589856 0.198164202762768 0.258133517787634 0.136435056515839 0.072456786120845 0.143125469680517
"ufb147" 0.643101482326112 0.143738095628936 0.743374576051342 0.108250490124096 0.0500665630482378 -0.00205062804840429
"ufb148" 0.624944525116136 0.178216515292785 0.0744872344870073 0.115340077571779 0.0542256966507396 0.136979133092654
"ufb149" 0.692545985682643 0.177027146271473 0.474414041784408 0.125161792378783 0.068067738277268 0.0849995574492333
"ufb150" 0.493217150212892 0.152938229146749 0.597103589031259 0.110222564126561 0.0497884573700257 0.00766319911364322
"ufb151" 0.764051037855528 0.211686003050488 0.337339537151728 0.148220505086275 0.107119177129547 0.149015043859501
"ufb152" 0.477807322560851 0.136757088016431 0.624675202063964 0.0999014349759607 0.0447347805832316 -0.0089664133526402
"ufb153" 0.638732366745545 0.177935522202459 0.110528917233861 0.113108647643336 0.0524071966994628 0.136695065135147
"ufb154" 0.662325258313797 0.177455125645262 0.409948976727631 0.127401001627572 0.0677988423942793 0.0856088573357906
"ufb155" 0.625545075590218 0.16586161108551 0.380420662840499 0.116481865367432 0.0745275796715234 0.0847326037917621
"ufb156" 0.642734198195901 0.172918339927528 0.261136739488162 0.114083907377994 0.068556800201866 0.111994867568037
"ufb157" 0.626348727710722 0.162051301726661 0.282824708529003 0.107850150294621 0.0565469798321195 0.100308987012324
"ufb158" 0.743579856558957 0.207027994006501 0.619917175197895 0.15424921633465 0.0708816212761443 0.0716797849033964
"ufb159" 0.738488783943329 0.185636450202913 0.488728949308202 0.135289993840827 0.0911982339683429 0.0950427610002558
"ufb160" 0.695735307901397 0.173525757633045 0.443987043001315 0.122362397895179 0.0790369516922485 0.0935029323455596
"ufb161" 0.65252645645971 0.152760845173357 0.55073027693504 0.111663560018628 0.0758634997885939 0.0581571862574329
"ufb162" 0.650699386114517 0.185749861094046 0.111905866920643 0.118626552051573 0.0552731673487873 0.145361866822023
"ufb163" 0.618416030868455 0.157845747825079 0.270467178057068 0.103178776858703 0.0576105242874516 0.0998938233744595
"ufb164" 0.627067527449225 0.14477466520277 0.440884048859929 0.10034237334915 0.0632037841660194 0.0615376083720267
"ufb165" 0.643724570852869 0.174213790571478 0.231388660584836 0.116580739900595 0.0728013345644901 0.113271171481041
"ufb166" 0.635749067965204 0.167102193934558 0.194774063436974 0.112000644688901 0.0598232138428039 0.112920258809902
"ufb167" 0.615430536240149 0.160662122467137 0.220727533511259 0.104675123151045 0.0567707786213653 0.102948161351117
"ufb168" 0.678464314235854 0.179254413841916 0.296977527867614 0.128536874326725 0.0741499318152707 0.10777890319649
"ufb169" 0.605641827844482 0.17270209517033 0.297712665702367 0.115895624142327 0.055939881876978 0.0922863748551831
"ufb170" 0.552009081992787 0.150044772555179 0.184148495497646 0.0979650891798623 0.0525601111422906 0.0974789638917586
"ufb171" 0.664218451734684 0.198465032868515 0.123470050422231 0.127380134439818 0.0635517696297768 0.158266277104033
"ufb172" 0.607362212218938 0.168932620494006 0.0977724885298709 0.109314014688872 0.0430952166360353 0.125909101069235
"ufb173" 0.666196258910032 0.168701698365472 0.431529951096969 0.122913090439626 0.0758705165529236 0.0882117867101891
"ufb174" 0.636496350364964 0.165288118925218 0.367767585509026 0.114377262191625 0.0710214655601132 0.0841033332974745
"ufb175" 0.661398045321895 0.175421230917758 0.203471989241997 0.11894579562434 0.0638481982839435 0.12654134528908
"ufb176" 0.634248178146304 0.16592979043377 0.194774063436974 0.111918389747426 0.059915100045858 0.111671587740684
"ufb177" 0.707318646582589 0.183167028239843 0.388373580674884 0.128876590632591 0.081086123120747 0.0923487586781206
"ufb178" 0.819594490809482 0.204174211109525 0.674608393768415 0.155118832827003 0.0942173036318334 0.0993741767872799
"ufb179" 0.643949031342209 0.173337718491095 0.147504715382581 0.117025057629074 0.0591681887483592 0.126049467355759
"ufb180" 0.644031861695469 0.179616141326269 0.109782098382194 0.115512274448505 0.0589063502381942 0.137161233144627
"ufb181" 0.640896293772109 0.171189580032124 0.151402853496598 0.116323677454786 0.0594738158374707 0.122018765198997
"ufb182" 0.599642883738097 0.166611691564968 0.122208554603082 0.106515560649479 0.0466059254187554 0.121556533027784
"ufb183" 0.794450785845992 0.184919121712894 0.749829356407026 0.142589221978527 0.0672895107292682 0.0468982041002013
"ufb184" 0.753007994401227 0.188663868486194 0.567450926740906 0.141777093685257 0.0823144438617375 0.081821321264812
"ufb185" 0.698821732489636 0.189056493599024 0.198939711533965 0.130276993925582 0.0690107501201134 0.136437215205726
"ufb186" 0.689260272325588 0.176334189725852 0.480915970442102 0.127293796713309 0.0705486617113347 0.08449320990902
"ufb187" 0.617643095374457 0.164723356766035 0.146448733826635 0.106839010866335 0.0496699441714382 0.11836585477482
"ufb188" 0.582258487306847 0.152818846123903 0.193961415407344 0.0994064925318885 0.0539572184404436 0.0943405404238036
"ufb189" 0.609785522788204 0.150989714290047 0.560660969941756 0.110362521921329 0.0636773588178262 0.0382619944992474
"ufb190" 0.581284604578134 0.172119318964091 0.254006758426627 0.112584554736132 0.0589843498711864 0.0918094324652391
"ufb191" 0.650640375594958 0.193449754688493 0.0858861855679214 0.122415477624493 0.0476795524328175 0.154211112810231
"ufb192" 0.66178389643787 0.198276964652962 0.0858557641223512 0.126091321810584 0.0501334777573868 0.159226153155648
"ufb193" 0.665822111034226 0.168594094970654 0.416857712811898 0.118482727416266 0.0672512378039071 0.0874640530714137
"ufb194" 0.758250820005046 0.206988545982862 0.350057550348191 0.145875679262217 0.100146577553904 0.137918513578257
"ufb195" 0.520172933152284 0.145284399213376 0.231603419450668 0.0952284585329488 0.0512827621304271 0.0705301859175814
"ufb196" 0.649411420881645 0.184882797268537 0.0889161619001247 0.118471321034424 0.0526675811310944 0.14445708372704
"ufb197" 0.656659143819281 0.185322015453839 0.135463337785496 0.125498490498706 0.071937371856261 0.138745094399725
"ufb198" 0.621487606727895 0.163584265532301 0.144728487952178 0.110776136842918 0.0588926439759313 0.113945594267273
"ufb199" 0.617850844190832 0.160162148298928 0.156797599205019 0.108846583644841 0.0629457070942887 0.108162116029744
"ufb200" 0.670579756650552 0.202393981232175 0.0998125380238798 0.129555103131609 0.0657468978071852 0.163544471043557
"ufb201" 0.647840890666378 0.185536030393077 0.0749017486489763 0.120282592858192 0.0522261879118478 0.145912437018672
"ufb202" 0.656589601621411 0.170543219009521 0.30673896255388 0.119282013871673 0.0775473752717602 0.113605119072015
"ufb203" 0.655955299680399 0.191643770193227 0.088225692145802 0.121957605096643 0.0513920662996343 0.151889211512889
"ufb204" 0.65206614163346 0.147294761384157 0.629143139189696 0.110029495748778 0.0685045073610561 0.0350044341276258
"ufb205" 0.656643215341942 0.183971300982905 0.16602204657581 0.1211468313236 0.0630774452794287 0.137322038633131
"ufb206" 0.534243857044128 0.140169935201793 0.159429109416102 0.0912330986367855 0.0441954317616539 0.0891865235230832
"ufb207" 0.590244139714556 0.148192382992176 0.21714942415569 0.100064821520813 0.0525945705536482 0.085414996080664
"ufb208" 0.719175876654387 0.198180996946056 0.203908421374645 0.135642558715282 0.0797784551423961 0.146124168938685
"ufb209" 0.674913285868756 0.202329024613586 0.115182829347187 0.129221768323807 0.0687049746017469 0.162324370781895
"ufb210" 0.654914707763477 0.191549592351722 0.0997619244282517 0.120927790247776 0.0560409285730162 0.151790013224691
"ufb211" 0.846488556261422 0.184995220608335 0.837330495229699 0.147107893318485 0.0715393587123744 0.0469871891271386
"ufb212" 0.773170045764835 0.204764599780414 0.431423138202233 0.147306525973932 0.109509775874908 0.135523174498351
"ufb213" 0.769801414114463 0.210134543068889 0.369388924127153 0.147086305851813 0.107918511678988 0.147356113872823
"ufb214" 0.638075035677772 0.183460018003099 0.0990866080817933 0.120100209035619 0.0614871628588039 0.142486588134163
"ufb215" 0.668049946687372 0.179935978223161 0.244359817089813 0.126706191089183 0.0679954750678224 0.119525893111458
"ufb216" 0.619972719164787 0.156477300063958 0.266499820478962 0.105877161387241 0.0593771207709108 0.0890770300951932
"ufb217" 0.698884066955983 0.180032163021004 0.40832478901452 0.129265708358815 0.0811568379141799 0.0888150261563206
"ufb218" 0.790530934620448 0.207401838153805 0.461943428403168 0.151526311622876 0.0984509284973658 0.130659042096479
"ufb219" 0.642556830328511 0.163452580681004 0.368221588743297 0.113195505288752 0.0750255478455248 0.0905430656222699
"ufb220" 0.636916422846966 0.169163198222512 0.233434344832765 0.111439495666722 0.0681866504954308 0.115189236946966
"ufb221" 0.64061119460052 0.181207159070521 0.147757483339475 0.118878671933222 0.0632747728241097 0.136974866572122
"ufb222" 0.675130436227773 0.207391029064376 0.0994956036395675 0.133425063625493 0.0731433272647949 0.168782417565493
"ufb223" 0.636043078195272 0.171245222859294 0.231388660584836 0.115559075585587 0.0709273883498762 0.110083524921012
"ufb224" 0.623180390542076 0.17206549569222 0.0868403358044419 0.108932220030074 0.0404873734162327 0.130528410453972
"ufb225" 0.622129644974831 0.170983830901657 0.110229586288501 0.108758226758272 0.0513898653046765 0.128813030286646
"ufb226" 0.629294837385215 0.16407960389851 0.15718880076333 0.112518873657948 0.059483829199634 0.11447032942423
"ufb227" 0.609796196037303 0.161988120660037 0.236223046836508 0.108256993034668 0.0650686650700941 0.0882801899064739
"ufb228" 0.743666809789609 0.197279507321939 0.683233088770848 0.149611073540508 0.0715963167129385 0.0627874618437537
