0.684657 NaN NaN NaN NaN
1 NaN 1 NaN NaN
NaN NaN NaN NaN NaN
NaN NaN 0.2537769 NaN 0.6513428
0.6511195 0.3785236 0.3580216 NaN 0.4507448
0.2513512 0.522424 0.7490779 0.1423845 0.771544
0.6495696 1 0.3359914 0.5501277 0.4283457
0.6081373 0.3965103 0.480835 0.5102862 0.3891348
0.5496104 0.6345083 0.6757263 0.582304 0.6751301
0.3729498 0.5479608 0.2938705 0.3257709 0.5873387
0.1426729 0.2661754 0.2826175 0.4058253 0.4305332
0.3361299 0.4889255 0.2891029 0.1458445 0.3078277
0.1848058 0.6328769 0.4356627 0.3073356 0.2520731
0.2729294 0.2928835 0.3144343 0.273434 0.262494
0.2163603 0.1975089 0.4775814 0.1673782 0.2484086
0.2265096 0.2091628 0.2145206 0.1976186 0.207885
0.170458 0.163229 0.1429038 0.1685022 0.178465
0.1539024 0.1855095 0.2221501 0.1211111 0.2204973
0.2029393 0.2107256 0.1657193 0.1289206 0.2325159
0.1260359
