"ci" "cci" "ri" "rc" "rhi" "rhiBar" "rci"
"1" 1 NA NA NA NA NA NA
"2" NA NA NA NA NA NA NA
"3" NA NA NA NA NA NA NA
"4" 1 NA NA NA NA NA NA
"5" 0.5 0 0 0 1 1.01386748844376 -0.0140209994187811
"6" 1 1 1 1 0 0 1
"7" NA NA NA NA NA NA NA
"8" 1 1 1 1 0 0 1
"9" 1 1 1 1 0 0 1
"10" NA NA NA NA NA NA NA
"11" NA NA NA NA NA NA NA
"12" 1 NA NA NA NA NA NA
"13" NA NA NA NA NA NA NA
"14" 1 1 1 1 0 0 1
"15" 1 1 1 1 0 0 1
"16" 1 1 1 1 0 0 1
"17" 0.375 0.173265749565302 0.166666666666667 0.0625 0.833333333333333 0.864453665283541 0.140910055734234
"18" 0.666666666666667 0.504190140312106 0.5 0.333333333333333 0.5 0.510464522715671 0.493637444311536
"19" 0.5 0.890882901991866 0.869565217391304 0.434782608695652 0.166666666666667 0.170502983802217 0.849465527499065
"20" 1 1 1 1 0 0 1
"21" 1 NA NA NA NA NA NA
"22" 1 1 1 1 0 0 1
"23" 0.5 0.76774644414557 0.75 0.375 0.25 0.263759451380341 0.753629438332352
"24" 1 NA NA NA NA NA NA
"25" 1 1 1 1 0 0 1
"26" 0.666666666666667 0.960881292853868 0.952380952380952 0.634920634920635 0.0666666666666667 0.0650068257167003 0.943166368740332
"27" 0.5 0.33899968758977 0.333333333333333 0.166666666666667 0.666666666666667 0.681663258350375 0.32374713345459
"28" 0.375 0.640246072374009 0.615384615384615 0.230769230769231 0.416666666666667 0.407398354110649 0.616490354610968
"29" 1 NA NA NA NA NA NA
"30" 0.5 0.881973058037881 0.866666666666667 0.433333333333333 0.153846153846154 0.152730049637266 0.862135637460592
"31" 1 1 1 1 0 0 1
"32" 0.75 0.755668454103621 0.75 0.5625 0.25 0.259067357512953 0.746530521422128
"33" 0.3 0.647001472972135 0.611111111111111 0.183333333333333 0.4375 0.430292598967298 0.60297745095128
"34" 1 1 1 1 0 0 1
"35" 0.428571428571429 0.803041362863677 0.777777777777778 0.333333333333333 0.25 0.250501002004008 0.773686108788157
"36" 0.666666666666667 0.504190140312106 0.5 0.333333333333333 0.5 0.510464522715671 0.493637444311536
"37" 0.5 0.884734752142669 0.863636363636364 0.431818181818182 0.176470588235294 0.171772115659891 0.848157516487523
"38" 0.375 0.780986044541489 0.75 0.28125 0.3125 0.322102686336404 0.70549827705105
"39" 0.6 0.725280485996835 0.714285714285714 0.428571428571429 0.285714285714286 0.296779937676213 0.714036803007282
"40" 0.6 0.676900649426101 0.666666666666667 0.4 0.333333333333333 0.341471743213249 0.668633415897231
"41" 0.230769230769231 0.714423150266834 0.655172413793103 0.151193633952255 0.434782608695652 0.437368789363191 0.612312057938565
"42" 0.5 0.881973058037881 0.866666666666667 0.433333333333333 0.153846153846154 0.159197643874871 0.855528052167523
"43" 0.5 0.584758710028184 0.571428571428571 0.285714285714286 0.428571428571429 0.441241359023386 0.571786036353092
"44" 0.6 0.909011648452771 0.894736842105263 0.536842105263158 0.133333333333333 0.131639570854999 0.882047989054654
"45" 0.375 0.297058223466642 0.285714285714286 0.107142857142857 0.714285714285714 0.739535571660997 0.27079900561382
"46" 0.285714285714286 0.643339935828508 0.615384615384615 0.175824175824176 0.416666666666667 0.419991600167997 0.606258142481182
"47" 0.6 0.931543610404861 0.916666666666667 0.55 0.1 0.102658864592958 0.911680197128428
"48" 0.375 0.668907790690892 0.642857142857143 0.241071428571429 0.384615384615385 0.404073056408599 0.619956968534476
"49" 0.25 0.107531005795538 0.1 0.025 0.9 0.934967795553709 0.0699243796541577
"50" 0.5 0.639620207127108 0.625 0.3125 0.375 0.397983550013266 0.616080973981845
"51" 0.333333333333333 0.149736718705254 0.142857142857143 0.0476190476190476 0.857142857142857 0.881575080811049 0.124124829623747
"52" 0.3 0.62266887882664 0.588235294117647 0.176470588235294 0.466666666666667 0.481994078358466 0.548089528269295
"53" 0.428571428571429 0.714445948301536 0.692307692307692 0.296703296703297 0.333333333333333 0.328839197632358 0.692569245209167
"54" 0.333333333333333 0.798777151075226 0.76 0.253333333333333 0.285714285714286 0.287700791177176 0.748105976887273
"55" 0.230769230769231 0.615151539741471 0.565217391304348 0.130434782608696 0.526315789473684 0.526509766756173 0.514730033908717
"56" 0.25 0.674301997081266 0.625 0.15625 0.45 0.450067510126519 0.592693716164034
"57" 0.214285714285714 0.29217370867678 0.266666666666667 0.0571428571428571 0.785714285714286 0.799825492619792 0.219245269752222
"58" 0.375 0.833642178823843 0.8 0.3 0.238095238095238 0.242330247661513 0.78904021111881
"59" 0.333333333333333 0.679169202776514 0.647058823529412 0.215686274509804 0.4 0.397009197379739 0.632734670855631
"60" 0.375 0.640246072374009 0.615384615384615 0.230769230769231 0.416666666666667 0.411590385248601 0.612120472201636
"61" 0.428571428571429 0.343781132710934 0.333333333333333 0.142857142857143 0.666666666666667 0.691204423708312 0.318468674835207
"62" 0.333333333333333 0.750210366124014 0.714285714285714 0.238095238095238 0.333333333333333 0.343269065736026 0.689372099796133
"63" 0.333333333333333 0.349476769684445 0.333333333333333 0.111111111111111 0.666666666666667 0.693721817551162 0.321096435351347
"64" 0.375 0.79349035427118 0.761904761904762 0.285714285714286 0.263157894736842 0.270988022329413 0.758975379641958
"65" 0.285714285714286 0.522485397540943 0.5 0.142857142857143 0.5 0.532878610252585 0.488085900088718
"66" 0.214285714285714 0.668014145792328 0.607142857142857 0.130102040816327 0.523809523809524 0.518794510210819 0.528214414237518
"67" 0.272727272727273 0.775319376120112 0.724137931034483 0.197492163009404 0.347826086956522 0.355618776671408 0.688804428783424
"68" 0.333333333333333 0.776567831671908 0.739130434782609 0.246376811594203 0.352941176470588 0.354212173091682 0.677828803922056
"69" 0.166666666666667 0.53097835121799 0.464285714285714 0.0773809523809524 0.681818181818182 0.68546360188274 0.358641673807887
"70" 0.5 0.878010761990913 0.857142857142857 0.428571428571429 0.1875 0.18470631695604 0.834835965411436
"71" 0.166666666666667 0.572439384410403 0.5 0.0833333333333333 0.625 0.638841567291312 0.412107331682966
"72" 0.157894736842105 0.35064606489625 0.304347826086957 0.0480549199084668 0.8 0.815203546135426 0.21255894497129
"73" 0.2 0.666980234812419 0.6 0.12 0.521739130434783 0.515552500429627 0.537093621679153
"74" 0.157894736842105 0.495087355458449 0.428571428571429 0.0676691729323308 0.711111111111111 0.714477092078235 0.328857553858812
"75" 0.25 0.705816629921666 0.653846153846154 0.163461538461538 0.45 0.454591372865946 0.587788902156618
"76" 0.2 0.554484682059409 0.5 0.1 0.571428571428571 0.58331713007972 0.461519860338334
"77" 0.272727272727273 0.618375377607324 0.578947368421053 0.157894736842105 0.470588235294118 0.476587632550935 0.558796801771211
"78" 0.3 0.564353572571995 0.533333333333333 0.16 0.5 0.505451657159362 0.523209381375755
"79" 0.176470588235294 0.470952247285037 0.416666666666667 0.0735294117647059 0.7 0.688942473303479 0.351033628487023
"80" 0.214285714285714 0.68317601372206 0.620689655172414 0.133004926108374 0.478260869565217 0.487415809996455 0.562906991168845
"81" 0.15 0.431989610352652 0.37037037037037 0.0555555555555556 0.772727272727273 0.787656952230923 0.246924081507786
"82" 0.15 0.458492570019423 0.392857142857143 0.0589285714285714 0.772727272727273 0.760014306151645 0.279184440279687
"83" 0.230769230769231 0.7007566393113 0.642857142857143 0.148351648351648 0.434782608695652 0.44259537930424 0.606575345319465
"84" 0.157894736842105 0.470375451775045 0.407407407407407 0.064327485380117 0.761904761904762 0.75187969924812 0.285621654314184
"85" 0.157894736842105 0.470375451775045 0.407407407407407 0.064327485380117 0.727272727272727 0.722641253782575 0.31941416455862
"86" 0.176470588235294 0.522143060653367 0.461538461538462 0.081447963800905 0.666666666666667 0.68396111192535 0.356676816082007
"87" 0.142857142857143 0.329573803342784 0.28 0.04 0.857142857142857 0.841160801906631 0.186570527171622
"88" 0.176470588235294 0.296819724294683 0.263157894736842 0.0464396284829721 0.823529411764706 0.82135523613963 0.201342243945517
"89" 0.142857142857143 0.421165840552795 0.357142857142857 0.0510204081632653 0.782608695652174 0.796671682747632 0.238988531696392
"90" 0.15 0.403507649936841 0.346153846153846 0.0519230769230769 0.80952380952381 0.814956855225312 0.215097241664447
"91" 0.136363636363636 0.320434665395977 0.269230769230769 0.0367132867132867 0.904761904761905 0.923854906155791 0.090321331129267
"92" 0.136363636363636 0.35288328432311 0.296296296296296 0.0404040404040404 0.863636363636364 0.857052641075375 0.16972238771836
"93" 0.166666666666667 0.53097835121799 0.464285714285714 0.0773809523809524 0.652173913043478 0.658414537792994 0.389645374199136
"94" 0.15 0.458492570019423 0.392857142857143 0.0589285714285714 0.772727272727273 0.776858748800439 0.259521815645759
"95" 0.157894736842105 0.470375451775045 0.407407407407407 0.064327485380117 0.727272727272727 0.733911288473006 0.306383873052633
"96" 0.176470588235294 0.604540290114899 0.533333333333333 0.0941176470588235 0.608695652173913 0.609782656039026 0.440855983684332
