NaN NaN NaN 1 NaN
NaN NaN NaN NaN 1
1 NaN NaN NaN NaN
NaN 0.732855 0.6626974 NaN NaN
1 0.02645862 0.9851713 0.9898377 0.6089494
1 0.9118651 1 NaN 0.5921194
NaN 1 0.8914557 0.7117092 0.8547182
1 0.5415559 0.4077837 1 0.8876591
0.7051774 0.4579134 0.7178619 0.9904098 0.9489477
0.5284643 0.7092405 0.9795603 0.8235529 0.6255771
0.5704969 0.7985266 0.7924223 0.7132244 0.5559596
1 0.9170647 0.5450415 0.9156112 0.5871009
0.5282846 0.4744617 0.7433451 0.6307726 0.4569482
0.3909796 0.7244204 0.4154985 0.5403449 0.3811729
0.5817164 0.4739306 0.514803 0.6693146 0.4119327
0.4434359 0.5498708 0.4680753 0.5376498 0.5981891
0.3428966 0.3637734 0.4091296 0.3718338 0.7032772
0.4057323 0.3511768 0.3770868 0.4903642 0.3903664
0.3496288 0.4513564 0.4343643 0.3341194 0.4870716
0.5185058
