1 0.2537769 1 NaN NaN
1 0.5406358 1 NaN 1
NaN NaN NaN 1 NaN
NaN NaN 0.4009432 NaN NaN
0.3891348 0.4164416 1 NaN NaN
0.490787 NaN NaN 0.6129617 1
0.5696382 0.5864303 0.3230542 0.1446727 0.295643
0.5664751 0.5169996 0.2806254 0.6044457 0.5724017
0.6784564 0.5942188 0.302317 0.3766303 0.4265083
0.3442504 0.4836478 0.3303972 0.3806577 0.3025904
0.3930023 0.5159253 0.2531663 0.4019946 0.428342
0.2894461 0.6447527 0.2354852 0.3254234 0.4026023
0.316762 0.338549 0.2346628 0.5675813 0.2474514
0.1329085 0.2179267 0.186806 0.3484757 0.4065782
0.3582986 0.2358992 0.2214988 0.2712124 0.2766852
0.4225185 0.2979703 0.3116105 0.3351102 0.1698477
0.1796668 0.1384792 0.2590067 0.1941415 0.3203195
0.2758185 0.1508372 0.1833918 0.1861551 0.1402241
0.1531323 0.1543967 0.1658277 0.1351745 0.1488361
0.1453823
