"quartet" "cluster" "phylo" "mutual" "shared" "clusterNorm"
"mb49" 0.713350240865236 0.199751393607403 0.257443869585825 0.143011631341795 0.0866361206454896 0.115510139152952
"mb50" 0.717106842325444 0.206228438861339 0.289563248600596 0.142964764959156 0.0931332626026943 0.149992111058892
"mb51" 0.822151931023927 0.266019795716369 0.47499745517242 0.200031934840599 0.130648176664777 0.188530964627316
"mb52" 0.925238898257448 0.198957578134967 0.902406201812536 0.163560492526898 0.080926082401724 0.0720553798506736
"mb53" 0.917654368189639 0.280859284091165 0.865885113517302 0.236071496326194 0.118468238527032 0.166932062219328
"mb54" 0.921744812939062 0.26265816634252 0.876423130654164 0.215980850744485 0.107896826438648 0.14472393136408
"mb55" 0.836741221918752 0.228813456834144 0.64552152340593 0.17225376407693 0.106966269086691 0.131894548523355
"mb56" 0.718220963389662 0.218992978710691 0.10943903349094 0.148139252930406 0.0773263745901401 0.181769310184698
"mb57" 0.845736080593674 0.221075844366039 0.768080979333082 0.179765039704529 0.115685518918011 0.124115471347942
"mb58" 0.857833247313846 0.235591474353242 0.668699441194618 0.182215535863029 0.103451427075714 0.140164115360289
"mb59" 0.731514205090272 0.180146777321741 0.603128573618738 0.136940341095386 0.0817844406089017 0.0770974296987192
"mb60" 0.815273716816721 0.190943490987191 0.719212021981736 0.147289686585233 0.0923938994575418 0.0902322467162336
"mb61" 0.776917016806723 0.205007214327213 0.752830863739372 0.162179359818806 0.08025884490913 0.0779994356381961
"mb62" 0.707750780130818 0.211846665207508 0.0971148133893233 0.142009547175175 0.0760626098453918 0.174839772368788
"mb63" 0.800556039203572 0.209281428148711 0.546887101943711 0.156346464293928 0.0884984475908364 0.126052663088662
"mb64" 0.870076066286335 0.243156447744114 0.78457601916045 0.188921754397319 0.0934909560541741 0.122120050673324
"mb65" 0.798141314746481 0.205486815557103 0.740788423788374 0.162464005482438 0.0761064567673235 0.0787342971420486
"mb66" 0.717448203413528 0.21799417975981 0.0874202805096495 0.147650688424169 0.0756736565606282 0.181047736020356
"mb67" 0.766994265663835 0.208776777346465 0.314996098645829 0.147475328815227 0.0973501287998662 0.152828644241572
"mb68" 0.720053835800808 0.211637388109043 0.46414220049413 0.164574098595195 0.0763154990284566 0.0867439420650998
"mb69" 0.805664410402565 0.208628274414142 0.470400870286132 0.154028711665407 0.103102057058896 0.135332129108195
"mb70" 0.783594604447685 0.200326456322388 0.604833736994364 0.154858179959905 0.0901988190141191 0.100064700513538
"mb71" 0.773265554168583 0.209621662183839 0.326952114746781 0.148101542758516 0.0988165737171978 0.149299205830568
"mb72" 0.748727472829825 0.189107364521222 0.666482548559561 0.14455752925279 0.0664755349127509 0.0598028537800001
"mb73" 0.831435501490492 0.26825075164458 0.587107073323476 0.207039090077814 0.129776561739723 0.176859812343471
"mb74" 0.598985334040381 0.151073753722161 0.0980208860283825 0.100558824796832 0.0602558504940372 0.102732344204505
"mb75" 0.80872965667951 0.206932302693857 0.816966497416636 0.170339734344374 0.0844624729846018 0.0812934708051635
"mb76" 0.724268100421459 0.18726826546523 0.449869596281941 0.137095963095301 0.0945650637573286 0.119944638903826
"mb77" 0.682464501829405 0.193135643319399 0.0729441151006696 0.131466945855806 0.0699657754890381 0.155253088918287
"mb78" 0.71334810058256 0.215218033399206 0.134017554118469 0.145238990015988 0.0858415362193067 0.177387149547639
"mb79" 0.611041726921358 0.154333099365878 0.171438939844717 0.106327376548026 0.0592252105636715 0.084158409177602
"mb80" 0.654739230405772 0.179088507630901 0.0732656491429391 0.121014187933561 0.0668157530001511 0.139529922168024
"mb81" 0.746276009969281 0.195389174138865 0.522840039832539 0.144997290948305 0.0880401281916963 0.109885018626691
"mb82" 0.826508797895083 0.172580272361736 0.837320234750089 0.139205849122257 0.0670170369667998 0.0402792156112232
"mb83" 0.712695664748011 0.189186496928613 0.241438604059842 0.130442490449969 0.0759946247282552 0.140839119070395
"mb84" 0.767454959760354 0.196080117971471 0.555286746755356 0.148965000958904 0.097832425512305 0.122028268470854
"mb85" 0.799183100057235 0.201164996502492 0.534073200856118 0.153391643259243 0.0971042407921517 0.11661824969777
"mb86" 0.654009238208654 0.173913902429791 0.183750890574147 0.121609891118046 0.0681204164155412 0.0976901651893852
"mb87" 0.759551495016611 0.175707577261862 0.746595265886954 0.137311424930586 0.0643344402196612 0.0443020649652974
"mb88" 0.826091081593928 0.155618580717607 0.865703221867876 0.128953555317011 0.0616493141016994 0.0218505612313663
"mb89" 0.603011576290365 0.153459578400554 0.0857725046726232 0.102185294958744 0.0563906704172798 0.106945252371875
"mb90" 0.617161716171617 0.147566738532887 0.712196186208922 0.110849692105632 0.0507048050920573 0.0115660454142803
"mb91" 0.766674682465077 0.235711871807926 0.315735789278436 0.168267647067637 0.0988822704839942 0.165039349081076
"mb92" 0.696526913765998 0.177483677727232 0.438919484122343 0.128548435269208 0.0842685965192969 0.10101809576521
"mb93" 0.728910047273454 0.212417729253164 0.286320358420003 0.150679153655634 0.0898179156547899 0.146766395594852
"mb94" 0.726978291316527 0.176071684042976 0.687117103197321 0.135923642430105 0.0605899989758231 0.0442520661825298
"mb95" 0.724149165870548 0.211815263962716 0.313505754522187 0.148049674835566 0.0899833752792341 0.14610950100008
"mb96" 0.697811249705813 0.180371124584312 0.69601566138655 0.142887489282763 0.0656520636247635 0.0483300510713413
"mb97" 0.668660990876676 0.162435474933585 0.386664903228584 0.115846261933838 0.0713435853448853 0.0924436447456925
"mb98" 0.774266509104309 0.197534633809346 0.560709677288218 0.151552842415591 0.0882104993220171 0.113241599388929
"mb99" 0.577382580939352 0.145504911406495 0.682790068569496 0.110876646148311 0.0494859225933949 0.0101346710724333
"mb100" 0.70876094970544 0.213773494353175 0.158942740649005 0.145187549312706 0.0894388424864867 0.173905024775555
"mb101" 0.790606503190099 0.197270691892359 0.609588785438731 0.156394077434686 0.0900783229823146 0.112949932331355
"mb102" 0.775708065301183 0.196101847973854 0.483696049781858 0.146304097673381 0.0930728409187802 0.111262671031423
"mb103" 0.710580583756345 0.177846325362791 0.695890757833053 0.135570191569606 0.0632857097027584 0.0462635220289631
"mb104" 0.867674586033117 0.192292484760417 0.837443582392709 0.155647378018195 0.0749588453466916 0.0627944533005641
"mb105" 0.70960129552973 0.201967230494051 0.297016843801482 0.141446157491137 0.0902477868614605 0.140922113030401
"mb106" 0.779856940210666 0.170742285931629 0.683753856060449 0.130622295933141 0.0812210665070572 0.0662560685544314
"mb107" 0.646196104125192 0.174120756085224 0.075076105418105 0.117665724939469 0.0593560134027956 0.133772647700118
"mb108" 0.722407371103705 0.210281600282691 0.284416573090491 0.144989263723616 0.08754622415385 0.150022550032935
"mb109" 0.63119365740016 0.164833309579716 0.183750890574147 0.114883615374982 0.0587720394397265 0.0877716975397868
"mb110" 0.723827588462293 0.188466972274791 0.468877148917725 0.138838675878032 0.0754128461800617 0.103269961406489
"mb111" 0.749106154923111 0.221163040205995 0.336446324584813 0.160804152696404 0.0926112979197037 0.148894470474345
"mb112" 0.762274176408076 0.176344188711811 0.582616498899056 0.131125670458229 0.0902469316419632 0.0890499410219571
"mb113" 0.719691850250034 0.155137100865475 0.678727076013554 0.120039426488873 0.0723047258087439 0.0496713304174169
"mb114" 0.602016589165554 0.151899756059085 0.0879072077469939 0.101822205858231 0.0557942410604553 0.106716684629156
"tnt1" 0.734529240066298 0.193467919265222 0.464231596009371 0.140169979131651 0.0758506043906388 0.108142878960795
"tnt2" 0.624915679770729 0.171495799652574 0.110556855191663 0.114013038100788 0.0617246558956877 0.112980538357936
"tnt3" 0.600883564703741 0.157796588650758 0.0982172132296597 0.105574828884351 0.0541064447536653 0.102058138626387
"tnt4" 0.867943359740503 0.204282881375651 0.865763396510368 0.168361459081293 0.0826533875146104 0.078224324663048
"tnt5" 0.636835797995392 0.167050754055367 0.0628955275151585 0.112360894268647 0.0568155433384341 0.126360098525394
"tnt6" 0.625690016361607 0.160020370171344 0.0613778276246075 0.108554942853584 0.0517147022061367 0.118293258670018
"tnt7" 0.614145216485642 0.155835722863478 0.06134546792454 0.104328328933636 0.050111949202915 0.112045549521965
"tnt8" 0.727099409895597 0.160998084262558 0.730536980302104 0.124132360446165 0.0584155773562583 0.0259040983714287
"ufb1" 0.659488621601382 0.155667667759129 0.469898070355308 0.115826390150558 0.0670114844820751 0.0665738067674219
"ufb2" 0.676998724848271 0.190027687259755 0.170704475115789 0.127777826786684 0.0763255437055214 0.139207512449721
"ufb3" 0.698005285404134 0.208967102815572 0.159047470629751 0.141761501728102 0.0892452801048394 0.167900957077576
"ufb4" 0.545551298424862 0.131267944113718 0.699677613972674 0.0985136215139998 0.0438352083594034 -0.00733312540759933
"ufb5" 0.839617188001798 0.195852994752131 0.841274684999763 0.161517001418069 0.0794684041872326 0.0684589642685872
"ufb6" 0.667512438570251 0.170008274748189 0.291628083121455 0.118682361199601 0.0795312607681976 0.111588675622088
"ufb7" 0.650278362523108 0.172800477396591 0.352198207179288 0.11865064606235 0.0730825283261453 0.110006058711379
"ufb8" 0.609017075993035 0.156902349931928 0.193697919798288 0.104089468900132 0.0642086691592007 0.108796448008663
"ufb9" 0.684526107427257 0.193635690820889 0.07286800575477 0.130204115563274 0.0548577189683884 0.155911884906057
"ufb10" 0.667274238966958 0.183927308098581 0.0746629053607073 0.123105402731804 0.0482674034518894 0.145796143646245
"ufb11" 0.681789387627221 0.193049529304679 0.0746796409937343 0.131096092463766 0.0648122663411982 0.155299390360314
"ufb12" 0.648031222744359 0.176497804073235 0.0871709521476938 0.117992981093579 0.0556511737437099 0.137258141130306
"ufb13" 0.822944084226745 0.229218409663537 0.687240443060202 0.17607504532467 0.0835367588251129 0.106027283034085
"ufb14" 0.61615136683777 0.163860910198756 0.168670124361004 0.108903508030409 0.0578622217440803 0.116044874950342
"ufb15" 0.777582422504927 0.203755987995158 0.37954836663322 0.14648559249595 0.0914449457624945 0.137479430272159
"ufb16" 0.667389532290561 0.185599399248534 0.109364965172065 0.12593916857107 0.0701192235605471 0.147130213676073
"ufb17" 0.617888697812047 0.157370937201177 0.133647577793381 0.106154673018052 0.0547162440016506 0.115538333778509
"ufb18" 0.687699613025331 0.158212774750253 0.54817817326497 0.117846671648289 0.0722033891524318 0.0697892707061086
"ufb19" 0.595191709549027 0.147597110599681 0.16205730314343 0.0990640439902731 0.048892883729924 0.100738991036747
"ufb20" 0.667715129747306 0.164516523807965 0.414194042088358 0.119613891123028 0.0799486817910356 0.0948666545816537
"ufb21" 0.658012411771841 0.177461931173178 0.157919436863821 0.117744468933744 0.0635924317439228 0.133593686794088
"ufb22" 0.640094139797599 0.171144674542612 0.335343175827898 0.118528223190906 0.061510175039907 0.0944464416677138
"ufb23" 0.75406709301021 0.146322885405427 0.81240783971731 0.11634964216778 0.0533731048759077 0.00988702973787979
"ufb24" 0.716929001426699 0.186493193388246 0.257255340371167 0.132277047603811 0.0730555719072543 0.135484047318146
"ufb25" 0.618615071895586 0.161471850869711 0.133970371220533 0.106641224222665 0.0565717748462106 0.118978457241148
"ufb26" 0.608123043516421 0.154928814975067 0.137198286708944 0.102918389836274 0.0567768047578679 0.109900192379568
"ufb27" 0.598052009627064 0.15312109334019 0.181947747072225 0.101413798641402 0.0635447856190387 0.102806439304131
"ufb28" 0.590493644787462 0.153772276396397 0.181905689415492 0.099587209311221 0.0645620213393808 0.100981918878785
"ufb29" 0.677902881801498 0.168300548100663 0.412450089152815 0.118094393371354 0.0701583858017899 0.0910385777153125
"ufb30" 0.647013292239274 0.156311588208973 0.354476774927045 0.109931823997097 0.0642656894100379 0.0859117231639536
"ufb31" 0.775782909614199 0.195706700686332 0.728240527625236 0.155818631440918 0.0711657355460949 0.0673939133990518
"ufb32" 0.602869425773653 0.154163678424532 0.158118728890206 0.102294997072959 0.0539481534200483 0.107582160195154
"ufb33" 0.591527383936435 0.148572847942707 0.170170554047355 0.099498660499055 0.0502656517761427 0.0978475611496249
"ufb34" 0.676126261112776 0.164085522744111 0.422167279988183 0.118128666142254 0.0644805536894494 0.0864319912443126
"ufb35" 0.754248681191823 0.225662565383201 0.32380225668525 0.162187844569117 0.0906697975495641 0.153908498010381
"ufb36" 0.669363367174281 0.19220410532695 0.456323597179006 0.140690629749818 0.0780583571366984 0.0913515904917938
"ufb37" 0.675511970002884 0.153791996546888 0.762456898414938 0.122761386482862 0.0546604328187463 0.0185498645393052
"ufb38" 0.809099018733274 0.186430711136072 0.737373243669102 0.146163682022086 0.0680669981295677 0.0552848145131684
"ufb39" 0.723714908345084 0.176173883217983 0.44878574646688 0.127044520769673 0.0855073040520164 0.0892374533196645
"ufb40" 0.759290413793648 0.18897039445853 0.430014057347627 0.133930953930172 0.0939059823639756 0.113858132404337
"ufb41" 0.831782432642891 0.253890392757549 0.587249542378881 0.196609287370137 0.114073774800493 0.160677777166681
"ufb42" 0.56978439871735 0.135692534226125 0.243741647472674 0.0917710497401421 0.0538950161092347 0.0748586842144288
"ufb43" 0.587565876815384 0.143571456551673 0.271357225685258 0.0983154764427504 0.0551802258790266 0.0785500983307582
"ufb44" 0.588159794641425 0.147698245749458 0.280445618814571 0.101781990468559 0.0554001477244991 0.0769729855948896
"ufb45" 0.608452392846438 0.144508334435525 0.695005704725502 0.109950682135771 0.0484360648641884 0.00898021506169812
"ufb46" 0.683326328713432 0.192663473171235 0.0626321688947831 0.129388175426074 0.0555264228655865 0.154892334136039
"ufb47" 0.663143820733451 0.180300799678882 0.0872472043584786 0.121742832873843 0.0539098851801539 0.142000185874409
"ufb48" 0.655295104668911 0.179692260700048 0.266214636131257 0.122465535209768 0.0722966055839691 0.117182974212682
"ufb49" 0.611207020813709 0.154367078090262 0.241582057525117 0.104890434745071 0.056907801108857 0.0983584802517955
"ufb50" 0.60623193435259 0.150848696556995 0.193112637611474 0.0989345110868982 0.0512142486065951 0.102408000450111
"ufb51" 0.727800312960515 0.182971646376409 0.472407390547168 0.133922623840971 0.0713919632780304 0.0962245920466906
"ufb52" 0.739487415592388 0.170382686715463 0.765317242071781 0.136450995844796 0.0648702238916664 0.0376053542728044
"ufb53" 0.779487582109864 0.177407115111432 0.677095434519837 0.13703200605667 0.0829036117485174 0.0744022292662232
"ufb54" 0.685506021550813 0.170532719023523 0.466075395217123 0.126778808956791 0.0709095237851698 0.0665505322461026
"ufb55" 0.704552274832666 0.182124182700505 0.426286527207151 0.132384403550273 0.0835901002468398 0.095766503495643
"ufb56" 0.746564366325902 0.195839194583861 0.345550943440301 0.138400703149129 0.092834866817612 0.13455697757612
"ufb57" 0.69910088984832 0.183496201531648 0.204968450667865 0.127926499945908 0.0651051643015303 0.136884288567999
"ufb58" 0.61492404528369 0.159608353617918 0.13726082760442 0.104896877727061 0.0570843776783744 0.116028938512469
"ufb59" 0.605505222106515 0.154749854548261 0.161997966263033 0.102876327078308 0.0565778461873166 0.109737320958649
"ufb60" 0.658762729898161 0.15932669005078 0.666482548559561 0.123360515457319 0.0553446438299542 0.0252733687106433
"ufb61" 0.764708114283787 0.201367320086924 0.326952114746781 0.143277164595425 0.0896640003227982 0.140414884182036
"ufb62" 0.691672509153229 0.17327599486858 0.66633994055092 0.13209607008624 0.0604079411878509 0.0414949927218378
"ufb63" 0.722745586828604 0.16722688652579 0.589258245362944 0.12297897710148 0.0759360237447146 0.0625625355707431
"ufb64" 0.763447661213811 0.174461128260962 0.643221845576829 0.132064232776134 0.0803677432390619 0.0710552870086985
"ufb65" 0.670183785084735 0.185136557395451 0.0994619019240827 0.124819406066692 0.0562789022797538 0.146650043705035
"ufb66" 0.613270932440291 0.156423351775631 0.136934721709031 0.105174218017424 0.0548238640667534 0.113706426308501
"ufb67" 0.707788161993769 0.169539467866988 0.719252349944187 0.128258742472378 0.0602878597092601 0.0379768137061074
"ufb68" 0.798190000248626 0.19192262739357 0.612361859620968 0.14742577878199 0.0879685353644491 0.0906757204595524
"ufb69" 0.669691079536081 0.171802644349517 0.35130816968956 0.12080728551593 0.0755259823396 0.102861421045004
"ufb70" 0.617675372569408 0.16129805113963 0.193317227638988 0.10748487534665 0.0583884397054982 0.108848219468635
"ufb71" 0.608869260837168 0.15356180259704 0.1857782540627 0.100381988602497 0.0524118166256302 0.103137376992126
"ufb72" 0.584413804777585 0.139272573050544 0.267951612988648 0.0935302394639649 0.0565297849365622 0.0786782225496099
"ufb73" 0.70152044353844 0.178433687298889 0.463340668887115 0.134603373816705 0.0710021730677067 0.0921342401290816
"ufb74" 0.748876825159116 0.167340837380789 0.613199860192218 0.124257301488867 0.0753007800397252 0.0628210600306066
"ufb75" 0.577613347285619 0.143219262816688 0.170503616096874 0.0952478715797093 0.0555999134300835 0.0923163225767858
"ufb76" 0.562068720771591 0.138357593103818 0.170570557311122 0.0905889907813878 0.0535065071885636 0.084605618967725
"ufb77" 0.593598009274969 0.151067731738058 0.319045094730255 0.103641618912876 0.0597412228614251 0.0806454916053135
"ufb78" 0.580625039121604 0.145546661980188 0.109009534180337 0.0930415872221411 0.048113897200389 0.0968284563815739
"ufb79" 0.647729139597055 0.151854418219019 0.44530030577827 0.109070475813498 0.0648547054564407 0.0623581835274303
"ufb80" 0.745466791393826 0.221422018357565 0.311217530720496 0.158112702053902 0.0861488076635315 0.149320763532427
"ufb81" 0.590659375515434 0.154696146669202 0.0724763316451444 0.0983489392627327 0.0432314741592193 0.113400611172328
"ufb82" 0.572618522231412 0.150843943425248 0.0724483237352433 0.0939257436488379 0.0480987697523953 0.107811200914216
"ufb83" 0.633410145351974 0.165672131752911 0.121664103035663 0.112472506037231 0.0531394207696656 0.124222181084617
"ufb84" 0.578576571226352 0.140564135205537 0.267017429243987 0.0947451808268071 0.0605663611375604 0.0800731703996662
"ufb85" 0.70163532923438 0.164787477263825 0.5513709152988 0.125817863836537 0.0709529261376107 0.060443098016088
"ufb86" 0.587878207812407 0.150095193582852 0.0846760375164644 0.100561402496515 0.0464859909068579 0.10917495208048
"ufb87" 0.695852760255456 0.177728304653691 0.388363306096994 0.126110384424576 0.0662457807599402 0.102014274860971
"ufb88" 0.719018943364946 0.176185387232683 0.514999540182263 0.131628294985965 0.0756925509519922 0.0729726441612377
"ufb89" 0.84375230644328 0.186327308747418 0.787382704415121 0.147036411380653 0.0705572121668634 0.0562946361198117
"ufb90" 0.716896476719737 0.205177552638245 0.273277619755262 0.143877896204569 0.0856038303320085 0.144443986322615
"ufb91" 0.598009534276872 0.151657499987375 0.184871795657889 0.0993594918416128 0.0616152133509158 0.101250748187169
"ufb92" 0.599324515811998 0.154751321809017 0.196384682689237 0.10040592347811 0.064291524058281 0.102015223826363
"ufb93" 0.773718455738443 0.198339459807812 0.37954836663322 0.142075392367571 0.0880858193365251 0.131612049283844
"ufb94" 0.75238265894659 0.194932455251623 0.344235716137054 0.139215686915244 0.0870652569729215 0.12778498754652
"ufb95" 0.634708177412902 0.167130735864423 0.121664103035663 0.112450967484685 0.0590687681722443 0.125753249596238
"ufb96" 0.72438871800219 0.183037348607705 0.447099362434399 0.134356017231786 0.083278902872809 0.0967702804018604
"ufb97" 0.724399780269493 0.18557878348654 0.379565943136382 0.133896044825467 0.0846728790815221 0.110090709137486
"ufb98" 0.717587787032583 0.17107643695864 0.521030667886219 0.126598134342722 0.0733266603252302 0.0671958319766357
"ufb99" 0.744278574515095 0.181115948990928 0.427127599550759 0.131469728642419 0.0826498979517125 0.105427717185583
"ufb100" 0.690540145845603 0.176466415422351 0.364630655138062 0.126006058226366 0.0850708167356183 0.113954935324594
"ufb101" 0.713747037276449 0.142308158732591 0.824812712560334 0.111272890511324 0.0541346549070353 0.00387221587706648
"ufb102" 0.621522707701524 0.163512988015903 0.314934209498718 0.11292527898046 0.0548539016576251 0.0863295486697778
"ufb103" 0.676303969039218 0.18549387694148 0.205022664699295 0.125600547678425 0.0656994931079947 0.131446548200502
"ufb104" 0.59677221812023 0.150724830425712 0.290791732523124 0.102754001869732 0.0615665217959766 0.0946317962405992
"ufb105" 0.667357083678542 0.150174603440659 0.740527230434645 0.115972826813231 0.0518795613976874 0.0141630383608041
"ufb106" 0.599636001050719 0.150386757775178 0.182677866653268 0.100548759029326 0.0642581116864855 0.097386743377494
"ufb107" 0.603736461059428 0.154235575941896 0.21911671123142 0.103328838227692 0.0681992627930648 0.0984270270120941
"ufb108" 0.605131286519299 0.155001199371509 0.246393076438505 0.10140186954185 0.0673872963595331 0.0955130641107107
"ufb109" 0.606999878684945 0.164805533423232 0.475075761976981 0.11922593255636 0.0617510396889005 0.0608406397475138
"ufb110" 0.684124251714167 0.174726758348009 0.34034182743646 0.123237512031136 0.0822122413155147 0.112083227122506
"ufb111" 0.722509851041648 0.183762820627205 0.456480217758277 0.134371431679339 0.0810858195895871 0.108608689859474
"ufb112" 0.713004328251082 0.202713048481989 0.260676265910003 0.140759957185869 0.0854549241855381 0.141811121109445
"ufb113" 0.640579490910488 0.168820188280761 0.12771099554298 0.114720662112187 0.0538036059514714 0.12820338736274
"ufb114" 0.846578393763148 0.195235253402897 0.696007448996887 0.152773324593275 0.0965846305221572 0.0941157864669412
"ufb115" 0.631560953965382 0.164402259658411 0.0729352707130586 0.110291931280454 0.0465754128421312 0.125177346393184
"ufb116" 0.588116861253424 0.148618674419615 0.170503616096874 0.097472915913577 0.0608505054389322 0.0980365232850541
"ufb117" 0.717259668508287 0.183850091752715 0.471778177721856 0.135146709736179 0.0712750104190373 0.0975075574889675
"ufb118" 0.69543429844098 0.149524471860355 0.684764031353362 0.115834927044711 0.0698428004834877 0.0430371198675185
"ufb119" 0.665484744772996 0.171439878081879 0.304219878792591 0.118470796381638 0.0796301290667947 0.116709843890483
"ufb120" 0.596692016505814 0.152807914888028 0.0867629659231689 0.102709713657608 0.0467055364838384 0.112462163822924
"ufb121" 0.523925632429137 0.136905510076978 0.649728074467399 0.101821749620054 0.0450832483011185 -0.000796119085588395
"ufb122" 0.61269403232911 0.155217171825005 0.121734490233744 0.105180055354083 0.0516958557192686 0.112389485146006
"ufb123" 0.471468144044321 0.136536280694454 0.621960792691134 0.101700680523983 0.0436092189808638 -0.000254781960487399
"ufb124" 0.622795569854352 0.157309188031864 0.328341978193244 0.110723324364644 0.0725699376793921 0.087058481076764
"ufb125" 0.671559267438192 0.158418584348089 0.511673803980696 0.115862158937315 0.0637954503976754 0.0700166990756021
"ufb126" 0.636049414600551 0.158348637343245 0.303484913521509 0.10825542207419 0.0688659695893073 0.0988344742456663
"ufb127" 0.593556808004019 0.147690937769857 0.134052592699664 0.097111306268777 0.0524787872058729 0.100829357857643
"ufb128" 0.695171934699548 0.181405104585207 0.674660990459397 0.13935821260582 0.0635613378873689 0.0503918713463353
"ufb129" 0.722531467830099 0.174702776965759 0.522060066612964 0.127552650421233 0.0744904904468746 0.0713259905723848
"ufb130" 0.588677365003698 0.144671341171044 0.287181466238492 0.0981272032191109 0.0481095134035088 0.0795997020254625
"ufb131" 0.744789210600773 0.168831591455147 0.704798543285582 0.12904400302571 0.0570402872534302 0.0367617711741709
"ufb132" 0.616357162654841 0.1535013116194 0.328156465076779 0.105342121319959 0.0594417193314346 0.0828669487551856
"ufb133" 0.659643862751611 0.176799520161549 0.161807382728201 0.118301316994245 0.0630786211348939 0.134061733198201
"ufb134" 0.646481033404021 0.15774199935922 0.310235864996121 0.109192204558197 0.065381907228512 0.0934152144575543
"ufb135" 0.777527741134477 0.190225263081801 0.600056659992949 0.146439748925244 0.0835343421664059 0.088765687296591
"ufb136" 0.780022753382335 0.204994715107835 0.354809520414626 0.146796036651926 0.0893057321021775 0.138708544257786
"ufb137" 0.6964743190947 0.205372481646431 0.134019070125745 0.138381098829273 0.0824262515869123 0.166524902378188
"ufb138" 0.624586539899939 0.160904328064008 0.12467364997703 0.108875911045606 0.0526778885601915 0.118364961338227
"ufb139" 0.707688275380045 0.181612608080338 0.444107927430026 0.132559525525808 0.0793400416733885 0.106260498883041
"ufb140" 0.653281496384101 0.156447823431906 0.36149539014801 0.11185543496485 0.0718769989082171 0.0919377629964705
"ufb141" 0.7036866359447 0.168959746823024 0.674846000253719 0.129772135484015 0.0594214330013083 0.0362150119770551
"ufb142" 0.762564770145749 0.179856983879031 0.577883915687959 0.132796769792267 0.0806225045595946 0.0767835658853427
"ufb143" 0.631174366390136 0.168342556294068 0.574766810538924 0.122920588935052 0.0551613530079188 0.0356642351378637
"ufb144" 0.628843065786455 0.163405192894605 0.127776971102566 0.109693210554428 0.0561789973273812 0.121857938266697
"ufb145" 0.526227809167196 0.129825461092371 0.493568370961686 0.0906386148280479 0.051959485809919 0.0211999926711751
"ufb146" 0.762813084945182 0.194401111879567 0.410306726718132 0.142346378180324 0.0860397451437984 0.119598574383202
"ufb147" 0.664063801066454 0.179223852022205 0.0970857099542226 0.123212368022343 0.0510808380535093 0.140453509857829
"ufb148" 0.647106373059008 0.169083636993504 0.0995238224714004 0.117117844972643 0.0498463760373811 0.129500047763773
"ufb149" 0.631008249551089 0.150944876980774 0.302350053113067 0.103272584516116 0.0614739236915899 0.0908689427190428
"ufb150" 0.733911825236076 0.216299687912826 0.268055299847451 0.152332697803372 0.0864150922003406 0.151049789167465
"ufb151" 0.75410454802793 0.158644144927761 0.76898652203177 0.123797722833882 0.0593337950831542 0.0236080791030606
"ufb152" 0.642529008416467 0.157204600411534 0.317961833743108 0.11167096853486 0.069883569238345 0.0975019372204861
"ufb153" 0.798591447034052 0.20552661342138 0.721197657799367 0.159415880836636 0.074558753339589 0.0794959434086559
"ufb154" 0.627714483195926 0.163625211827034 0.133585554007092 0.110749932251894 0.0551369294692936 0.122788665348725
"ufb155" 0.718981718586475 0.204967896699507 0.293842068883065 0.147006393385921 0.0866921134294294 0.138581847790544
"ufb156" 0.57416068487301 0.139251025582039 0.283650939484197 0.0940671474602378 0.0524692935019931 0.0739186878464132
"ufb157" 0.727609563306855 0.172601047756385 0.452762444864613 0.122977131588439 0.081073751171841 0.0850371292322222
"ufb158" 0.770977209944751 0.169888469632994 0.792417611263539 0.133007963686459 0.0639965348630235 0.0383811047927563
"ufb159" 0.606100325917529 0.140712328436821 0.589375344863094 0.101556925684158 0.056422929367553 0.0325958304892867
"ufb160" 0.807277212457601 0.207750972145077 0.721135210011238 0.159309794452862 0.0755375829996147 0.0812387085276987
"ufb161" 0.608191814375467 0.155691272756752 0.166055838093069 0.103825634426027 0.0560302065213351 0.111914339894088
"ufb162" 0.615440389800148 0.15600448203514 0.0848958115989951 0.101024554311542 0.0485290542948022 0.114784743813913
"ufb163" 0.585784565278377 0.152371806457765 0.27784238665946 0.100366098859733 0.0478709050752996 0.0818656544643358
"ufb164" 0.728321223113643 0.212318138540563 0.255161915329644 0.14833798945502 0.0848383866459782 0.146766610041151
"ufb165" 0.624891658081081 0.162163449977928 0.260561713585836 0.11061376280955 0.060047355102706 0.102888983348803
"ufb166" 0.603136976557607 0.150614940550357 0.133672827442579 0.102470420249522 0.0532668028672344 0.10659107023551
"ufb167" 0.58861096327834 0.156045104428133 0.629453510069598 0.117868877162318 0.0528942850298905 0.0214049114935664
"ufb168" 0.755640480407865 0.192802029426845 0.33292250140008 0.136936209368038 0.0890600673876051 0.131195882068498
"ufb169" 0.577911103880365 0.136343491502028 0.246360997786437 0.0916686557704542 0.0569326624081655 0.0793537031516506
"ufb170" 0.687983505154639 0.194676698383165 0.19618254162834 0.132988268912135 0.0834843773829893 0.141178798203769
"ufb171" 0.647260006684131 0.172403728326591 0.0765859788885591 0.115784529595622 0.0466565002576278 0.133691390045875
"ufb172" 0.598594672033291 0.148971112595018 0.137241593272994 0.0989959063332596 0.0487956587388348 0.102179919139465
"ufb173" 0.732359437361956 0.18754227283249 0.445816712363426 0.139412591174472 0.0790193434445915 0.101521357092093
"ufb174" 0.726895793236184 0.191802245376596 0.254147577318608 0.13491883528029 0.0736445123563872 0.138261986710767
"ufb175" 0.624110301049045 0.168973428404955 0.205269980659799 0.113172703716406 0.0644579141012953 0.119325196998118
"ufb176" 0.696742545877208 0.176824855834247 0.401061500656124 0.126781721464405 0.0813505963907596 0.114340583662304
"ufb177" 0.631855078202336 0.156232218840264 0.703494500502011 0.120962453432281 0.0533538028037594 0.0211901537947555
"ufb178" 0.662779040750669 0.179136299294177 0.0994619019240827 0.12333307020188 0.0538535990328489 0.140367587931015
"ufb179" 0.581999877695789 0.139099212826748 0.292449671672348 0.0944839445074998 0.0533548719681513 0.0737383150569547
"ufb180" 0.734723451115317 0.199141582825108 0.247981562542125 0.139863971859588 0.0843769869356272 0.145987881276607
"ufb181" 0.71809658448051 0.193303634887497 0.241694404493281 0.135677482553585 0.0749534248375825 0.142726737757936
"ufb182" 0.645015778522193 0.169706883884372 0.0746992208777399 0.114630168043646 0.0462494764982496 0.130866878021334
"ufb183" 0.565556241177316 0.141265309958572 0.241382628509729 0.0913382135418929 0.0519103851230093 0.0806321277321546
"ufb184" 0.675242089800336 0.171785856484323 0.397960427630078 0.12272344839575 0.0606817060277327 0.0953068765033055
"ufb185" 0.609781650715625 0.157890918617059 0.198220946077225 0.104187892660572 0.0626175823138714 0.107711312267575
"ufb186" 0.74004131512753 0.190174110956235 0.319587454260901 0.135195962089335 0.0862379148048521 0.128351280569495
"ufb187" 0.641181149333864 0.142614675494602 0.77491239503278 0.114090799373302 0.0518608172494919 0.00678656017069262
"ufb188" 0.729109933818554 0.184903725600329 0.388302195068137 0.133514625969024 0.0862511200854839 0.109382366781994
"ufb189" 0.716623691323123 0.181447277386289 0.431893609823654 0.133719388876937 0.0887549098136155 0.113618922142616
"ufb190" 0.68322048091877 0.173603610916044 0.345541482717056 0.122309716514431 0.083301117523231 0.110858471112956
"ufb191" 0.670152340810185 0.186196647307463 0.109030946893658 0.127904646158344 0.0604093854406571 0.147755673460767
"ufb192" 0.647284257979169 0.162405083593496 0.266857641660974 0.11130368192942 0.0707149559018336 0.11015478849131
"ufb193" 0.649896831862585 0.168540576252569 0.181784146172922 0.113060404712677 0.0679649723669326 0.12538997701757
"ufb194" 0.614333573754137 0.156727060978809 0.310562915337956 0.107582355576558 0.0544024057395214 0.0865831813113474
"ufb195" 0.589509203302402 0.150284405135078 0.298106614154635 0.101253628330222 0.0497563653802628 0.0796046220188876
"ufb196" 0.621331675200019 0.159497176395312 0.11213283130932 0.1066230576321 0.054579188272866 0.117766508380559
"ufb197" 0.672682787794852 0.186488391136369 0.0725865568042963 0.12532950351985 0.0493007331402105 0.148476893815967
"ufb198" 0.703509958127231 0.184035067902734 0.241090617039321 0.127099837134763 0.0723011072048168 0.132878404317768
"ufb199" 0.580823107923954 0.153744697599053 0.108345309301927 0.0973789826240643 0.0467547573517358 0.110845007773689
"ufb200" 0.575988579540874 0.154691993556996 0.108262851099995 0.0974328800493789 0.052364899235888 0.110824080762678
"ufb201" 0.686391476966662 0.168455173793384 0.433481469612096 0.121554281411118 0.0751238266223997 0.0909266253378505
"ufb202" 0.681009101183364 0.177474771120189 0.19293467768361 0.123194619982493 0.0598275146842138 0.132204274369648
"ufb203" 0.615130434035312 0.158085339305697 0.298457321190856 0.106082182122445 0.0603623599890448 0.0987155475484502
"ufb204" 0.645995537631397 0.169095268216876 0.21878501492704 0.114175245203566 0.0710147473862184 0.119586781150907
"ufb205" 0.651444092943865 0.171323907731992 0.218697613184293 0.116432318446144 0.0721893338068084 0.124043991485059
"ufb206" 0.662793434936273 0.187349660412228 0.15920852018832 0.127623477379682 0.0820820629850647 0.142580150539216
"ufb207" 0.61597273311418 0.165154058762549 0.318726472390196 0.11189670851893 0.0568261934167707 0.0881551550874143
"ufb208" 0.707262450677189 0.195072567529214 0.505723137916807 0.142059617153585 0.080181947439172 0.0948753101449639
"ufb209" 0.748040471311475 0.182547505905072 0.46969201382238 0.132447337399546 0.0876219776947039 0.0963035695159458
"ufb210" 0.620762447892749 0.145734620572144 0.290282385087348 0.0991396713218963 0.0593330086180391 0.0891493298572037
"ufb211" 0.719387755102041 0.170705119808094 0.476190187773174 0.127863305601986 0.0771017378829169 0.0834117330539577
"ufb212" 0.653441069018859 0.154352848527935 0.536270123212961 0.116415076015776 0.0699164041621514 0.065523887865192
"ufb213" 0.545544376572045 0.145950605251961 0.649851422110018 0.112720916766519 0.0497417380934423 0.0098013514827201
"ufb214" 0.592066792281203 0.13615383517462 0.560806562556847 0.0990046475353659 0.0593113332903432 0.0286223819953951
"ufb215" 0.629447892284236 0.140497589677593 0.43734975501039 0.0987688404097874 0.0682211354553899 0.0613598608740778
"ufb216" 0.653349759201125 0.170201141690071 0.218985515918197 0.115601815664717 0.0689317949811511 0.120862637844172
"ufb217" 0.623879926147441 0.160569852346442 0.0850313957022004 0.105973485901596 0.0401981181786453 0.120923857745477
"ufb218" 0.573490023461994 0.143842019342222 0.266949916952477 0.0941291967461065 0.0587603437869736 0.0788581459833158
"ufb219" 0.642930193528085 0.172366427574845 0.123110619192888 0.115457943634047 0.0623004943934014 0.131922324285417
"ufb220" 0.59888915875187 0.152335989172623 0.17436764787402 0.101884197220072 0.0531227709365472 0.103941823463865
"ufb221" 0.610584741568267 0.137519646427179 0.612119890177156 0.100608692873396 0.0602615129770298 0.0296385991850706
"ufb222" 0.804618377292978 0.235894364099899 0.536524622053235 0.176927135268366 0.107586674647859 0.140114792445989
"ufb223" 0.549643027129938 0.148890104525714 0.621721461843115 0.111828380408929 0.0480751732476094 0.0140561509558984
"ufb224" 0.645098121110508 0.174426441870917 0.133514730766154 0.117977618280017 0.0631281454966793 0.134083598624578
"ufb225" 0.594865417041469 0.151321985104741 0.145670792755775 0.0977452786097309 0.0550499182283021 0.104660047109279
"ufb226" 0.590063839520732 0.150915375550864 0.169695264554368 0.0976853510121001 0.0586163165079203 0.100469675710502
"ufb227" 0.676882312566841 0.171282093790269 0.348636876899902 0.120606490514577 0.0807103398161596 0.112884369400115
"ufb228" 0.602696114576195 0.156306252608273 0.145120911986471 0.104259696505526 0.057747607441875 0.108173977442582
"ufb229" 0.614957223749879 0.162670901877305 0.223176234481743 0.108627601829441 0.0597316033441367 0.107206848312579
"ufb230" 0.653021493491346 0.173740220315311 0.0995238224714004 0.118238534012245 0.0507063020775587 0.134376785853166
"ufb231" 0.649855310731065 0.163432769190073 0.279045303143356 0.112814343600047 0.0719945695868085 0.108231105575859
"ufb232" 0.688682140200438 0.197660970478729 0.0620774660382815 0.132334225581096 0.0526886513734374 0.160124010588866
"ufb233" 0.560998798397293 0.140849687245129 0.0967544132197651 0.0932015156541852 0.0413583073017205 0.0973434161893852
"ufb234" 0.661091577756224 0.182098628734303 0.158373388253936 0.122546498135364 0.0653029587930307 0.133263675636952
"ufb235" 0.633408301568391 0.171752274183249 0.13319381714108 0.114093001516309 0.0637134859024051 0.127520562141252
"ufb236" 0.577057698308258 0.145595134458495 0.283802708881894 0.0981038692413436 0.0505653855406911 0.074718921053465
"ufb237" 0.637222384079245 0.145385665016978 0.461808568241183 0.103779632731888 0.0654164247278806 0.066439338012165
"ufb238" 0.590762333778239 0.148791579393459 0.108596342727858 0.0967854594636334 0.0504385251634974 0.104674657358115
"ufb239" 0.580757673179629 0.144971940271312 0.182677866653268 0.0935709285361607 0.056323930483753 0.0916256947234624
"ufb240" 0.618828641824716 0.152953990028976 0.256477327515278 0.105856926574346 0.0653287612133336 0.0967884865821171
"ufb241" 0.693196186310358 0.157862553304334 0.587148222238263 0.115475156031061 0.0614600754293145 0.0525260441363567
"ufb242" 0.626466453785013 0.148926725287941 0.315363876823576 0.101942043429125 0.06501146684233 0.088637666880827
"ufb243" 0.678994832499537 0.189979964576197 0.0729120123580857 0.129172504120221 0.0542058812966256 0.152086531640422
"ufb244" 0.669351793580868 0.16796255361527 0.332613772932234 0.116594232872679 0.0765987415950408 0.109386901063137
"ufb245" 0.570982113446209 0.137560627563964 0.268558421245366 0.0914059359338838 0.0485537182051511 0.0767366890976568
"ufb246" 0.563308525249944 0.138155679724869 0.241680013465123 0.0895040799304958 0.0482616346209889 0.0726379287547134
"ufb247" 0.602173571062787 0.1524881745003 0.206918750357441 0.102240781583258 0.0526432608806239 0.0963551317013545
"ufb248" 0.596348013352927 0.146380999099848 0.145707631901911 0.0947789393994701 0.044821642128638 0.0976854386667348
"ufb249" 0.599631801579775 0.151408761684401 0.133993626252909 0.0984136608677553 0.0511041159765608 0.106192577195951
"ufb250" 0.591704335199194 0.148641980359276 0.16205730314343 0.096728436481881 0.0501287036165288 0.101862944790155
"ufb251" 0.590523808372228 0.148393138380521 0.162118789898522 0.0969405513373963 0.0549634089951858 0.0998990834186252
"ufb252" 0.582082125630136 0.152618766795128 0.0742432729604895 0.0957526540204778 0.0471025431127726 0.110522355120983
"ufb253" 0.649088474611185 0.154026469700226 0.421771745673837 0.111360901892964 0.0597164615773569 0.0754384873521001
"ufb254" 0.543103266076763 0.141639057130016 0.120998659266665 0.0894535772994817 0.050056387775287 0.0959067978705612
"ufb255" 0.659451963289963 0.177209863694677 0.194349402915587 0.11894249609516 0.068172001080921 0.131923553551234
"ufb256" 0.592354600146134 0.150053324747436 0.299888550184886 0.102121337908103 0.0488844568023142 0.0793543202449611
"ufb257" 0.625541010104325 0.164339524655336 0.217470552719491 0.109639771034804 0.0586512385204353 0.105325423321435
"ufb258" 0.667282397686304 0.166804889490237 0.348405419668288 0.116846243829812 0.0709976788833149 0.103429747321112
"ufb259" 0.5957110306358 0.152559778132184 0.174507203707569 0.100867174342503 0.0559122827506592 0.104203171634262
"ufb260" 0.593996936173513 0.1525579249825 0.187003198572562 0.101893188312938 0.0550463307885589 0.102056896382101
"ufb261" 0.620416067970263 0.155814340435748 0.35130816968956 0.109862510907283 0.0605490090126684 0.0857129983657207
"ufb262" 0.615954095540328 0.160082977519016 0.121293407163529 0.104483414254475 0.0497115264742442 0.11748694521664
"ufb263" 0.604726201400016 0.156370273572467 0.136826311168759 0.10168822314237 0.0507578725632039 0.112584435436042
"ufb264" 0.635214113455146 0.148524791337788 0.474957772194163 0.105089296102409 0.0658707791885635 0.0700924557096936
"ufb265" 0.598267528008674 0.155976793528416 0.199201421252024 0.105094909366145 0.0576658107276432 0.103140781263772
"ufb266" 0.567680620383736 0.141824346056364 0.255356233751096 0.0993536318914122 0.0526373675028588 0.0765442559534552
"ufb267" 0.60034730774915 0.158449979405205 0.161026741983355 0.105884033486516 0.0582818003661449 0.108341398293162
"ufb268" 0.539606750886966 0.128145825245431 0.560876071474172 0.0926781375869667 0.0549102412924856 0.0196175360787082
"ufb269" 0.604384804103784 0.152282647095941 0.1340380038803 0.100162608344999 0.0494027901846823 0.108307099257796
"ufb270" 0.597751659385757 0.149289853398082 0.16214184414276 0.0997997396640347 0.0496237208655444 0.103967737770017
"ufb271" 0.666342209552944 0.156253979555487 0.474473865338628 0.110269695309386 0.0598747137324419 0.0672300044465099
"ufb272" 0.624593793718812 0.148826749760705 0.424405971925264 0.101807687800149 0.0623269696748879 0.0701400008396662
"ufb273" 0.64032192026204 0.158757419326323 0.261355844864351 0.10907088828353 0.0646410263491312 0.103199142117813
"ufb274" 0.766266680459294 0.195983944414251 0.594930474741671 0.148057012972696 0.0847893049171794 0.0956033387335488
"ufb275" 0.6417254617728 0.148719943088177 0.449371390726934 0.102185034754687 0.0641213468081025 0.0700233204195532
"ufb276" 0.626750509061688 0.147642371997065 0.399299474037781 0.0997480941204831 0.0651332574061101 0.076909604320792
"ufb277" 0.632061109805764 0.166245355504951 0.109440102532927 0.110823910803401 0.0549919878295807 0.125533882017214
"ufb278" 0.618657314161735 0.143711369929364 0.449222282646475 0.0997706775280981 0.0695229577799481 0.0725862110138624
"ufb279" 0.597864645091512 0.156605528884893 0.156520572835748 0.104071644045247 0.0578268059416848 0.106358803344556
"ufb280" 0.611984912394549 0.164815436938633 0.229144224760983 0.108777383265644 0.0587385577647332 0.105721989073685
"ufb281" 0.587667605527176 0.144131412837221 0.109136290128403 0.0913782863554659 0.0430096984348513 0.0984900427372211
"ufb282" 0.637634764690731 0.142433389539334 0.550883804210714 0.102052056834818 0.0678603537701712 0.0516262093235067
"ufb283" 0.74815795582533 0.184740734154352 0.419213226563192 0.133055321124981 0.0837927320881228 0.109394472127005
"ufb284" 0.556163666750319 0.137854896182414 0.270615312392416 0.0908349634628724 0.0495316015436085 0.0722817832252221
"ufb285" 0.532322254490696 0.138810590429679 0.67882631888333 0.102564026932561 0.0448724658995517 0.000980255045396225
"ufb286" 0.506774157429179 0.124454571717948 0.518474619284827 0.0849483667705234 0.0487162065881666 0.0146271365625204
"ufb287" 0.645778386710053 0.141119862744049 0.53064860044801 0.10237699232951 0.0691168592015708 0.0509008750805635
"ufb288" 0.713037947366628 0.203215440419576 0.293842068883065 0.14345539947179 0.0860421257434621 0.136713374594636
"ufb289" 0.69040828580006 0.167989049797468 0.486939890005678 0.123138647659818 0.0700956445489353 0.0636879881293447
"ufb290" 0.552233159066463 0.138749163738691 0.170646532564563 0.0885687712309902 0.0535806278423275 0.0819181176084655
"ufb291" 0.644642857142857 0.162889285891489 0.357933403261274 0.117049233179404 0.068093450550419 0.0858132476209438
"ufb292" 0.684348507372735 0.169729997920857 0.473529606099974 0.125284375992101 0.0805517347222541 0.0925435917968244
"ufb293" 0.8097174020823 0.161996601577683 0.804692054340088 0.127586878615998 0.0590042478090917 0.0292389965785578
"ufb294" 0.660062687944504 0.167563941836004 0.267258288368787 0.11640444052442 0.0696564536089888 0.112634877475424
"ufb295" 0.631685069951381 0.154951399549875 0.303516897193435 0.105723052474838 0.0686195963691721 0.0989670853395209
"ufb296" 0.752197897396057 0.186981395415161 0.370172511324375 0.131793695736747 0.0894582319265785 0.119313734810129
"ufb297" 0.635521074307839 0.156991133332369 0.181869320905292 0.104074745486642 0.0593436011642605 0.108988903604732
"ufb298" 0.564110223284295 0.193349894179858 0.518148105811153 0.142597985169509 0.060050792997908 0.0644797459648971
"ufb299" 0.653535832937826 0.155452074515132 0.475403680767735 0.113959420886465 0.0669384695906526 0.0667385793888201
"ufb300" 0.614613265952959 0.149809314701648 0.19480853137343 0.0991625215530179 0.0567247574686771 0.101273142055141
"ufb301" 0.539902020758657 0.138207258132532 0.108410387615186 0.0899935317757003 0.0430455114317271 0.0923134283216578
"ufb302" 0.606625719129541 0.152791678840661 0.351917308857693 0.106574186121891 0.0648148056723679 0.0826073377408613
"ufb303" 0.591331420614477 0.155049744848609 0.205385267308423 0.104516410612516 0.0572857725496762 0.102343545098259
"ufb304" 0.562315696708809 0.136818972868988 0.542966293579971 0.0988429841734692 0.0563167247927632 0.0290665172270418
"ufb305" 0.605100129664313 0.141917512575273 0.46809277071231 0.0987031133612535 0.0632002829321439 0.0514324686382307
"ufb306" 0.620756435084839 0.154146846067056 0.303476811780147 0.107001375141844 0.0655331725454239 0.0840795662483775
"ufb307" 0.535823941787204 0.123557264002521 0.462188178139824 0.085947721046979 0.0534890925885953 0.0311650215071923
"ufb308" 0.566901711415308 0.137572014143697 0.244123974694333 0.0899020808877421 0.0464635840505576 0.0767488787212295
"ufb309" 0.742233652475046 0.174103918116387 0.577914839174812 0.129569773562435 0.0787153935072529 0.0702462385013543
"ufb310" 0.671787277032162 0.18901606268432 0.170861907466189 0.12945484043339 0.083784930099079 0.144313507718942
"ufb311" 0.708802247007035 0.179819630057513 0.407237656665608 0.129836701748109 0.085695584300734 0.111856401838431
"ufb312" 0.660128642896847 0.163414307390701 0.678724504186622 0.124853440325814 0.0574451578970504 0.030881297218618
"ufb313" 0.569955454167116 0.144658666705099 0.184971999404509 0.0934162123833146 0.0565072111177385 0.0882083558326049
"ufb314" 0.565340392299538 0.146166798275917 0.0968915847116064 0.0946494601412961 0.0457359953586463 0.101856463878711
"ufb315" 0.620865560173589 0.164384574158139 0.302769198331533 0.112643065257535 0.0561497687946516 0.0872815568809518
"ufb316" 0.625781066538701 0.161006139461123 0.121664103035663 0.107428382357226 0.056347187980512 0.119327997367636
"ufb317" 0.567672529054818 0.136084933256368 0.243741647472674 0.0895679216661111 0.0552989600103072 0.0752787020547548
"ufb318" 0.640275300218842 0.170377659389891 0.114900794498554 0.114532874886147 0.055553770952827 0.130416536774431
"ufb319" 0.661812723418084 0.17616494906825 0.133453790112659 0.117281541058445 0.0598029934705783 0.135237872939737
"ufb320" 0.640862399548004 0.169901830192374 0.12771099554298 0.114308535098549 0.0595835977547248 0.129337885267207
"ufb321" 0.580490227691156 0.14655890416412 0.184919592270381 0.095806791000944 0.0578895731565319 0.0933116712329188
"ufb322" 0.592158937249999 0.152585977075542 0.206163277249444 0.103095510516927 0.0590256720704062 0.0995376990600072
"ufb323" 0.42222960256836 0.135270815351261 0.58186345318045 0.0932091188238052 0.0381236158735008 -0.00414824786045213
"ufb324" 0.588882576953018 0.155700943078283 0.229588964499717 0.102008755716674 0.0579201006350865 0.0961563588134025
"ufb325" 0.63044781703585 0.154272155212958 0.194068209177627 0.103556275397429 0.0622699827938331 0.10402790890951
"ufb326" 0.63634209774128 0.164112419793536 0.0849248053779721 0.10691435067297 0.0458999226319994 0.124292387464321
"ufb327" 0.600019582884559 0.13462738966807 0.731588335385178 0.104776309850206 0.0480226734283557 -0.00246608202404805
"ufb328" 0.674935451188025 0.143817465504889 0.646118711169728 0.108280548876421 0.065515756168427 0.0372399799874968
"ufb329" 0.632692597118794 0.164617692157899 0.121649937097779 0.111080205304768 0.0534589457617573 0.123795530202502
"ufb330" 0.619096835129444 0.157065562616352 0.124679985767796 0.107024624934169 0.0522607975927468 0.115176224251399
"ufb331" 0.581560154632505 0.142866065821366 0.162118789898522 0.0951553391080219 0.0485651124668995 0.0940323133412785
"ufb332" 0.687276057847564 0.195152946819086 0.146787302570597 0.130476824679763 0.0704058782688726 0.149210516047673
"ufb333" 0.654931149981392 0.172869791146629 0.632803642629206 0.130815654082923 0.0602532987477268 0.0400304496510384
"ufb334" 0.753852261730478 0.181501395948583 0.597479702595246 0.134070453947044 0.0815216623068159 0.0790091949782338
"ufb335" 0.579806140583825 0.141690012371706 0.287283025735224 0.0959248691615065 0.0500619940310383 0.0765258120457093
"ufb336" 0.590334513882242 0.151758126806033 0.169104178102814 0.100868669522146 0.0573358545160088 0.105152644972382
"ufb337" 0.604375451973236 0.152062241925304 0.120995527735633 0.100444934473722 0.051533058289981 0.109094267169721
"ufb338" 0.484771074867361 0.139671909906496 0.59227586523555 0.100875075002872 0.042301332028069 0.001979425674403
"ufb339" 0.624921372298301 0.1613714316705 0.124679985767796 0.108587385020622 0.0527661702434382 0.119707819427375
"ufb340" 0.594317417619368 0.131785184856279 0.597388771653031 0.0967294056961341 0.0596543898535664 0.0237099226792351
"ufb341" 0.804880239136849 0.198200557125424 0.535756838021115 0.148733601588427 0.0983422773469748 0.113620385014483
"ufb342" 0.626561739674069 0.160176629339167 0.256581176733689 0.109373169030298 0.0704704512380099 0.104538485640413
"ufb343" 0.635050846498734 0.164395708632478 0.21878501492704 0.110971043859794 0.0689750711318002 0.114607203802738
"ufb344" 0.64900188556993 0.172181991513586 0.15794895630419 0.114739167296183 0.0620331002376617 0.126618947645579
"ufb345" 0.648055292044993 0.182274433131646 0.625045198316336 0.144350109942347 0.066154898906471 0.0518803467652426
"ufb346" 0.704448887778055 0.183744882346605 0.499998361973302 0.137655378206506 0.0752923434436896 0.0814189750462696
"ufb347" 0.612469062147427 0.143167541282204 0.243402338424295 0.0975798496596283 0.0553422190738564 0.0895478256304389
"ufb348" 0.579058977666421 0.150243639637424 0.269646398828793 0.0991105601920174 0.0557036679686347 0.0797530378532596
"ufb349" 0.58199083638016 0.152908002873204 0.242442625177261 0.100878285844402 0.0563863091111424 0.0932735730022343
"ufb350" 0.656757011761135 0.179294749001511 0.0849937215560492 0.117069949550201 0.0500608530601855 0.140762115620914
"ufb351" 0.612951330109794 0.151742502042564 0.244522498379277 0.103346529773719 0.0623432352835471 0.0955551646191544
"ufb352" 0.636655650902089 0.159091224621401 0.244132202639535 0.110441063415811 0.0694154968242722 0.108994604075698
"ufb353" 0.544793343382985 0.130374421868618 0.232526370452367 0.0858149564998879 0.0500683338793606 0.0690951304513029
"ufb354" 0.580830718661288 0.135981975751397 0.556730633765988 0.095783941317115 0.0565684989477432 0.027490487285454
"ufb355" 0.536911103431938 0.144978967149324 0.120861009788108 0.0923296962272387 0.0512490456759834 0.0962872890876209
"ufb356" 0.596974797077057 0.155570572001928 0.254912537292224 0.102581335507669 0.0631037644886066 0.0961302211578237
"ufb357" 0.595818832362257 0.151098627178972 0.186304075161839 0.101805349201442 0.0574478415259132 0.100482083248125
"ufb358" 0.595218980169028 0.153849376500516 0.205025924111876 0.103170478163479 0.052713443210372 0.0978009916888306
"ufb359" 0.781632872876107 0.194844361202997 0.510869014139123 0.145193271614754 0.0927201042054213 0.109910150895498
"ufb360" 0.608074885840272 0.155781365919326 0.190519402560401 0.104077386392139 0.0589660039952596 0.105517510284159
"ufb361" 0.639060337410691 0.150369303887869 0.377854109731956 0.105237495750137 0.0659534525145647 0.0718604215932073
"ufb362" 0.687594438522718 0.170293556570909 0.27713651667577 0.116816811568392 0.0676317183294442 0.11528210606236
"ufb363" 0.617070119433523 0.157286221631162 0.133449590785702 0.102593284482488 0.0551352758417713 0.113531741046482
"ufb364" 0.518320099492969 0.130073970680551 0.70728014780205 0.101511228855759 0.0464852339790859 -0.00774085966056309
"ufb365" 0.58036820002629 0.145691392464638 0.173912435688791 0.0960063059650609 0.0537051709068049 0.0949067732164048
"ufb366" 0.638433077614499 0.162509748049142 0.308930772145671 0.111016379016298 0.0661733443476228 0.0927158002513812
"ufb367" 0.630984745506721 0.156849614167689 0.296316865873801 0.10798362920252 0.0677327328687362 0.0925204597973728
"ufb368" 0.570316338616275 0.155331052942538 0.0987795350136734 0.0973219787906359 0.0532916946018622 0.110303473724421
"ufb369" 0.7091075564173 0.164484411753089 0.451219502910691 0.121827546702275 0.0746126694193737 0.0762845320556341
"ufb370" 0.663382223893694 0.189406579823455 0.460116917867231 0.138847612587663 0.0733991747930941 0.0882047967087706
"ufb371" 0.609678948951033 0.153220061847398 0.190635925968519 0.099816351744351 0.0555255480883379 0.106588911031806
"ufb372" 0.65448481407891 0.145306298480102 0.522591345375493 0.103959166438616 0.0682810983426866 0.0555781591564664
"ufb373" 0.493499793644243 0.145601696330612 0.604823158577187 0.104298155013134 0.0432787781509093 0.00885825355503253
"ufb374" 0.698469809914973 0.202509879776755 0.0605843848950054 0.134919095096664 0.0600348853521683 0.165201231350929
"ufb375" 0.566561369999429 0.133084736489028 0.271136180341917 0.089850922325765 0.054400670024762 0.0720673379339238
