NaN 0.2537769 NaN 0.4024702 0.7629683
NaN NaN 0.6305661 NaN 0.6646793
NaN 1 0.8488371 0.5706922 0.8665742
1 0.4281961 0.8479383 0.4890351 0.4730072
0.3444688 0.5706922 0.4532958 0.5640516 1
0.7018086 NaN 0.7427088 0.4574083 0.4024702
0.7731707 0.7434184 0.3594349 0.2855229 0.5734349
0.3263468 1 0.2805664 0.4206454 0.4369876
0.4406424 0.7011691 0.5801569 0.3097138 0.3960221
0.1965895 0.5315574 0.412059 0.3710266 0.3988925
0.4457183 0.2002942 0.4632872 0.44913 0.4537068
0.394024 0.2738077 0.3337568 0.2785596 0.3687782
0.2739227 0.2645475 0.3529935 0.257076 0.3036006
0.2719086 0.2683814 0.3215873 0.196525 0.2379022
0.2630289 0.1285075 0.210405 0.273708 0.2656532
0.1905552 0.2759996 0.1982096 0.2352048 0.2544531
0.1191793 0.160095 0.1341477 0.2437912 0.204684
0.196374 0.2083245 0.1705502 0.2512145 0.1268566
0.1970766 0.1649415 0.1399493 0.09897271 0.1333697
0.1517371
