1 NaN 1 NaN 1
NaN 1 0.6509739 NaN NaN
1 1 NaN 0.7294806 NaN
NaN 0.6553982 0.912043 0.9877229 NaN
0.2642487 0.8437969 NaN 1 0.9432404
NaN 1 0.9963646 0.8574341 0.6254018
NaN 0.9466767 0.8232889 0.6289999 0.4768764
0.7762462 0.7761649 0.5244839 0.9298429 0.7448989
0.2731168 0.9572351 0.7245008 1 0.9243898
0.5350091 0.4737714 NaN 0.7404757 0.7621829
0.4771058 0.4869132 0.5883301 0.6331117 0.6816657
0.800835 0.7395685 0.6360687 0.7933778 0.5431643
0.4715423 0.5259871 0.4072778 0.8457644 0.6297615
0.6858588 0.5152483 0.4081862 0.6202292 0.8981765
0.7883594 0.4471152 0.5690436 0.6374806 0.5025536
0.407555 0.6076349 0.9037491 0.4508399 0.8103752
0.3545605 0.4692796 0.4636047 0.3621658 0.3320043
0.4389684 0.3936254 0.456061 0.4118895 0.3364478
0.5989458 0.435551 0.397546 0.6539768 0.5497989
0.4598112
