NaN NaN NaN 0.4578005 NaN
1 1 1 NaN NaN
NaN NaN 0.7179053 1 1
1 0.9965886 1 1 0.9017986
1 NaN 1 0.8699337 0.7553363
1 0.5042335 0.4244314 0.9976654 0.03278689
0.638926 0.8203376 0.3329701 0.4207821 0.7732815
0.7166248 0.9177301 0.4507566 0.6719042 0.65
0.8908256 0.3835151 0.961322 0.4664156 0.8725395
0.5141585 0.9624071 0.9210888 0.7185049 0.5027033
0.3513064 0.7145462 0.6969255 0.941784 0.7432811
0.8019744 0.8709747 0.8382301 0.7283313 0.7583888
0.8822442 0.3741631 0.7035869 0.5808195 0.917396
0.6690628 0.7755989 0.583422 0.6335146 0.5546101
0.8911236 0.6628559 0.7621091 0.5498303 0.6011888
0.8485092 0.8752014 0.8760922 0.5290199 0.8091288
0.4167386 0.4104441 0.5140908 0.3605224 0.653382
0.398067 0.3215518 0.6473244 0.7698194 0.6212741
0.3860374 0.5450311 0.3621101 0.3962906 0.3140224
0.6763875
