"quartet" "cluster" "phylo" "mutual" "shared" "clusterNorm"
"mb49" 0.872879787824585 0.245505161798791 0.790505657326119 0.210707842002753 0.104471619136014 0.122120066722064
"mb50" 0.899822596740215 0.231384323643856 0.874873909093126 0.205267549774918 0.103640310487574 0.106498610544647
"mb51" 0.781918669506135 0.25233137212685 0.285242500451364 0.199246642105704 0.130537337844241 0.169794777794048
"mb52" 0.8004112794573 0.234634853864551 0.591579459767478 0.188653214313059 0.114937045599454 0.134638913634835
"mb53" 0.799822261719618 0.200211956697757 0.758444780031564 0.162995612273752 0.0803796592277556 0.0703830563514354
"mb54" 0.729446409719778 0.200091760451265 0.353321193747895 0.150165103007225 0.100506470225386 0.140261913135333
"mb55" 0.778041274949889 0.200607085246734 0.624821998703538 0.162051977517979 0.0937319321355206 0.0966408458734117
"mb56" 0.800619271736438 0.207752866247116 0.655482219298595 0.165898640315235 0.100248128520726 0.104205069575999
"mb57" 0.907720540044567 0.22188200059962 0.861936056023848 0.192878210875063 0.0952789399101974 0.0952140313450646
"mb58" 0.77185671707694 0.194429015611191 0.668528099881929 0.155687525291109 0.0964954046585803 0.0893328812797124
"mb59" 0.772812171439174 0.212226034516405 0.552435333653776 0.172736382535041 0.108722536156608 0.124885727838642
"mb60" 0.757122175054597 0.199493174629992 0.589569904517169 0.161240503597349 0.0990562839031879 0.0948371253644943
"mb61" 0.866206030150754 0.247737813963572 0.770006790686073 0.211520900881209 0.106329016873115 0.124471093349255
"mb62" 0.669873872703908 0.196159120041155 0.113648079328712 0.134265021855175 0.0633654647289815 0.155906854447187
"mb63" 0.698747042026598 0.193958698597087 0.294028527254327 0.138269736572292 0.0797818761672351 0.133633631716285
"mb64" 0.797831428266211 0.201010894127533 0.668528099881929 0.167375656736349 0.0926027202376992 0.0967962908209661
"mb65" 0.74608594337867 0.198111951113587 0.468687989620493 0.156335667973628 0.113150293692635 0.120082648332727
"mb66" 0.739064747156326 0.208756073902594 0.464562508603023 0.159552567916593 0.0936183798627214 0.120899480574065
"mb67" 0.782342090832045 0.250918041575633 0.477754165280793 0.212553348938572 0.101114661514451 0.129206193345996
"mb68" 0.825328223110169 0.183626427133172 0.772554056936011 0.151884873666139 0.072321899219422 0.0509809465125279
"mb69" 0.760260958530979 0.192943245681208 0.555415353362909 0.155679269671795 0.104505637563134 0.103885916654317
"mb70" 0.783623055809698 0.19892765914536 0.761234998165714 0.169546425646673 0.080196145234655 0.0687683433661586
"mb71" 0.659958832761689 0.190529211831491 0.136484841248459 0.132216378386517 0.0717052469311518 0.149411304520518
"mb72" 0.74647564469914 0.197247076972993 0.504390347771588 0.157499501616983 0.107899625230576 0.108430198384014
"mb73" 0.662958991427452 0.18915131485007 0.159286429121921 0.127487898549429 0.0711749723314304 0.139997646419984
"mb74" 0.727880878881424 0.224036611851216 0.205193006183779 0.169371965034126 0.101924805586277 0.148675796641159
"mb75" 0.794346274277957 0.218395743510223 0.611508523530433 0.18059872637049 0.106813892206814 0.115868899464425
"mb76" 0.656156040935632 0.172224125916578 0.396979903232061 0.128523015396805 0.0764378870751777 0.0995288940020951
"mb77" 0.654581995667267 0.188031230422759 0.113618594959304 0.125206324879294 0.0606958436090408 0.147377907307272
"mb78" 0.662922025118212 0.191100473791207 0.113648245538144 0.131603516151337 0.0675448244319109 0.150355933922303
"mb79" 0.674503023136476 0.195418741040649 0.148018354460523 0.13399006894622 0.081203565770176 0.144592811213535
"mb80" 0.698761301541357 0.20525677539681 0.216420293307965 0.152592566704333 0.0850093526167979 0.135688309906829
"mb81" 0.698747304651402 0.172220086469316 0.454322800562276 0.125714973920939 0.0849908112111134 0.0919531780065548
"mb82" 0.730872990180209 0.143397319691577 0.804522776680111 0.121804007622181 0.0567053802920805 0.00309789088211745
"mb83" 0.79148718697525 0.198015794823532 0.705684435556399 0.1604910531468 0.0764118885770339 0.0664286821229704
"mb84" 0.814410038453754 0.204860387070716 0.778867082733126 0.174770413747577 0.0867151206687964 0.0745677120756405
"mb85" 0.650229709035222 0.17485032549049 0.643561539354259 0.144918378232047 0.0636663382877382 0.0403176419295198
"mb86" 0.649644998167337 0.183817194770529 0.113603563558134 0.123455548809122 0.0650796914788424 0.142714858064624
"mb87" 0.657933303424555 0.182552319744227 0.22640173776733 0.125059954176787 0.0719711679356157 0.130787688308243
"mb88" 0.642520708943186 0.177510935264797 0.1366798249951 0.119457426387186 0.0631298447240128 0.130840863841061
"mb89" 0.707915663994645 0.175299836567676 0.499783561926855 0.13459110862077 0.0809406627592032 0.0844409172204415
"mb90" 0.742795423538141 0.198396677785772 0.399592365532611 0.153209647290758 0.103383094194365 0.128008143916683
"mb91" 0.641075059269432 0.179037210665193 0.115319711165779 0.119308163112621 0.0608939509098626 0.133700690308572
"mb92" 0.818336011426531 0.166303528549116 0.840916732782235 0.143315074221495 0.067390525903067 0.0308433999721988
"mb93" 0.646268377861773 0.175714075687872 0.203704261635096 0.119371737645486 0.0637645879786007 0.125656155329436
"mb94" 0.77181150021617 0.181313131621364 0.64744629547418 0.146652752116779 0.0884953352872856 0.0748375882949391
"mb95" 0.651130902025677 0.184916253692155 0.13648801425089 0.126555545124163 0.0656264033737426 0.143050056062386
"mb96" 0.721972043626519 0.180912025055541 0.60025946516239 0.147362308424947 0.0885974697678464 0.0741530612682439
"mb97" 0.826596454794927 0.19667113563238 0.767343185014811 0.163832406421867 0.0784855739596363 0.0655051726744406
"mb98" 0.713874066168623 0.175877600429318 0.58882715677483 0.142988948276294 0.084804598132775 0.0684624556543839
"mb99" 0.644070893477069 0.138643750000663 0.630157159284284 0.10701416495099 0.0637822978302118 0.0259933948366266
"mb100" 0.711069841792238 0.187712365386325 0.365000896793246 0.140116246077482 0.0938449740957812 0.122298970520421
"mb101" 0.843989031606292 0.185078045018689 0.852235791552532 0.162133283399456 0.0792182605262608 0.0526684252324736
"mb102" 0.665378810931098 0.177474427529783 0.23711444730136 0.125315899563479 0.0569977241995337 0.119719261973542
"mb103" 0.623784743386566 0.169232162247332 0.102486370525345 0.113277714143701 0.0569997983032552 0.125990264355767
"mb104" 0.639072441211144 0.175974561458913 0.0923196611324834 0.120325056943617 0.0613098580516289 0.134130260745186
"mb105" 0.730243612596554 0.195955390427675 0.693967502835889 0.163224884675295 0.0781423549110096 0.0653661108006787
"mb106" 0.526156852295941 0.141158308127029 0.666515514693788 0.113916222228969 0.0511715845992029 0.000351265692196188
"mb107" 0.674412747569487 0.185925044182526 0.273581351351775 0.135399712543696 0.0783101499932236 0.134402207224362
"mb108" 0.739822742977317 0.173481644125447 0.770120154665731 0.149832112278959 0.070643020716177 0.0391878254613174
"mb109" 0.678101987629686 0.193299336991404 0.182233829425585 0.139785911349656 0.0798873574280466 0.133094505462419
"mb110" 0.632790577333264 0.173593624636395 0.147683101742105 0.119690897722377 0.0593581070149974 0.128925975094027
"mb111" 0.611820325968545 0.155009697043331 0.362781385236538 0.116868282392581 0.0712972226401757 0.0869595686634007
"mb112" 0.754030624645548 0.18407904487788 0.712593511342335 0.152720867485179 0.0696087378766067 0.0510510148644678
"mb113" 0.62962461330978 0.175688525542531 0.102201553797737 0.116666423339387 0.0555448186470672 0.131206195215003
"mb114" 0.77594837004853 0.185739705503566 0.689637112184372 0.153705351024725 0.0960085628722768 0.0798398668542113
"mb115" 0.790265372168285 0.193215275287311 0.666623021112233 0.159077540956793 0.100207840073143 0.0880599026723157
"mb116" 0.746772210267445 0.185966534117164 0.724098840007014 0.156232617505398 0.0707026586280268 0.0532462409912497
"tnt1" 0.662436164274946 0.189822622273464 0.148022841640077 0.130508081256663 0.0745086616593344 0.136140266215758
"tnt2" 0.64377221044647 0.181491753773791 0.113603563558134 0.121297052378553 0.0548714785180568 0.140272309652458
"tnt3" 0.641223748368216 0.179077514001669 0.113588034167779 0.120847579714909 0.064063594735849 0.137390255018856
"tnt4" 0.598221842907121 0.151092672714764 0.316985295549379 0.107200982993545 0.0699354606240359 0.0915244829658671
"tnt5" 0.871664096785672 0.150838914066253 0.89762410743983 0.130040516000683 0.0632156862391414 0.0128660740434117
"tnt6" 0.626470496187055 0.168310693095218 0.180921819395488 0.112168160511408 0.0568448351171148 0.121059555050358
"tnt7" 0.749660371725013 0.181628371162222 0.556603383427409 0.144079196388022 0.0953187674161105 0.0914666795345983
"tnt8" 0.730821114369501 0.172931624473924 0.590756098059239 0.135507230657702 0.0801114491983183 0.0653660117181638
"tnt9" 0.735631128729397 0.198380544621 0.416148437971427 0.152837528729172 0.0863149312478093 0.120265147645585
"tnt10" 0.723427434076482 0.198458242356095 0.38276834917819 0.148045668565409 0.0862096100627309 0.128103070121554
"tnt11" 0.706574678991931 0.195186412985038 0.309719448085655 0.142664245548565 0.0836301914065773 0.130332880834707
"iq1" 0.636198406409058 0.174293596023893 0.147678383531724 0.120864519251329 0.0611817818823207 0.130549399710299
"ufb1" 0.681944366157488 0.172566125482255 0.386188523971176 0.122843415669579 0.0866557587138478 0.100123289458405
"ufb2" 0.689402363112991 0.175842213221372 0.386175200863657 0.124898172853375 0.0916409526402743 0.10963898217771
"ufb3" 0.660319143606273 0.164516244836217 0.329341421954262 0.113728076320377 0.0776303762918256 0.102159377837781
"ufb4" 0.659051615284496 0.174270005521765 0.442540994354084 0.131598164709717 0.0867766317256029 0.0939016414400241
"ufb5" 0.711590089744573 0.167736122639232 0.735604168671694 0.142508272252116 0.0668821920137666 0.0325087638847757
"ufb6" 0.570618327402135 0.14130226957875 0.674291926708204 0.111551052393765 0.0505182564830575 -0.00063235550115111
"ufb7" 0.634904954348152 0.165042207142064 0.214377616629128 0.114754381954454 0.0535646207790875 0.109598222822405
"ufb8" 0.738190096755834 0.176758381596503 0.738484799819009 0.147123459871825 0.0700124029798034 0.0429969716618601
"ufb9" 0.72150076809876 0.192527571705176 0.353574388688817 0.146848569390942 0.0922689723285522 0.127501944643279
"ufb10" 0.6629336287038 0.191163701381051 0.116246425354388 0.12901896628951 0.0551625078472118 0.150799691491596
"ufb11" 0.446147473073737 0.130682793284588 0.624733808085487 0.101021249783463 0.0411577184510917 -0.0105650404634209
"ufb12" 0.641320711982733 0.179357006999741 0.180442012066 0.121241667659998 0.0674932190458364 0.132791486437671
"ufb13" 0.744474743044564 0.238250582544131 0.459430733131331 0.190352045489224 0.113346420447384 0.138905521197628
"ufb14" 0.640478217418662 0.155078901234327 0.386102913468195 0.108639127354037 0.0710797826957224 0.0811050375867362
"ufb15" 0.604175070592981 0.139490422711409 0.720788886642838 0.11376174765679 0.0507720099160159 -0.0015900694344893
"ufb16" 0.62569471164123 0.161135595008129 0.345339259146321 0.11781677401754 0.0720816533962208 0.0935825847265446
"ufb17" 0.707141037615692 0.156624520699222 0.761234998165714 0.131564390147098 0.0609384658143573 0.0195917338554873
"ufb18" 0.631376998899291 0.174635106970369 0.158384079387783 0.114678442001288 0.0587529472552283 0.129038687674785
"ufb19" 0.630943036329978 0.173051299698495 0.214978607443959 0.116884577860143 0.0621734466569291 0.118257675744672
"ufb20" 0.651602154890543 0.183732043897567 0.214893385727948 0.125580624638677 0.0723125053501958 0.126556842722189
"ufb21" 0.652418059517852 0.182326146663828 0.18326839760238 0.121197022068382 0.0628047103368949 0.134473035525904
"ufb22" 0.717635564240352 0.21086523996277 0.339121638757213 0.161186105639986 0.0870103584750629 0.134225233829394
"ufb23" 0.765280768593672 0.240012687162147 0.440077061494224 0.184745292222547 0.109393302734403 0.140897434184858
"ufb24" 0.639140701111276 0.162617768458045 0.454269987906906 0.119260927184989 0.067244895268453 0.0703616394889119
"ufb25" 0.632766180577648 0.171309951629853 0.124840255691744 0.11780610014755 0.0518637487084408 0.128148964157785
"ufb26" 0.659057217226543 0.18864719210176 0.102232065671592 0.128740205120976 0.0544302011120311 0.148157805788468
"ufb27" 0.636954963893942 0.178236702618675 0.158040112212621 0.117649725478143 0.062094905299619 0.135470968101542
"ufb28" 0.630960376091336 0.159160096093265 0.480762056076239 0.121892348240763 0.0698060312788931 0.0661068964930298
"ufb29" 0.640218418229275 0.159132509204823 0.495492206777507 0.122466164842933 0.0722435657762688 0.0660648375048431
"ufb30" 0.607381526188948 0.147118270099372 0.476825974111597 0.113201400654246 0.0746425492374695 0.0641091589834936
"ufb31" 0.608571575925321 0.154896619868394 0.332899574449859 0.111976036188351 0.070728416607126 0.0916868095349719
"ufb32" 0.771878207321245 0.221121579746506 0.66265335211521 0.180837736508532 0.0866415989739595 0.0937489549512127
"ufb33" 0.696854910112792 0.208499683746208 0.305067957381434 0.155990265516208 0.0787197186076179 0.131629937076579
"ufb34" 0.700134263352654 0.17417426410428 0.465648381411894 0.127182454535419 0.0768879266337436 0.0831913381153529
"ufb35" 0.61457033780781 0.156609677855835 0.332400954099366 0.112352343719499 0.0624602695255863 0.0886999729598022
"ufb36" 0.625834499423633 0.171852358291417 0.159988454442545 0.115717713736064 0.0583020995100858 0.126119522258553
"ufb37" 0.65201758102097 0.184744235240263 0.102232065671592 0.127572353347141 0.0461792801928776 0.144060077519772
"ufb38" 0.620499459035714 0.169242946070554 0.158432585883058 0.112410483363591 0.0575277182579067 0.125269161199744
"ufb39" 0.634208149337615 0.177479666037505 0.15837136253483 0.11752661335014 0.06360553659939 0.130787007758197
"ufb40" 0.659295929592959 0.144288021155982 0.772554056936011 0.120510446938118 0.055854064979167 0.0052507832061894
"ufb41" 0.632460002451235 0.170097154646583 0.180891889726549 0.113302417195029 0.0590336627991939 0.121458040998137
"ufb42" 0.636316667485314 0.178196189987953 0.169674118164182 0.119061233799022 0.0601133464287879 0.13010137945485
"ufb43" 0.793320583982462 0.207842549123068 0.635061582896855 0.170255407366132 0.0960272988728952 0.104817328809911
"ufb44" 0.722824382253511 0.188387271202313 0.411662792475093 0.144100487517843 0.0897369541986465 0.109411689206671
"ufb45" 0.699443270146994 0.18381271296824 0.353574388688817 0.135770161525259 0.0851784847916829 0.118085279709292
"ufb46" 0.644964017666862 0.178936873113032 0.182881977359939 0.123189581594693 0.0675725527186575 0.130883299862987
"ufb47" 0.621087571809908 0.167886188398692 0.158410632367682 0.112569182594663 0.0532846661944322 0.125162950547024
"ufb48" 0.658241441550759 0.182851930777782 0.237683694575494 0.130795216174836 0.0690960242227968 0.12561508238925
"ufb49" 0.672311241404852 0.188414820598606 0.271506858301455 0.136767872727072 0.0768824660540531 0.123228669099959
"ufb50" 0.639130934434763 0.178966050129833 0.158208831969092 0.118522328425246 0.0588513439508467 0.137619413520581
"ufb51" 0.628439017480651 0.170816671497388 0.1488614285838 0.116180950018069 0.0597785737754659 0.128242796532714
"ufb52" 0.677898182018207 0.176182107323791 0.318747654531396 0.132272217892192 0.0764159029367802 0.121508663150143
"ufb53" 0.727424086260208 0.187458887406807 0.693967502835889 0.154028322292486 0.0717623053411566 0.0538536768630377
"ufb54" 0.6616834998029 0.191164389553548 0.125065350459793 0.131909745328468 0.0676210122691295 0.150423069142985
"ufb55" 0.641369151521567 0.180325862410579 0.148758199027159 0.118072062425386 0.0569786789990261 0.139048351999326
"ufb56" 0.629684848626698 0.174303648244403 0.139094283762742 0.113405031288043 0.0556124861960975 0.132374839332754
"ufb57" 0.682326796976478 0.170276388797476 0.511156677610868 0.132181781339415 0.0689109114414113 0.0785403732162327
"ufb58" 0.731254314693856 0.188278207308197 0.492908730645347 0.15081040468458 0.0990650909991743 0.0984690096815054
"ufb59" 0.657731106368423 0.178229496508455 0.250617030277703 0.127117314537523 0.0732644971989284 0.128350689339739
"ufb60" 0.622292961431642 0.167008226719661 0.181188504775397 0.114576733990237 0.0541543484588498 0.120993614982715
"ufb61" 0.633918247286743 0.175211005538128 0.375732053960323 0.126661670341053 0.0684741215183709 0.0948850036182264
"ufb62" 0.624138781404288 0.171942724106345 0.148866028918113 0.112749927446884 0.0582724423581572 0.128841246729889
"ufb63" 0.694001792083209 0.178630599755999 0.374740455406882 0.135093342356982 0.0809210865450826 0.098485235196399
"ufb64" 0.682963265676792 0.185032036640306 0.316754641181419 0.133399543515285 0.0822934011123758 0.119360243984231
"ufb65" 0.77815256875973 0.19606977342537 0.715734601472305 0.160911098004422 0.0741135009529614 0.0654461045148493
"ufb66" 0.627947946403313 0.171160466673833 0.139094283762742 0.116014477727887 0.0557422969972182 0.129071704538857
"ufb67" 0.72324100878269 0.190111757925012 0.388241804900961 0.144709774633211 0.0952449015459481 0.118995727866646
"ufb68" 0.624662113006764 0.166724348417359 0.124842417376866 0.113970510176396 0.0481666505146948 0.122579149215024
"ufb69" 0.650284736759178 0.182058981335315 0.113648484124846 0.123640629766814 0.0530208355120281 0.14051081989098
"ufb70" 0.656506497050612 0.177178212635487 0.250617030277703 0.128636477741201 0.0688457062680125 0.127235595941658
"ufb71" 0.715231516087432 0.193397786559705 0.404775203631412 0.149086675938721 0.0848060499159812 0.11479683484709
"ufb72" 0.673871448662156 0.18012197571582 0.350254394076649 0.133398186597471 0.0746404937767238 0.108157341235161
"ufb73" 0.664651298134437 0.178066533961273 0.286697986354986 0.127282636400896 0.0701985379756343 0.111833446790262
"ufb74" 0.564524038723505 0.12865277974425 0.508069247486464 0.0938207106495471 0.0592516565500884 0.0322696003854174
"ufb75" 0.723662567556983 0.184987148298299 0.682250570115379 0.14846351895976 0.0711200802132294 0.0512231901899034
"ufb76" 0.646078146168743 0.18185296526238 0.162243414447208 0.118883718045365 0.0605711823190895 0.135431100373011
"ufb77" 0.662574812631428 0.187342223020402 0.282811734033383 0.136310893960647 0.0747385409003809 0.122069920973415
"ufb78" 0.686511354049494 0.196821775447049 0.282811734033383 0.14414201264066 0.0850663292761258 0.132310866727967
"ufb79" 0.567447441703724 0.150332111560127 0.226972410058861 0.105597902480438 0.0564639357226514 0.0986729865021797
"ufb80" 0.641072471848308 0.177050584005704 0.137246662532365 0.120595890864406 0.0515157357822765 0.136029549698055
"ufb81" 0.660162315138034 0.183339691663008 0.260261436842954 0.133214867354594 0.0742282073639093 0.122391562407146
"ufb82" 0.732637120054339 0.17797319643507 0.73859688062512 0.150405425871101 0.0708762389643967 0.0444091712559875
"ufb83" 0.753561486818405 0.1821037981427 0.735434122702205 0.152575566379442 0.069918920515464 0.0492109187073938
"ufb84" 0.608036747414011 0.168216642160395 0.158179068622068 0.112106609236015 0.0490513798588037 0.125513905699999
"ufb85" 0.701861642153792 0.198551095026549 0.463071764511672 0.153228990897474 0.0765430385760415 0.094028546264261
"ufb86" 0.650042087542088 0.187662033744788 0.420232411605242 0.148843908236019 0.0676147033254768 0.0820122063657268
"ufb87" 0.812985518365781 0.161764905162869 0.829541633608883 0.139023911445766 0.0650162175889562 0.0255673349288059
"ufb88" 0.502012882447665 0.131131291301083 0.681665344355304 0.104261476725424 0.0474875577969949 -0.0100436698835163
"ufb89" 0.561111917549717 0.127587549667014 0.586008234028096 0.0970080280142528 0.0576668540315321 0.0138027216082248
"ufb90" 0.630195474745128 0.171427885076718 0.1488614285838 0.115956886892457 0.0582335601341066 0.128886488636001
"ufb91" 0.628634962006245 0.173616863644585 0.1488614285838 0.11334215006849 0.0596355333074839 0.131187240373052
"ufb92" 0.593758761241347 0.150495478234628 0.318606626063175 0.109769274363866 0.0601875829612018 0.082081803470328
"ufb93" 0.657413575837353 0.187856838519927 0.183220361958646 0.12508065175088 0.0667575611312922 0.13862548679625
"ufb94" 0.688336549594751 0.178985103621677 0.442963740426301 0.134310091135447 0.0794931260068821 0.0885321977528914
"ufb95" 0.632960679585992 0.176201189896333 0.15797229640709 0.118013615615607 0.0678383299834237 0.13260494688624
"ufb96" 0.569999776999755 0.149933823128781 0.327843987139878 0.109288048195947 0.0664052719925844 0.0814462425441701
"ufb97" 0.570885256513999 0.139854088592879 0.307021534880287 0.102612668262649 0.0610214118258073 0.0755181236086138
"ufb98" 0.619487365561861 0.166613416967826 0.158215332961528 0.112704108314803 0.0489264160832064 0.123244831105008
"ufb99" 0.620274723034555 0.16660414144686 0.192089028719351 0.111889482762781 0.0520491049586377 0.117828782252365
"ufb100" 0.625483301508045 0.169752369469937 0.191986074174089 0.116961017670654 0.0623025295869905 0.119420633230841
"ufb101" 0.691976604438747 0.180255277352261 0.318886063698804 0.136438572972311 0.069751966016871 0.122728800479089
"ufb102" 0.71851423337431 0.186577548927208 0.572416207278296 0.150176542819702 0.0927879214356042 0.0804744019311444
"ufb103" 0.64378140542754 0.179308748291631 0.146875762703506 0.123694142318468 0.0515204379569638 0.138400275257914
"ufb104" 0.631246576121067 0.173960486075895 0.148715618815932 0.115257040386105 0.0589330383730506 0.131548505674439
"ufb105" 0.720079558539832 0.173929741457612 0.533918742441816 0.137171722209936 0.0903756072966798 0.0829198759039586
"ufb106" 0.739537308927248 0.183167203693504 0.511142777977096 0.144496330830369 0.0976695010610733 0.103961798707455
"ufb107" 0.640563314418295 0.177686821974465 0.148758199027159 0.121052474554145 0.0570955366326518 0.136276181857422
"ufb108" 0.630988835725678 0.157273875737461 0.501141079143567 0.120159546061858 0.0725098184628978 0.0641929890338574
"ufb109" 0.674365399280967 0.192032151365118 0.271285140538043 0.140394736021242 0.0750473117797878 0.12130605813817
"ufb110" 0.696283665028757 0.20407592268563 0.305067957381434 0.155241722366735 0.0759839340484632 0.126776544612109
"ufb111" 0.686253864283309 0.183496838835448 0.361604954708299 0.134824360995138 0.0752924236631106 0.111828432310208
"ufb112" 0.700927336016534 0.192313006821433 0.331530313704979 0.139388061975994 0.0790410017380316 0.12729266282605
"ufb113" 0.59252685211422 0.171162576567386 0.295637415009965 0.119079023121102 0.0718739006259623 0.104295939548081
"ufb114" 0.576574639745358 0.156913017332529 0.239172379114016 0.108032275987029 0.0581012106762529 0.100838019607746
"ufb115" 0.561866091491195 0.13391700669909 0.396239308195182 0.0980389234044603 0.0643386599001545 0.0642612526662831
"ufb116" 0.622720566342477 0.169060152043518 0.181174975041541 0.115232171064657 0.0558150780411976 0.121893611210971
"ufb117" 0.702777043932307 0.176990976002898 0.499782256870603 0.132521119235198 0.0709911404372728 0.0859973395322178
"ufb118" 0.655563695214392 0.188872467816017 0.23757832721474 0.133368242824564 0.0730093292980445 0.132057325821533
"ufb119" 0.691553397125201 0.180382290298882 0.318886063698804 0.136252726940512 0.073271531956854 0.122864726697287
"ufb120" 0.77613657565769 0.165639024963009 0.750032363872084 0.138432342211971 0.0865891986044776 0.0571249622867988
"ufb121" 0.667331511294991 0.191609349506216 0.226261470897311 0.131204621635111 0.0805539923271425 0.13804538200159
"ufb122" 0.628631200114812 0.175056922490833 0.135453096788979 0.117499433909942 0.0404572226705543 0.13389161659259
"ufb123" 0.613340864647439 0.166161868864314 0.135508527997441 0.110747632050432 0.0481033395278758 0.12416868977622
"ufb124" 0.605430742319886 0.17060841107799 0.307841577602612 0.123464235142593 0.0747442485212679 0.097698378633112
"ufb125" 0.591097364174287 0.163021237601218 0.279650524469496 0.117390938183659 0.0688408173156058 0.09547505967879
"ufb126" 0.649370975212539 0.185441236088097 0.237469863556663 0.130542078302757 0.0704775616394853 0.124649947075296
"ufb127" 0.659536962096269 0.184954840390648 0.214978607443959 0.124900628102417 0.073358818163998 0.130949945087305
"ufb128" 0.652236248447596 0.170880402132412 0.248434015360047 0.121210789993759 0.0533816125720109 0.112662224797261
"ufb129" 0.735768159484242 0.162861256006679 0.670394230965662 0.132972900384168 0.0814565772031381 0.0539859264404236
"ufb130" 0.634068056862648 0.173769155932669 0.345396288546217 0.128820667844086 0.0700496139899652 0.0933298229424011
"ufb131" 0.652925759801849 0.18299407823571 0.226318218500471 0.12409415438232 0.069549934872182 0.131383274248506
"ufb132" 0.642534009240246 0.162574486301785 0.467048021303747 0.122391367840347 0.064665131053707 0.0701161506263892
"ufb133" 0.638362581236122 0.177868381587491 0.139094283762742 0.11685686275178 0.0611800472505082 0.136120589611239
"ufb134" 0.629758422484505 0.172571166988687 0.364254781832134 0.124871727849705 0.0661830507722738 0.0919880718269809
"ufb135" 0.624748048717729 0.167860434637276 0.169589274418164 0.115606615252057 0.0542558105076889 0.123825285467539
"ufb136" 0.607433370808809 0.140482749313703 0.568002345800261 0.1064906666907 0.0604741027375724 0.0286969496385423
"ufb137" 0.654314558339944 0.185240377294598 0.150229146426866 0.124716817220574 0.0539367507038875 0.144627574386045
"ufb138" 0.613552135067495 0.170449947617266 0.161706136186631 0.112729332105468 0.0491758810209374 0.12726802041142
"ufb139" 0.607514454025815 0.166447439589542 0.148652131922029 0.112268065257877 0.0481511680774032 0.12232223931361
"ufb140" 0.679667885530935 0.165699863433107 0.454322800562276 0.120016340351135 0.0824046109147661 0.0848007118619424
"ufb141" 0.671824024580401 0.195970427463542 0.282598959444868 0.144668136207997 0.0732406120861063 0.125589074293963
"ufb142" 0.640895741260742 0.181006567674987 0.16963359576718 0.12197656487813 0.0575997319567729 0.131359164458839
"ufb143" 0.667171217325493 0.170275424920094 0.431100246170222 0.13111410344393 0.0701983473054112 0.0785393027705073
"ufb144" 0.611637103366984 0.160478663636447 0.343826162026708 0.11761802879538 0.0701464188297066 0.0787391888638695
"ufb145" 0.586950025592246 0.147059962613685 0.294208031557031 0.105089597850317 0.0667088953800082 0.0904561054246689
"ufb146" 0.581005702008099 0.143044186896328 0.375382238705481 0.102521387966696 0.056906956876033 0.0598101597198417
"ufb147" 0.731263383297645 0.180241952570542 0.69762641433153 0.146385090517781 0.0693549564840599 0.045699189365737
"ufb148" 0.639871485943775 0.155294226957997 0.503849057082334 0.121481292742402 0.0704411858118162 0.061994683850553
"ufb149" 0.546167263724516 0.124023559804044 0.492451942388211 0.0912637816396653 0.0571185275423379 0.0271283240279579
"ufb150" 0.543953754117093 0.141489677060387 0.305247618037767 0.100683469431173 0.0631589678158358 0.0772429566265141
"ufb151" 0.633846958713067 0.178160843009098 0.158098687188281 0.117667656560911 0.0576745108060264 0.135971096679234
"ufb152" 0.631670630475439 0.172539496740704 0.148715618815932 0.117765483343679 0.0590760788410325 0.13005407910986
"ufb153" 0.64605180864835 0.183461759107297 0.399150292254125 0.139521622636724 0.0744344375316342 0.0930222308015097
"ufb154" 0.598193113585623 0.152031248076726 0.385561855171109 0.115806915244655 0.0713553539639065 0.077562678736561
"ufb155" 0.648881085801616 0.182909264117523 0.171350374511405 0.121440239015034 0.0654466475592221 0.135090478002292
"ufb156" 0.663994820616008 0.194995321034968 0.248766893335069 0.136479022247527 0.0730627587261613 0.134917062395162
"ufb157" 0.68096126277496 0.171988675024721 0.50688932147163 0.133247591376306 0.078066965899103 0.0803806963744137
"ufb158" 0.631795202529802 0.157249867731539 0.465397647525759 0.115520811682125 0.074482585607705 0.0752612698300117
"ufb159" 0.594039740881074 0.142840839519429 0.316620484319847 0.100553631567108 0.068401595377694 0.0788749171075788
"ufb160" 0.699798329011812 0.180204887227464 0.678020843358468 0.149561716195424 0.0687696466318917 0.0470574822897685
"ufb161" 0.69443207398686 0.186481051502898 0.344350127236118 0.139797935140803 0.0802251923990385 0.114993929549354
"ufb162" 0.654457065109382 0.163517490830649 0.441072319390465 0.121946370678702 0.0580965985452428 0.0711632702411289
"ufb163" 0.585114598250099 0.140518762084677 0.424627951232636 0.104811765772397 0.0697480932735961 0.0650554940100591
"ufb164" 0.638599339459484 0.17782216663411 0.158268885521182 0.118660211843814 0.0564260065517435 0.13679556425579
"ufb165" 0.652139081148836 0.157839267267283 0.374792720950023 0.111836954121824 0.0753768337249588 0.0901898893697242
"ufb166" 0.777651601181013 0.174352107045987 0.749803858589306 0.141523676235342 0.0689163146216325 0.0401997223727356
"ufb167" 0.62378773721687 0.158882639706079 0.436593729702189 0.117824582221607 0.0670892951735934 0.0660239005443976
"ufb168" 0.594378710862415 0.146932870596704 0.419028883324782 0.106200886300103 0.0691568223490917 0.0640784717001618
"ufb169" 0.667349856612755 0.182553198817071 0.273457952828525 0.130912829921402 0.0805490619356612 0.132936826370445
"ufb170" 0.689552868953005 0.19602057155714 0.293998527415122 0.145111080766168 0.0815497927945171 0.125643607789745
"ufb171" 0.630972329869863 0.173424530342303 0.16019226783102 0.116988020908928 0.0580229859802754 0.130409723566342
"ufb172" 0.667169679375405 0.196951292324156 0.248620379345646 0.138170184672655 0.0754290036493577 0.13245078634158
"ufb173" 0.498749759569148 0.132781245171962 0.636164947661895 0.103893704663258 0.0454847878448045 -0.00812562927945622
"ufb174" 0.609230379104856 0.1560496040222 0.366883339752145 0.114125275969208 0.0660396985980435 0.0819516613770079
"ufb175" 0.622629857866869 0.168678204037951 0.16949846698028 0.113997587222284 0.0542634337138306 0.123818181632547
"ufb176" 0.690834044975804 0.170062128383267 0.443008651482607 0.122378929450681 0.0892441718052434 0.0974000643862417
"ufb177" 0.59710923785112 0.163685235493275 0.158531551652419 0.108686239539085 0.0486969334614813 0.118524240412935
"ufb178" 0.633446282909512 0.177301701773198 0.148614564239782 0.115616100366475 0.0593396749303768 0.133765218760138
"ufb179" 0.646152859619511 0.181021140406663 0.215042140770083 0.122639493124037 0.0654292785159269 0.129285704633003
"ufb180" 0.76492756050582 0.174486151436937 0.749915939395417 0.145492878868882 0.0679016203391322 0.0403555464773516
"ufb181" 0.611363557828536 0.162623236664531 0.158391044481158 0.108404246009926 0.0454590757516264 0.117424434299391
"ufb182" 0.771306511983382 0.235291434489827 0.516835024148378 0.193171048731501 0.115262452335539 0.135836119956298
"ufb183" 0.673130457674492 0.173748921482318 0.307335734413573 0.130161000340895 0.0700161946553267 0.118913996656877
"ufb184" 0.590144441202218 0.157822792284781 0.355705084143469 0.116088695444264 0.0703089916519259 0.0837151614809327
"ufb185" 0.535943401618981 0.138301231493182 0.282236294227465 0.0983488478443783 0.0582300431710886 0.0738159033623469
"ufb186" 0.649109666494106 0.182851229992053 0.125066662686652 0.124051408548854 0.0530170175595865 0.141343311639021
"ufb187" 0.679990794239132 0.178858102247449 0.363239495829837 0.13119841200983 0.0799438288149475 0.1068852309994
"ufb188" 0.604103221476672 0.166709014120723 0.135382214005224 0.110324850153955 0.0405289622154888 0.124397633307137
"ufb189" 0.652169821382638 0.171497524755524 0.259859228724936 0.122513329507629 0.0533626992492223 0.113322679835145
"ufb190" 0.650942677730262 0.175987808006009 0.239100807180686 0.124952172388421 0.0687153804724595 0.127718312222378
"ufb191" 0.666967098110999 0.163814032694208 0.350604823144459 0.121274314196035 0.0651547615402039 0.0826260346961125
"ufb192" 0.690371824597627 0.200531002988354 0.282598959444868 0.147522299999957 0.074758124438899 0.130548863339811
"ufb193" 0.569265720081136 0.149376924749649 0.218059323091402 0.103923685997345 0.0567203770117318 0.0994906799653376
"ufb194" 0.60412097298608 0.152851381194894 0.3245745697061 0.108788893095388 0.0604338575848709 0.0845484294587554
"ufb195" 0.701870117969012 0.185465512867731 0.341716415924756 0.140214947277922 0.0836304673679363 0.128304669934741
"ufb196" 0.631956654249915 0.173490408895783 0.148614564239782 0.115449310380457 0.0598827997866531 0.129751373766208
"ufb197" 0.599290840682106 0.16393491667594 0.158138863869346 0.110177960363394 0.0474834545109621 0.120412670111948
"ufb198" 0.599883526560643 0.159575095486364 0.169841585180776 0.110774827185957 0.0569476570036435 0.111846788288407
"ufb199" 0.644972233778919 0.178128630687841 0.18326839760238 0.121668708470818 0.0630508425670291 0.130027754209444
"ufb200" 0.625942423134823 0.174074005244528 0.157746700420296 0.117132276041193 0.0565993816868709 0.128463398819073
"ufb201" 0.672174355800046 0.170597006654917 0.408882619880839 0.127035976276711 0.0803328286838557 0.0901727138478861
"ufb202" 0.642572467141038 0.177603334563612 0.150188734060699 0.119517183598903 0.0535540232445885 0.136427494966902
"ufb203" 0.637223615226806 0.140248593685637 0.761178957762659 0.114691011178601 0.0522024455415177 0.000555024105271061
"ufb204" 0.668117473987764 0.173419585650229 0.307225089046326 0.12883004882682 0.0723787042783949 0.121132614059396
"ufb205" 0.613565686660296 0.163640969077117 0.14697685038471 0.109478603433787 0.0487032158936285 0.121762792666437
"ufb206" 0.638181423075537 0.178440349592914 0.158268885521182 0.119777887612303 0.060193551748556 0.137444594490474
"ufb207" 0.630581554774695 0.17693392824795 0.14872614564246 0.116085032389457 0.0547320437648991 0.130232955983043
"ufb208" 0.64878819057796 0.171987532306225 0.19493373688471 0.120063128885556 0.0586985893399129 0.117005115186434
"ufb209" 0.674269822930381 0.181763299709931 0.276656106696984 0.133233737158671 0.079308815937796 0.127428804522859
"ufb210" 0.682032922181014 0.174303057290121 0.365368628569153 0.129399761398009 0.0804442215045404 0.10179887023536
"ufb211" 0.693882857700059 0.155769965378263 0.613445122574049 0.121282748072871 0.0731777074875294 0.0459723674189137
"ufb212" 0.66212164889017 0.171983909706189 0.522559569026474 0.13561568833218 0.0719247618250516 0.0642950404909562
"ufb213" 0.666181309880893 0.192036986119935 0.260162679978214 0.134765428362346 0.078051158829123 0.1317379441545
"ufb214" 0.618435376321924 0.169543040658618 0.158391044481158 0.111987800755779 0.0536618807029242 0.124715345424732
"ufb215" 0.675666489644185 0.170052779278627 0.397484061071078 0.120137133709493 0.0859333100727781 0.0973898967561878
"ufb216" 0.613261176997718 0.149826484688098 0.328111482262454 0.106205559021651 0.0642538400490269 0.07530899980087
"ufb217" 0.637819661258952 0.177620314963163 0.20383095414676 0.123441813029757 0.0715994442593401 0.127652947696072
"ufb218" 0.63636280932966 0.178855819782818 0.170440410596926 0.121474619510241 0.0689411697140235 0.133444069922361
"ufb219" 0.662391464046148 0.183544077789697 0.214893385727948 0.130497406321743 0.0737422382499599 0.126355710594569
"ufb220" 0.662507403630679 0.19126727309381 0.248868114277759 0.133006026267634 0.0791996690094857 0.13461987439062
"ufb221" 0.615049639797857 0.166040275974869 0.15842344352766 0.110414737262631 0.0458305879679192 0.122632238743283
"ufb222" 0.35846230654019 0.130974585359371 0.563080920691333 0.0954764502482217 0.0424854568628491 -0.0115020777953912
"ufb223" 0.62932095177729 0.17250385370485 0.146891410698781 0.11371966374962 0.0426650498200576 0.131210114229206
"ufb224" 0.554229011518099 0.153697084932764 0.327060862585888 0.113517236375906 0.0607673429989476 0.0714366685201335
"ufb225" 0.614307359307359 0.156296753651015 0.345339259146321 0.113791438089302 0.0665025262505546 0.0883502765994829
"ufb226" 0.708593042459112 0.177781725564763 0.396141688907483 0.134533383102605 0.0794747672070093 0.0979498960090374
"ufb227" 0.627239570322258 0.171499654618678 0.35700588205121 0.128338505072671 0.0710238583215745 0.0906792642539776
"ufb228" 0.490101548876808 0.141819694399895 0.613526830121301 0.108510896651826 0.0461350679112758 0.00238139938533163
"ufb229" 0.657866096224574 0.179537623223451 0.250518498789757 0.127169334131648 0.0759015372448376 0.131476070710971
"ufb230" 0.652355072463768 0.178387570836242 0.463266893875164 0.13832040247383 0.0618546706419655 0.0712353560686456
"ufb231" 0.644637100928774 0.168844639191664 0.407268713070526 0.121861534866648 0.0689525209232878 0.0770917819964704
"ufb232" 0.620332538093802 0.175749353377785 0.295163658799102 0.126896298529397 0.0668771746191994 0.0958246655213133
"ufb233" 0.653648987339895 0.178948186076809 0.305800775940444 0.127839004514577 0.0772019250964824 0.112802342130597
"ufb234" 0.649954827965299 0.18402628684283 0.18326839760238 0.121128666120472 0.0631189182964798 0.136272872501432
"ufb235" 0.722958988118053 0.180048244993358 0.697511737456851 0.146863336154774 0.0698845699584483 0.0450139371158425
"ufb236" 0.591676359253072 0.14748726751831 0.309368591339943 0.107886642038789 0.0618400608526882 0.0837298785979374
"ufb237" 0.692620624408704 0.179607752946437 0.353932040403248 0.135823546620654 0.0801993906035171 0.107569369537348
"ufb238" 0.666252679233188 0.167789533322827 0.420183410362126 0.121582263423473 0.0786531167412592 0.0870930096954114
"ufb239" 0.725131810193322 0.175923424181313 0.712366783383017 0.142334325935276 0.0640409420835655 0.0421517873886996
"ufb240" 0.710293616215192 0.208993899122798 0.29366394735138 0.157203970161286 0.0786695930155425 0.132172150173472
"ufb241" 0.653904176606683 0.18459552345052 0.113648245538144 0.124581941835168 0.0499925409074217 0.143523327055788
"ufb242" 0.652542581747848 0.183421385403548 0.116249998329368 0.124884280409265 0.0504644325891504 0.142530864868053
"ufb243" 0.624194227933432 0.152599406380552 0.420183410362126 0.110755742179489 0.0671966809768191 0.0704299495387846
"ufb244" 0.73907717435688 0.201944477402262 0.670417616858965 0.170069531730841 0.0782047532319201 0.0707211159381243
"ufb245" 0.645136995477538 0.176867595978104 0.192466791890397 0.120115149866863 0.0599218570172264 0.128695031513465
"ufb246" 0.678338313364857 0.161664783541524 0.56806707354443 0.126308207031777 0.0753946430484351 0.0526338449619534
"ufb247" 0.651521844767416 0.180951419689726 0.192424899494217 0.125292657762705 0.0626901812285335 0.131300673401274
"ufb248" 0.637019974559081 0.181031076365933 0.248868114277759 0.125769230420097 0.064651785827681 0.123666686872143
"ufb249" 0.599970424112985 0.16353085417244 0.152143224418613 0.109396888543613 0.0481500609807984 0.119988246111553
"ufb250" 0.686454265934771 0.177241005761426 0.339639336088886 0.130511229909357 0.0764655936972882 0.104941924506876
"ufb251" 0.629566144728801 0.174191453497891 0.148690146493947 0.115954906287346 0.0523956495111202 0.131798938645371
"ufb252" 0.671151263149029 0.190938423369317 0.260109740072209 0.137566303347964 0.0710035352013292 0.125954966494363
"ufb253" 0.582793200440259 0.143165875869102 0.350440795413397 0.100207389229434 0.0634346932452937 0.07427715856667
"ufb254" 0.609099643351044 0.167723494097137 0.148864915145461 0.111695532571983 0.0470742811607286 0.122782020668979
"ufb255" 0.631205673758865 0.14435149784006 0.590820825803407 0.107112821202412 0.0632626880082155 0.0330688540322381
"ufb256" 0.721878671297073 0.191697222538156 0.449027978991872 0.150980872551733 0.0811807232181161 0.102080891502555
"ufb257" 0.65384543894324 0.171919393535969 0.339368857561885 0.125789802021687 0.074017908275869 0.0991526812042899
"ufb258" 0.643761794260523 0.180718416640905 0.24893933253289 0.124765826761715 0.068910528580402 0.126432815884167
"ufb259" 0.57621281330195 0.139146824857744 0.339039546609745 0.0967715187264975 0.0662126366518628 0.0700115598193124
"ufb260" 0.712815936465667 0.18848747400449 0.384050242110313 0.141370727097006 0.0910014251427163 0.12320878385097
"ufb261" 0.640302706606286 0.168856226678154 0.305197164816025 0.120482944975923 0.0754880240434988 0.101975481247892
"ufb262" 0.614865533628457 0.166906837802304 0.148829673810958 0.109138401101374 0.0480156614832005 0.122822094861339
"ufb263" 0.628721104274073 0.161152762282543 0.485806295044463 0.120535004816151 0.058635745914667 0.0517393404085681
"ufb264" 0.626015327480368 0.17342816537776 0.125714200742726 0.115980649187444 0.0488053436085492 0.132042267896045
"ufb265" 0.672969513614149 0.173243211023624 0.51451959251243 0.132087042465 0.0713291750707424 0.0651115763359022
"ufb266" 0.657668916104307 0.171352149835817 0.677907479378809 0.140777242519779 0.0630362220689983 0.0364585469525329
"ufb267" 0.693056169836356 0.174240835606033 0.701088182677656 0.144061128813579 0.0683429291208571 0.0400703713989472
