1 0.7787606 0.4507448 1 NaN
NaN NaN NaN 0.4804436 NaN
NaN NaN NaN NaN NaN
NaN 1 0.4944364 NaN 0.5493655
0.2537769 1 0.5426742 NaN 0.6761243
NaN 1 1 0.5808856 0.2537769
0.5696382 1 0.5101597 0.5688822 0.64996
0.5567976 0.3440869 0.435998 0.3423706 0.2639935
0.3998302 0.4854071 0.6111514 0.5429504 0.2090645
0.4690313 0.5149716 0.6907494 0.3686822 0.287018
0.326229 0.3956994 0.4019137 0.359403 0.4829156
0.2149778 NaN 0.474251 0.1103393 0.3600285
0.3306252 0.2853135 0.1903852 0.1423845 0.2158828
0.343857 0.3188667 0.2357946 0.2070272 0.3066651
0.3642674 0.1793559 0.2078141 0.167679 0.2284753
0.3310332 0.278188 0.2847853 0.6334252 0.2051612
0.2123604 0.1130476 0.1901954 0.1601652 0.1705529
0.1463681 0.208411 0.2185797 0.115518 0.1349535
0.1585859 0.1474385 0.2136405 0.1870591 0.1656861
0.1788019
