0.6162421 NaN 0.2453633 1 NaN
NaN 0.9746801 NaN 1 NaN
NaN NaN NaN NaN NaN
NaN 1 0.06881672 0.6370966 0.7650789
1 1 NaN 0.9549132 NaN
1 NaN 0.9300802 0.8924688 1
0.5132592 0.1999335 0.6144853 0.5078695 0.7787035
0.4280033 0.9249832 0.8046823 0.8409319 0.6117346
0.6829357 0.6168387 1 0.5754673 0.7867922
0.3429107 0.8296397 0.9306064 0.6053553 0.9520398
0.8854492 0.4698741 0.6061844 0.4332539 0.7996514
0.7145935 0.5299006 0.8710399 0.571455 0.4057996
0.5073684 0.4585118 0.7805449 0.5671787 0.5083181
0.7135321 0.4900477 0.5373651 0.6350808 0.7670971
0.7561166 0.5771554 0.3729318 0.5319432 0.3701809
0.6861766 0.4940112 0.9483788 0.7631118 0.5944933
0.3323205 0.3377287 0.3703508 0.3079607 0.3642588
0.5800186 0.363067 0.5255386 0.4745216 0.3450283
0.3058723 0.4479336 0.6467664 0.4081454 0.3040221
0.5589355
