1 0.6686624 NaN NaN NaN
0.9349382 NaN 1 NaN NaN
NaN 1 1 1 0.5951919
NaN 1 0.9586712 0.6634775 1
0.06242325 0.7673699 0.5593098 NaN 0.9421327
1 0.444806 0.5634922 0.9984906 0.6541209
1 0.4238191 0.8475219 0.7973813 0.5307994
0.5735804 0.6505109 0.3513472 0.7018264 0.7884992
0.6841842 0.6903322 0.9958334 0.3907452 1
NaN 0.7646085 0.5768411 0.9804915 0.7686222
0.8576508 0.3800158 0.7815524 0.665414 0.6692992
0.4422445 0.3889747 0.9165813 0.3509345 0.7755041
0.9645719 0.5006985 0.9218575 0.5745919 0.6881123
0.511653 0.4551339 0.7243916 0.4919403 0.6064116
0.4731044 0.9120465 0.7300845 0.6042749 0.5744062
0.6851378 0.4530365 0.5006446 0.6746094 0.7698138
0.5443063 0.3825065 0.4994417 0.4867728 0.4671597
0.4450431 0.3489066 0.3868251 0.4252288 0.4710896
0.3857542 0.5061701 0.6597783 0.5024171 0.4174084
0.5485781
