NaN NaN NaN NaN 1
NaN NaN NaN 1 NaN
1 NaN NaN NaN NaN
1 0.6311297 NaN 0.9429397 0.9834377
0.8878372 0.8642275 0.9533046 0.4846939 NaN
0.9688557 0.854948 0.7463457 NaN 0.740528
0.9577718 0.9816174 0.7298387 0.4927723 0.6704547
0.9978732 0.5858986 0.8993474 0.716201 0.8454666
0.8190062 0.8334513 0.8131589 0.3821327 0.989748
0.9189519 0.6538123 0.7979228 0.9463686 0.5591945
0.8818413 0.4194465 0.5455064 0.962788 0.8711743
0.6113359 0.8036065 0.644235 0.3765508 0.7137281
0.6914725 0.7463486 0.638875 0.8145103 0.7037691
0.4238482 0.6253578 0.3396743 0.3860505 0.3520814
0.44126 0.7224841 0.6075646 0.5850271 0.7721728
0.7574037 0.8105272 0.4660591 0.4524062 0.4507531
0.5007976 0.3938056 0.4247804 0.4532593 0.4742198
0.6295008 0.4759632 0.3722367 0.6247997 0.3163641
0.308628 0.4262024 0.5589329 0.446283 0.5104285
0.449894
