1 NaN NaN NaN NaN
0.9940825 NaN 1 0.4065767 NaN
NaN NaN NaN NaN 0.952242
1 1 0.7849016 NaN 0.7081465
0.786565 0.989673 NaN 0.7094409 1
0.9784768 NaN 0.9696428 0.9682389 0.587867
0.6462736 0.6033058 0.9816738 0.9018798 0.473209
0.7155131 0.7592272 0.830828 0.5144089 0.7388534
0.9470242 0.8089209 0.9327354 0.6845008 0.8822201
0.6717982 0.888031 0.9512429 0.8196235 0.767797
0.922511 0.5276284 0.4530776 0.6984291 0.6855468
0.2958545 0.7468696 0.5760095 0.4811365 0.3569806
0.1967036 0.3149269 0.7936638 0.9020767 0.6920022
0.6328737 0.6085927 0.4757016 0.4790919 0.5453566
0.6988512 0.5453247 0.4813704 0.3189606 0.6120829
0.3868878 0.6810603 0.3934529 0.4225928 0.5390318
0.4776691 0.3844095 0.3353884 0.6591045 0.4121544
0.3805493 0.4171106 0.4120111 0.5371432 0.377648
0.3569489 0.3453401 0.4153259 0.3960125 0.3605535
0.4627842
