0.9841875 1 NaN NaN 1
NaN 1 NaN NaN NaN
NaN NaN 1 0.526324 NaN
1 NaN 0.8433371 0.8942574 NaN
0.972669 0.8747896 1 0.3597715 1
0.9204036 0.3331549 NaN NaN NaN
0.5654664 0.6405881 0.5572407 0.4894708 0.7219798
0.4931747 0.9204348 0.5609953 0.483569 0.9716579
0.8186325 0.7693694 0.5075913 0.5722514 0.4199469
0.9983785 0.6482497 0.5331436 0.5268579 0.6729721
0.810401 0.6727404 0.61276 0.8399554 0.6913494
0.6131692 0.4044169 0.9140149 0.7306407 0.9398753
0.626356 0.414813 0.4241163 0.8726178 0.5417094
0.4159132 0.5328296 0.4765424 0.4671433 0.3750129
0.4510763 0.4983678 0.4405641 0.4518839 0.6846125
0.4764127 0.5607862 0.539901 0.3408682 0.6620389
0.4218969 0.5781271 0.4298155 0.4465007 0.3723287
0.4889935 0.4350013 0.5143571 0.3585674 0.4983813
0.5246792 0.328676 0.407914 0.3575645 0.5625611
0.3197405
