NaN NaN 1 0.1836234 NaN
1 NaN NaN 1 NaN
1 NaN NaN NaN 1
NaN 0.827505 NaN NaN 1.242696
0.8579565 0.203887 0.5204841 0.5326059 NaN
NaN 0.518881 1.01368 0.1836234 0.7926654
0.5750361 1.358757 NaN 1 0.9923885
0.6775381 0.4804108 1.09501 0.3743668 1.191502
0.5326059 0.7981246 0.3802597 1.23191 0.528188
0.7163816 1.341259 0.7442137 0.7466353 0.5675176
0.5412861 0.2960669 0.3954656 0.7558818 0.4459463
0.4079943 0.8539658 0.8885749 0.3068101 0.8749419
0.5460727 0.5518549 0.5332632 0.3592233 0.3711285
0.4255571 0.3016993 0.4477467 0.3367009 0.6710817
0.3218068 0.3319341 0.3862603 0.5483853 0.4235031
0.2916314 0.4135877 0.2765981 0.5164692 0.6119643
0.2061344 0.2546247 0.2091939 0.2916263 0.2850401
0.2210023 0.3005354 0.212135 0.2348289 0.2031978
0.2396281 0.2454207 0.2654706 0.2041186 0.268002
0.2544226
