NaN NaN NaN 0.5443624 NaN
1 NaN NaN NaN NaN
NaN 0.1175238 1 NaN NaN
1 0.634603 0.7918572 0.3719286 0.7924468
1 1.048775 0.8460041 0.2461295 0.8682485
1 1.082881 1 0.3621308 0.7859428
0.1836234 1.007898 0.5954182 0.4841669 0.4768709
0.8619505 0.476197 0.8682114 0.8078102 0.6740445
0.2513402 0.6940701 1.273617 0.3684523 0.888064
1.065933 1.108897 0.8315269 0.7247977 0.7468092
0.5533717 0.307819 0.3612649 0.6413746 0.4605138
0.7451794 0.3572215 0.780072 0.4250315 0.3143915
0.4657754 0.3629076 0.5724649 0.3812617 0.2856372
0.2875338 0.6768744 0.4607098 0.4170989 0.6248803
0.1925178 0.3514758 0.231277 0.268635 0.309616
0.3944071 0.2909785 0.3603384 0.4053482 0.4034463
0.2332913 0.2738161 0.1995277 0.1771677 0.4034949
0.2693057 0.296785 0.1859396 0.2333792 0.2414786
0.2239033 0.2730048 0.1685007 0.2404124 0.1856891
0.2040066
