1 NaN NaN NaN 0.6485839
0.4513979 NaN 0.7835482 NaN 0.9892391
1 NaN NaN NaN 1
0.4337852 0.5026282 1 0.4180544 0.9971832
1 1 0.6374528 0.6267469 1
0.6406307 0.9071737 0.1099928 1 0.6391765
NaN 0.7072307 0.5043412 0.6174827 0.5084721
0.5031475 0.7142857 0.708245 0.7401532 0.3559366
0.5425422 0.707591 0.2701863 0.7640832 0.8572949
0.5531765 0.9378765 0.6233625 0.8169518 0.718333
0.6393071 0.8577358 0.4969803 0.9294967 0.809527
0.4949985 0.5070914 0.5554847 0.8276409 0.6770842
0.5454943 0.4892158 0.5476543 0.9419425 0.8256133
0.7558318 0.7051292 0.6217091 0.4033564 0.8602064
0.9588538 0.6872375 0.5896757 0.8789296 0.7204935
0.4504994 0.8115456 0.7214187 0.886314 0.7580366
0.4794785 0.4942937 0.3736474 0.5488567 0.379136
0.698054 0.5498896 0.4167038 0.3914678 0.3869041
0.4004226 0.3678887 0.3303734 0.5405878 0.4501126
0.4014969
