"quartet" "cluster" "phylo" "mutual" "shared" "clusterNorm"
"mb49" 0.812237872433271 0.203364691337407 0.658887121980974 0.165845276211116 0.1002354201328 0.104263380619132
"mb50" 0.806139223480886 0.185434026410091 0.697892136777722 0.149095066123014 0.0929440956497694 0.0840197554032185
"mb51" 0.904606825429134 0.230544226141791 0.825320311891306 0.191325724872287 0.0941767481431447 0.11135321177099
"mb52" 0.729085435072306 0.160713066516456 0.638184162090128 0.127694262446648 0.0882939463928602 0.0719948720932387
"mb53" 0.848119388497937 0.230777616814175 0.621280295865243 0.181213211975278 0.111612094303517 0.134430576399646
"mb54" 0.702445249358718 0.203126306783168 0.197995226313568 0.150073709531422 0.0864709505323541 0.118328465878719
"mb55" 0.755160446717874 0.182425712531116 0.53450773816143 0.140707758639708 0.0925120003922198 0.0959529300651648
"mb56" 0.719465958067338 0.19197973971402 0.497840402731093 0.141178366757333 0.0853407707635108 0.105954562476629
"mb57" 0.849040247678019 0.229924042819866 0.795163619547121 0.1916148664055 0.0942475987059065 0.10752710154752
"mb58" 0.970908408408408 0.235644078935988 0.952872640783928 0.206539832079416 0.104747019305532 0.117117954273585
"mb59" 0.716742964243046 0.20354886653248 0.325311002536504 0.145042244513466 0.090956615496619 0.144479351308073
"mb60" 0.8173559097115 0.221001752955569 0.53195199947552 0.169814330495812 0.110509979666513 0.137823476131864
"mb61" 0.787510017512095 0.195345389267487 0.592652417844896 0.154589661443904 0.0924298045737481 0.0958847686896436
"mb62" 0.7895808679858 0.196505473016912 0.654071692842785 0.159637233093951 0.0887791879490519 0.0969371539343294
"mb63" 0.640247086468396 0.19178605967514 0.150431479535202 0.123782866243838 0.0721199304402283 0.150332448667026
"mb64" 0.787544778175806 0.209430364196765 0.613942363541573 0.163887533234936 0.0936449527353639 0.111381669157455
"mb65" 0.755587848591793 0.225917729998339 0.393307024231832 0.181239476503707 0.0810329171237938 0.10525594232102
"mb66" 0.703272033950427 0.177886246367815 0.55320453652776 0.136018974495777 0.0755012719380298 0.0757110189008084
"mb67" 0.724965381614141 0.20307923836556 0.348754189818802 0.148560492385051 0.0945730730462692 0.13982934014392
"mb68" 0.722955366899218 0.173807771493558 0.705645611556778 0.141632874272498 0.062816976122991 0.044471106382599
"mb69" 0.796217623680965 0.202852497542557 0.73772466186735 0.167558401032456 0.0796120422933343 0.0786120321598758
"mb70" 0.87405721716515 0.239633120543748 0.749876682779158 0.198621601564216 0.094714019957412 0.119967667519857
"mb71" 0.703437699437052 0.17588053758224 0.438566509624728 0.129608518045817 0.0829518255473117 0.0981690584772565
"mb72" 0.591218728108064 0.147328324468827 0.0570685462875901 0.100644003670548 0.0574443847462892 0.0951868481351864
"mb73" 0.618204787234043 0.161069225528424 0.127457739530913 0.112937664810387 0.0667407736461919 0.0890582432105106
"mb74" 0.859179898258055 0.198952098351031 0.802087058442564 0.164903203975826 0.0785308955700809 0.0748673683367279
"mb75" 0.812887868740967 0.187015127904209 0.782966953742754 0.154603768871237 0.0735294420418151 0.0586910906970169
"mb76" 0.651540741291867 0.179019649292182 0.220268299910148 0.118493650367078 0.0700777936825622 0.126877892236941
"mb77" 0.651696254406325 0.167874486982474 0.371205593788575 0.118610771883552 0.0750104998422255 0.101811801846544
"mb78" 0.716676890719481 0.180779045436485 0.690155702386819 0.144048212600336 0.0681560767037631 0.0528124942787252
"mb79" 0.641601073345259 0.174405242863845 0.127273618027109 0.125576841276253 0.0673913849063805 0.0966484402457752
"mb80" 0.619859195852952 0.17491933001435 0.126800818918637 0.116089421755508 0.065442894688751 0.132593010680307
"mb81" 0.82440007006481 0.167390341645925 0.836965624431886 0.142510618764253 0.066620553575212 0.0384166005606634
"mb82" 0.600989596549099 0.152774270983075 0.0577063150394219 0.104785237200847 0.0649296029317397 0.0989108382925388
"mb83" 0.774519823502693 0.214310193765682 0.449995599584936 0.16230051356414 0.0995793861374105 0.139952066493093
"mb84" 0.634896115671158 0.152286668041479 0.302124587028821 0.104221440852738 0.0648959477290536 0.0895732587152911
"mb85" 0.627843205884093 0.181290908648611 0.140679930439212 0.115104789942293 0.0617197870890372 0.139078013894989
"mb86" 0.674104308390023 0.148001305323089 0.755679227189248 0.120555843993756 0.0576673897537259 0.0160241441771741
"mb87" 0.615866270155689 0.173379838543066 0.15061566141539 0.109671703845681 0.0598505924092818 0.130439347496888
"mb88" 0.615747808983636 0.17230487006423 0.126724918342148 0.112468530843524 0.0587569026910469 0.129618452586424
"mb89" 0.640379570266848 0.173761825862837 0.211082197168443 0.113749521806435 0.060263854604409 0.123219582956175
"mb90" 0.67533250413961 0.175570581106108 0.417795552553749 0.126165912717195 0.080878920249984 0.104737513149253
"mb91" 0.603378747480443 0.165390076785546 0.152405367913049 0.105202368447437 0.0558898704030606 0.121600956606532
"mb92" 0.605216720617966 0.165390816587414 0.12664045332692 0.108213738454163 0.0582649793023898 0.122015902523844
"mb93" 0.593235888622263 0.156935004778021 0.114836944002535 0.102047088628172 0.0531499961859145 0.112676247834539
"mb94" 0.683370228751593 0.168275511045331 0.512928708336079 0.127318129681363 0.0700817083789005 0.080132950363609
"mb95" 0.699912185895704 0.159664503895617 0.55688136044112 0.123395474865797 0.0766872748907706 0.0705493345282985
"mb96" 0.718567219991021 0.193201326050744 0.348952206976121 0.141959064524738 0.088076667747051 0.123855074784497
"mb97" 0.652964709244178 0.163879398405238 0.345622377315405 0.112411107083943 0.066928637752583 0.09204427621475
"mb98" 0.820223398001176 0.136458401505525 0.893963441763838 0.116462867731835 0.0569019835779531 0.00172812644969165
"mb99" 0.717702430121986 0.149930637567922 0.717528195988271 0.122472937504942 0.0775497156747525 0.0448564539442948
"mb100" 0.808700834326579 0.155746426185447 0.835180115527859 0.130873722726719 0.0623469935284076 0.0235823389698388
"mb101" 0.586267399695871 0.135340771684434 0.697279245577348 0.105333059438557 0.0456888388139213 0.00140245578715492
"mb102" 0.678732606242949 0.147523567208723 0.658609746586573 0.118267909414183 0.0726722706030859 0.0422302137364717
"mb103" 0.7296088322071 0.150949508343194 0.776216372558897 0.123858055706022 0.0578216042752003 0.018034485285875
"mb104" 0.707164809834806 0.187630684839521 0.64252801008904 0.146008733872876 0.0636135959154114 0.0605755463635473
"mb105" 0.635073831083157 0.169023595887747 0.150840160231383 0.120807641386438 0.0634207120312873 0.0907599348405714
"mb106" 0.782372723337662 0.157495530017856 0.730901582772631 0.127732799069692 0.0807619232375689 0.0534338603370688
"mb107" 0.628944833971517 0.16047993759034 0.324477933987899 0.111011725943006 0.0672241348377254 0.0982040652296233
"mb108" 0.723423555230432 0.177861291313789 0.472797475061856 0.135232936246683 0.073486327399822 0.0904835539744793
"mb109" 0.670109356014581 0.136743614038867 0.767151120820825 0.109294768312048 0.0485347400447719 0.00302260264290876
"mb110" 0.587465416280206 0.146485907889519 0.0688891014373214 0.0991671880307239 0.0566104920576825 0.0959827308490529
"mb111" 0.678604651162791 0.146614612261129 0.779027223902824 0.120781505039425 0.0571258377383905 0.0144226481878843
"mb112" 0.717120792656273 0.175167462744974 0.472797475061856 0.135452480575522 0.0731983253809986 0.0875034225681547
"mb113" 0.591348135778955 0.155278465584134 0.174146323975637 0.0995488083144931 0.0559448916650929 0.107911302306739
"mb114" 0.605654979089184 0.164873896478204 0.126724918342148 0.109453178077154 0.0577028785203456 0.121804244124069
"mb115" 0.551729461330968 0.146383080617451 0.1843145903821 0.0908956232141397 0.0492619109206374 0.0920897304386079
"mb116" 0.669004791999444 0.163661936697549 0.466732940130352 0.122978397610939 0.0701668090047523 0.0749025107444909
"mb117" 0.71205738358192 0.142531734738141 0.787984927773382 0.116984254922853 0.0534292090203409 0.00851417557611124
"mb118" 0.699717464241568 0.170601141419999 0.446499934419092 0.127585317455919 0.0817390337005422 0.0927189797713203
"mb119" 0.705386071279633 0.153086929800592 0.670460478742424 0.121923891922006 0.0754978432028786 0.0484807332764352
"mb120" 0.586729313109683 0.157382926407925 0.173970007771953 0.101310439929738 0.0558841918821564 0.111116423058608
"mb121" 0.631041479160949 0.186030834173165 0.150391980363518 0.120566899039666 0.0652822080783921 0.144408292337149
"mb122" 0.611614756305538 0.148998575724078 0.70576301237858 0.119909182617999 0.0542924365713965 0.0157781429689834
"mb123" 0.722117647058824 0.139349412195818 0.725810791700404 0.109552148319764 0.068042814352559 0.0324631160442024
"tnt1" 0.733738266151298 0.140635995935568 0.790441745901984 0.115610327768277 0.0525926855853837 0.0075179262061083
"tnt2" 0.623985920214549 0.157831179339772 0.324120968321184 0.105166770636316 0.0643123111170475 0.0909797372325264
"tnt3" 0.589210722968919 0.151166111194044 0.104112946086904 0.104719273529397 0.0559748950945589 0.0838329299522821
"tnt4" 0.586417405612945 0.148051617238485 0.0689799602600972 0.100953063978395 0.0575030672051274 0.0990799610480183
"tnt5" 0.806774371213512 0.165194096735172 0.807035509975567 0.138664990073701 0.0684355384476454 0.0354655463231573
"tnt6" 0.625690020387643 0.149735355486709 0.29387082626647 0.100668191161645 0.0625928340265802 0.0904531922900764
"tnt7" 0.634566740010414 0.153786835147677 0.301427704016469 0.102465963467273 0.06572925149656 0.0977330723011319
"tnt8" 0.636560743375014 0.156916705491514 0.293143217035228 0.102820606147474 0.0665101937992992 0.103487477364948
"tnt9" 0.754521693674856 0.202000667885059 0.424082382973205 0.15007191402077 0.0904895812545686 0.126477560126744
"ufb1" 0.644424409891345 0.152122867852841 0.449227779582182 0.110939828717477 0.0644076191222813 0.0724112847472209
"ufb2" 0.618349149015005 0.169368652534683 0.220805669008894 0.115286982709312 0.0661093313887614 0.118554071075339
"ufb3" 0.592899463829176 0.150190868813014 0.193623871337195 0.103835724460157 0.0605398156451693 0.0936957195721539
"ufb4" 0.690948404413958 0.195593570815449 0.41136850090162 0.151025110448532 0.0815091671253127 0.0955557025068905
"ufb5" 0.62899791536546 0.169406886652904 0.219815090999506 0.10835853113959 0.0557057014564308 0.120260459227967
"ufb6" 0.625956110808054 0.179885298205257 0.185455714007176 0.115526910192306 0.0651527354631213 0.135649486803626
"ufb7" 0.629161796206914 0.182010827654526 0.17593162355224 0.117345439005567 0.0636899774906633 0.138554898340489
"ufb8" 0.624031235216269 0.179880106747035 0.138930407809235 0.115803348311067 0.064591805486154 0.13794304573712
"ufb9" 0.547684988192905 0.143214757362916 0.172720436859823 0.089465792376691 0.0495243461358908 0.0907699865646385
"ufb10" 0.541892966251586 0.138361026734517 0.161107876029136 0.0882164948326419 0.0481049433345348 0.0873325122293098
"ufb11" 0.59029476011035 0.148791636517705 0.171611961327453 0.101415730619626 0.0570946822273108 0.0967396427513352
"ufb12" 0.750312349831812 0.189658575119821 0.662516726864611 0.14862021517667 0.0667858570651822 0.0641342503963227
"ufb13" 0.709328537170264 0.212465599068758 0.422272950293919 0.157483855866354 0.0891714220033146 0.113269509570388
"ufb14" 0.542030834238562 0.139590007793265 0.172720436859823 0.0879720348068401 0.0478210128001649 0.0869233620712358
"ufb15" 0.545380753815635 0.138503562839186 0.161185248038282 0.0886820358209258 0.0492314886009307 0.0889227202584221
"ufb16" 0.713680643795002 0.192609379446374 0.693748389522629 0.155574842646054 0.0727898399311764 0.066755578881104
"ufb17" 0.611578069545992 0.169981210814221 0.152347260621256 0.107535031629792 0.0566947232190168 0.126864736023448
"ufb18" 0.645584845143831 0.165052957831762 0.68651442588496 0.128770378243016 0.0591041276276256 0.0344014067672816
"ufb19" 0.631581237963638 0.163191119541208 0.404493526196483 0.115357066750347 0.0622000492536434 0.0841759690704904
"ufb20" 0.547247155275991 0.147051747353886 0.265715167779815 0.0938587022329836 0.0506276946588909 0.0836694048229399
"ufb21" 0.566683367935163 0.155790417575894 0.126833993625393 0.0979487475694647 0.0444374258540432 0.111902254779247
"ufb22" 0.735210004604833 0.202199687661275 0.381929939675179 0.14817969671594 0.0812852838052341 0.13360036620134
"ufb23" 0.615338793566135 0.172712582850379 0.12988111009849 0.114021669673188 0.0672284240681781 0.130402053574629
"ufb24" 0.598746718436594 0.161448108216891 0.129850646726654 0.107011874721373 0.0564616749232755 0.118424176302474
"ufb25" 0.592520556460804 0.148747342912255 0.272566009478436 0.102581472770048 0.0584272955729958 0.0854792144493157
"ufb26" 0.583498676604155 0.144560672200159 0.248754519842429 0.101176330333597 0.0552225682569008 0.0846767256384585
"ufb27" 0.570941930342973 0.138432982774251 0.241725480539372 0.096542490917512 0.0529102928733417 0.0811784034864707
"ufb28" 0.621631339788244 0.166513276936554 0.210689442265595 0.106109642959042 0.0548098526956507 0.118596742887927
"ufb29" 0.572018353473522 0.142460582971727 0.227675249982816 0.0974267285427212 0.0501983788081722 0.0744368415186816
"ufb30" 0.567124039517014 0.144437503162094 0.25023573029861 0.100180680090964 0.0487559021168253 0.0709989100070493
"ufb31" 0.633062175599169 0.146841339707977 0.443565742819659 0.105226269125095 0.0654202635812378 0.0738539995513501
"ufb32" 0.603399668681211 0.161422199422923 0.173585931308433 0.102079810457203 0.0537821448615401 0.116875724034558
"ufb33" 0.581186728771857 0.155139852118484 0.208172749545673 0.0998928236018809 0.0606088790713938 0.103450629281253
"ufb34" 0.679317443845613 0.156446292851358 0.440450909279117 0.113377518598788 0.0701487031959638 0.0842263926078482
"ufb35" 0.453703703703704 0.133513614356194 0.6392247977717 0.0998775550226763 0.0406249687718516 -0.0007077337084519
"ufb36" 0.532032629982872 0.136671991208851 0.138446484315614 0.0868862325205831 0.0448436762683801 0.0855434476003936
"ufb37" 0.604243664364283 0.168309993752504 0.138641037599865 0.108415576813101 0.0554161588585768 0.125821759259251
"ufb38" 0.687652776662038 0.159883360611421 0.434874757953187 0.117689457478902 0.0673205167390336 0.0808898539115385
"ufb39" 0.620383964113177 0.176390973971857 0.185246705622182 0.112964758919807 0.0623552962633504 0.131973261616607
"ufb40" 0.782875829947478 0.146560777594 0.835122074727661 0.123099683077538 0.0598604725225067 0.0143604743688482
"ufb41" 0.621974530737394 0.178821832653461 0.150391980363518 0.116790427731775 0.0640696392039259 0.136830656500635
"ufb42" 0.497015114949829 0.135095883850274 0.639110054506867 0.101726793751886 0.0406721326246403 0.00111963409070859
"ufb43" 0.591485724411829 0.155505837078474 0.138080624483167 0.103308934806291 0.0489836019609752 0.111617197375117
"ufb44" 0.618611067949279 0.156308976491601 0.324477933987899 0.107952721708437 0.0677065201100351 0.0937237008746229
"ufb45" 0.622760443467278 0.159998443917538 0.336049343047292 0.112530960778096 0.0683273128799357 0.0933104774448678
"ufb46" 0.606882080392014 0.139355783851019 0.454521833045652 0.100526478734335 0.061045003096035 0.0583360666234068
"ufb47" 0.610669382945365 0.167390519984824 0.23502840791096 0.113562690692875 0.0642621141102646 0.118123291103598
"ufb48" 0.601105779339294 0.168362552834319 0.138626762675076 0.107289091657591 0.0550740986036396 0.125829417601454
"ufb49" 0.582473734893768 0.141665623718468 0.159899135788426 0.0958956377817818 0.0473182741990706 0.0891778692268536
"ufb50" 0.716506416850691 0.197382309186418 0.340675874686935 0.143881749363563 0.0781548800319441 0.133680257867377
"ufb51" 0.589627806383306 0.158125328153817 0.173917613090448 0.102168673431529 0.053165393187238 0.112721030199775
"ufb52" 0.578431297364534 0.153561666128517 0.150021641647472 0.100349337789908 0.0496737758194656 0.107886518742849
"ufb53" 0.654043040447243 0.163663860164872 0.466182273197637 0.12328000872353 0.0660876774054153 0.0750325766873542
"ufb54" 0.544746656121627 0.133163349694728 0.183180038171634 0.0881203534505242 0.0478512941518231 0.081890817728625
"ufb55" 0.579038004750594 0.139397522600495 0.228874991396581 0.0966192928007779 0.0520488534582231 0.0792627264240308
"ufb56" 0.590127617295802 0.157068699520826 0.238570830821205 0.108410837827001 0.0602915434039286 0.0847143255711332
"ufb57" 0.61279303052759 0.170107509514214 0.260650744216031 0.121097530021631 0.0627980520991709 0.0919459344567799
"ufb58" 0.554893326601971 0.141951922634657 0.276849319009048 0.0974789273678505 0.0546582950090456 0.0781734814690095
"ufb59" 0.597481622411634 0.161577505635092 0.149932625994623 0.104595267126044 0.0587944418975772 0.117562468117998
"ufb60" 0.598470157293687 0.139522308839359 0.709214024303514 0.112742418585495 0.0502413581125905 0.00623172562803504
"ufb61" 0.584431940461806 0.154867247089588 0.138212525796487 0.100315281288067 0.0573097780708061 0.109246882162823
"ufb62" 0.684130494885264 0.162321377616807 0.497939248153357 0.118809884547504 0.0677498258757648 0.0734879620879843
"ufb63" 0.635507442489851 0.16530264730292 0.359135860596351 0.117117256720671 0.0657199696476254 0.0935873822335061
"ufb64" 0.660489903133935 0.181203701623474 0.246467571309774 0.124441623201906 0.0699705810267377 0.126832350600601
"ufb65" 0.589846540504734 0.154642085393981 0.174075596623222 0.0985650921769913 0.0540004064568753 0.108224724427539
"ufb66" 0.589282160625444 0.156060819976295 0.138008695039324 0.101690603296791 0.0578593191850557 0.111192222756343
"ufb67" 0.680251314216811 0.178801390019108 0.429400750240069 0.127907454967987 0.078159354093089 0.101373006185099
"ufb68" 0.672993008467133 0.16365075323873 0.36900878842414 0.118853389459531 0.0654899947007432 0.0917959870477913
"ufb69" 0.66494474889947 0.144534937157295 0.528074149316422 0.110070114394128 0.0660894327517033 0.0641356316841961
"ufb70" 0.623230091986305 0.177742586686373 0.175962552226237 0.113982596962301 0.0644998066092319 0.132588436497624
"ufb71" 0.616618122068708 0.177504968917957 0.150348368635344 0.114577008881356 0.063776775730974 0.135486474662117
"ufb72" 0.538914750387922 0.134977621373279 0.253589108304857 0.088929504074538 0.0489340168054992 0.074420482169875
"ufb73" 0.675456498900213 0.182796237770231 0.270930854032731 0.128588279950074 0.0677565569930066 0.125667504394184
"ufb74" 0.62122208009446 0.149899642874122 0.293761646480682 0.100049214975273 0.0659728475245335 0.0906060286672304
"ufb75" 0.814388141464594 0.177426894747449 0.813847114247977 0.150187468769866 0.070953574512958 0.0500078459337894
"ufb76" 0.599544209439131 0.154582340365062 0.404493526196483 0.10774487309522 0.0563648603958272 0.0747543113531897
"ufb77" 0.585320540002169 0.145740106954104 0.159570328047138 0.0988201563805986 0.0554225897602166 0.095192800218503
"ufb78" 0.669485289955966 0.14418936560435 0.521869254394686 0.109575114606926 0.0650072798283501 0.0638360523996323
"ufb79" 0.597342685109549 0.15761030230238 0.154496684969111 0.100064235392945 0.0520978328803912 0.112176928723996
"ufb80" 0.667852970481408 0.179182618957912 0.290237863064297 0.126515642511437 0.0689315174944727 0.121796349456891
"ufb81" 0.587118586865467 0.157976969715718 0.164280357547796 0.101408172575007 0.0550192553916705 0.112571395313082
"ufb82" 0.665895375379131 0.165009631182386 0.437705030714244 0.121981235116432 0.0620380994267835 0.0762660063456607
"ufb83" 0.586423521394702 0.153819837076265 0.138008695039324 0.100714809994621 0.0554395533918578 0.108832096484968
"ufb84" 0.67057630556025 0.151169673982576 0.604033825523931 0.115086340980306 0.0664657480027836 0.0462486434373949
"ufb85" 0.617327451580735 0.172050307831935 0.187603441673001 0.110107825443873 0.0580227969007908 0.125618147123462
"ufb86" 0.640208970952589 0.147685366754985 0.46332146803241 0.110281991605147 0.0667730057948592 0.0674546652179765
"ufb87" 0.776835409488471 0.181481472566866 0.758898397509941 0.148653559765399 0.0682729159940326 0.052726243393591
"ufb88" 0.610232490525936 0.152252809846774 0.231999900758201 0.0982470751194266 0.0587809664840192 0.100482929665693
"ufb89" 0.622236727492264 0.157759207625161 0.231974566898604 0.101398975082393 0.0594623465727377 0.107981875782267
"ufb90" 0.552146940334724 0.147030124607567 0.149721942265649 0.0950254583988944 0.0521575256329787 0.0979893203472414
"ufb91" 0.641390373518433 0.165281064375124 0.371046403475191 0.117898681138967 0.0731967008956995 0.0935639449504956
"ufb92" 0.580259289359515 0.149423148361073 0.126242594168947 0.0982049409124214 0.0532461280785516 0.1035089103477
"ufb93" 0.582458015768486 0.144580590280596 0.138102476656854 0.0967215075576573 0.05480944163997 0.0953838107590821
"ufb94" 0.561062149479226 0.13246905735335 0.720684613923341 0.10642580573463 0.0464847992336257 -0.00191409573371139
"ufb95" 0.621249662410771 0.176875791162241 0.142319577141162 0.112635189456877 0.0589657284768205 0.134438175874843
"ufb96" 0.796804179150342 0.202785627498666 0.674845433038538 0.162215404552651 0.0767204624195186 0.0779218377128372
"ufb97" 0.661158710730314 0.163753751725433 0.674220715049359 0.130781082083473 0.0560937287408668 0.0342166919203693
"ufb98" 0.64074067958012 0.156345525884708 0.322707596628981 0.108926998616138 0.0616376244901796 0.0893761524630919
"ufb99" 0.619086880346285 0.163975065121159 0.642586742906288 0.128421237910121 0.0542451449635757 0.0320246512794797
"ufb100" 0.667631033861671 0.157380210984788 0.387768642637474 0.115116949683795 0.0708897159514023 0.0782654055616879
"ufb101" 0.627790403429879 0.14733939429679 0.337213187493289 0.103171337629561 0.066837251675245 0.0743417553781981
"ufb102" 0.615648559829886 0.145768449343555 0.313808483793703 0.100570509958677 0.0600202443870171 0.0781601026036726
"ufb103" 0.541299528676469 0.137527652167878 0.172816324128932 0.0874335868920099 0.0485762168061471 0.0864497830402807
"ufb104" 0.619638888555194 0.177241766214349 0.13868483051564 0.113440257680181 0.0608285025473186 0.135169792920517
"ufb105" 0.596099608680185 0.162334675311053 0.164236180969932 0.104359158685719 0.0549975526936905 0.11783806115188
"ufb106" 0.696296944760571 0.172796701748114 0.458335264881819 0.128107382507214 0.0772359067702323 0.0851351833243915
"ufb107" 0.681820399798312 0.161821286063965 0.430434521402457 0.118759870486361 0.0796552606344135 0.0900537979033989
"ufb108" 0.592304399964526 0.146991896535585 0.266282986415962 0.101229911582181 0.057251382185395 0.0873779712009812
"ufb109" 0.630728223200119 0.169259171449459 0.211082197168443 0.109417948126151 0.0570114124116791 0.118440648160583
"ufb110" 0.649576453075096 0.166306034643001 0.312476376705148 0.112695234952981 0.0714547922683557 0.108153577383844
"ufb111" 0.606735697102813 0.166081104207131 0.149808930804664 0.109862624261009 0.0549863756726233 0.1230737107346
"ufb112" 0.605510188407099 0.166667312465249 0.149788286068138 0.109941631945973 0.0609831662577103 0.123358738312747
"ufb113" 0.596888436927647 0.161181575382747 0.149758797319391 0.10516383560384 0.0598505758504463 0.117145752539605
"ufb114" 0.665516593506072 0.166377036010584 0.454421997993301 0.121863954817994 0.0638287943538911 0.0780332831634572
"ufb115" 0.640922088258704 0.166052350520606 0.347577650023094 0.116434527896745 0.0687791686395289 0.0998450054439923
"ufb116" 0.638319919864599 0.156923367467431 0.426129696574788 0.115206617321692 0.0691779836435133 0.067623077311917
"ufb117" 0.422327540810953 0.127480688475653 0.615992848334709 0.0959036905648691 0.0404937100036917 -0.00767517795867083
"ufb118" 0.604758698092031 0.149662353630863 0.407504528162812 0.108518738620278 0.0603418725830835 0.069655409666266
"ufb119" 0.577180991353527 0.148839205236494 0.171556506983592 0.0992818052998996 0.0573982960172647 0.10107735907601
"ufb120" 0.57701823044701 0.139146206726461 0.159570328047138 0.093937503291354 0.050479397461271 0.0882087331340243
"ufb121" 0.588971522367252 0.144891369810218 0.2430827126951 0.0988460088344124 0.0587309274894321 0.0906131912592813
"ufb122" 0.578752150379726 0.153899166074802 0.184918843511311 0.0984549921439534 0.0572277281297417 0.103812590381335
"ufb123" 0.679188790979275 0.186399748230555 0.259058667535479 0.130744431998771 0.0716607974370585 0.129519838271119
"ufb124" 0.838707302709069 0.215537902044618 0.737236479381777 0.174016123832896 0.0828895064774756 0.0906055082715208
"ufb125" 0.556169933773859 0.152187242664208 0.13857925500692 0.0960844263166338 0.0450107845637974 0.107089519991059
"ufb126" 0.606513509197366 0.168355555557875 0.175689524022214 0.109848760937553 0.0586625313734329 0.124726437570886
"ufb127" 0.624354154569879 0.178894744979236 0.152200809961806 0.115445505247973 0.0590943475725062 0.136561456712032
"ufb128" 0.541669379658206 0.145634662106152 0.1150417573151 0.0934122787104965 0.0514510050274464 0.100775131316906
"ufb129" 0.549971089657106 0.135694619587979 0.228415646195578 0.0918987562099128 0.0488213431406224 0.0716278482730219
"ufb130" 0.601099087870376 0.157331363667503 0.381117554607961 0.109815649559416 0.0558496222193295 0.0777629094461985
"ufb131" 0.545586812932453 0.13824921742534 0.358079213251835 0.0944436203091976 0.0537994252803474 0.0641278796451654
"ufb132" 0.606470284610478 0.162919567423964 0.231970588034344 0.105676702592049 0.0624275315649686 0.111719689001483
"ufb133" 0.607847600031554 0.168291814185057 0.140712464416464 0.107048298437348 0.0566623354263721 0.125090997486808
"ufb134" 0.623467330607491 0.17901514869398 0.142319577141162 0.114103055435751 0.0616849211602378 0.136687389784575
"ufb135" 0.596919701819973 0.151441797968625 0.411721569254989 0.106886241581387 0.0570976272092876 0.0712381558660794
"ufb136" 0.605019883988327 0.171055000970381 0.150334722723084 0.109209145327138 0.0609364414898052 0.128659567882927
"ufb137" 0.59333016573237 0.149576530640919 0.18332478686648 0.10182416998781 0.0566758533132631 0.097572533705597
"ufb138" 0.613083490101641 0.155620540752774 0.301263335331143 0.107563512653027 0.0624969211398885 0.0929841967478924
"ufb139" 0.617508219004221 0.163392728547715 0.201698102889815 0.105724973921602 0.0544880442665714 0.11390365423834
"ufb140" 0.586966985130317 0.154440243538198 0.138222345919537 0.0993610869250998 0.0537123156806724 0.109485487276
"ufb141" 0.680448730336644 0.186647873330658 0.259058667535479 0.131108287862081 0.0745478736097433 0.129783526378091
"ufb142" 0.537363066805726 0.141621226923599 0.150113472780378 0.088488940278499 0.0466836574320437 0.0890789143674913
"ufb143" 0.54153266792195 0.137748173194503 0.12679808799487 0.0880205288835208 0.0456285216597883 0.089322601414383
"ufb144" 0.685113825804159 0.180556849053083 0.372897220643716 0.135372077613262 0.0830798597215189 0.103040428792623
"ufb145" 0.558781140621783 0.141474343388618 0.673988620496188 0.111773835890466 0.0479968843287423 0.00848613620190391
"ufb146" 0.639797229758675 0.157396268352477 0.380131052242407 0.112013743262198 0.0625879731894786 0.0779417896369694
"ufb147" 0.610890527509926 0.132810071082196 0.737783394684598 0.10692172031618 0.0482472946458602 -0.00372471156401877
"ufb148" 0.572377448856609 0.142405664415677 0.159690297241782 0.0957168087311213 0.050910012671416 0.0952863376689395
"ufb149" 0.556912826207662 0.128825530893874 0.708924558117927 0.100763968569326 0.0441629651578333 -0.00612201540374794
"ufb150" 0.733635990861695 0.20093882232098 0.376280302141138 0.149145724059361 0.0864385041906471 0.132257627131115
"ufb151" 0.591307797753323 0.163792869740635 0.138607196885145 0.104138971492401 0.0562447134708379 0.120889017369853
"ufb152" 0.660530993749642 0.174516442600208 0.470023020167319 0.130985734986607 0.0654453934544606 0.0708965737193029
"ufb153" 0.737048379297766 0.196211454459209 0.388411699794755 0.145175258703835 0.0878744775005321 0.120175904433945
"ufb154" 0.637114105406788 0.153790886699561 0.520935816942322 0.113353277584651 0.0603501038230593 0.0486193053787723
"ufb155" 0.552256829995391 0.15203963083475 0.27725483070647 0.0976256580339098 0.0512101983999421 0.0845796396717062
"ufb156" 0.541258818449511 0.144274605882415 0.195885894693678 0.0902268234623809 0.0499823980631339 0.0873593695896588
"ufb157" 0.578467942756504 0.144855975947414 0.138244820816969 0.0969830040846069 0.0546013831822696 0.0968587329871155
"ufb158" 0.674972345651236 0.159855945903383 0.404153970236377 0.115953593022116 0.0728113547768285 0.0933951124130974
"ufb159" 0.602658545889843 0.15023555258754 0.277858894754642 0.103702305499084 0.0651286692383637 0.0938478156304631
"ufb160" 0.589247842908351 0.158223242051072 0.175946573527422 0.102963622200292 0.0551842357027868 0.112823508935651
"ufb161" 0.765723620702458 0.184759541890737 0.725861788405841 0.150663769364469 0.0706167082285319 0.0576828032071933
"ufb162" 0.454534634610807 0.139781507493493 0.615934172690541 0.104594921930857 0.0434559187268488 0.00653107493352484
"ufb163" 0.601146504117861 0.151426169473662 0.277985446558122 0.104744982904549 0.0615707704094976 0.092122140861927
"ufb164" 0.723088659094762 0.169977312630191 0.635174909638052 0.138707688379092 0.0808411772793746 0.0674573263297417
"ufb165" 0.543805768893854 0.14084160782861 0.161935530145241 0.0879357240215967 0.0409577095993206 0.0951761542448906
"ufb166" 0.626132000955198 0.148817115089761 0.448295380391924 0.110031116623629 0.0577350049940696 0.0586581951709896
"ufb167" 0.627766144094176 0.152171596700038 0.282205840492151 0.0998249051615015 0.0654226132170969 0.0959909513814922
"ufb168" 0.742759100616706 0.205693490432531 0.399919998591394 0.151317962144626 0.0964978495882896 0.137394585625381
"ufb169" 0.572609489919569 0.140113148751444 0.159752765368834 0.0939331897711871 0.0508785780615988 0.090685173895091
"ufb170" 0.578663980818994 0.148613622952035 0.171403258197461 0.0994012877381316 0.0587435311796543 0.101835383843785
"ufb171" 0.599312192536908 0.162940988501483 0.15156308914447 0.108216044920086 0.0523626552528556 0.120134767650373
"ufb172" 0.578246490561241 0.142311810092588 0.158928139399286 0.097533569908583 0.0467669673613995 0.0877832133983498
"ufb173" 0.56874542323906 0.140360543896612 0.170288701102551 0.0963001465982966 0.046396871753289 0.0832118765269672
"ufb174" 0.575542315918118 0.202818051756642 0.475370643519572 0.156816664672826 0.0670844119193763 0.0752608793190003
"ufb175" 0.592139190072492 0.151459248402635 0.216650527966545 0.103864745861478 0.0609546118929706 0.0920525335078107
"ufb176" 0.552658327458727 0.137543566458548 0.405691664203624 0.0953555763642354 0.0552765045321012 0.0633880374051624
"ufb177" 0.550176144942124 0.144485757877596 0.630723869444779 0.110759334497695 0.0485858357450108 0.0096290506936938
"ufb178" 0.576297636170426 0.158719963607831 0.138737775480753 0.100099450730253 0.0526459824052088 0.115562569986376
"ufb179" 0.621665300386462 0.157006058549499 0.324477933987899 0.109303434785954 0.0687603621595214 0.094472492707196
"ufb180" 0.592694014050071 0.157737382121616 0.126537560880532 0.102082848342909 0.048956385397809 0.114289701805132
"ufb181" 0.601006889173545 0.161832121173912 0.129558650664415 0.107071007841094 0.0540603733801705 0.118272260537974
"ufb182" 0.588984666084626 0.143072949039383 0.251656971951534 0.0999507731048753 0.0612605637548684 0.0795530975473986
"ufb183" 0.591604524593871 0.145625624504771 0.274518986022999 0.102393763954262 0.0594636066072631 0.0778529478572107
"ufb184" 0.617790365662706 0.159242526413345 0.324579403180443 0.110617673043358 0.0683590958675674 0.0968748624874638
"ufb185" 0.589886422007876 0.157859495542698 0.19663652853481 0.101761007443301 0.0590764700215167 0.109410974900168
"ufb186" 0.574353465186916 0.149110722618354 0.11498352205996 0.0959943971007507 0.0451535964904454 0.103872618772363
"ufb187" 0.556222249885887 0.141181544101955 0.369791642392625 0.0934894545445822 0.0556196779112819 0.0673124230652685
"ufb188" 0.52020380460048 0.129551014166026 0.340937803497609 0.0868181878667513 0.0522566993896219 0.0604436568961796
"ufb189" 0.565093520987592 0.145592709067547 0.138441592569734 0.0961969544337408 0.0454682710097065 0.101899185389111
"ufb190" 0.760733944954128 0.1815501180737 0.725803055588593 0.144924330561636 0.0701333191714625 0.0533603142616639
"ufb191" 0.656531821695439 0.173126868749216 0.666371222646554 0.139097390553241 0.0602428292038464 0.0426958261475449
"ufb192" 0.649261034384863 0.165611335166954 0.304540645243119 0.111195783813833 0.0684887272740552 0.110339556535007
"ufb193" 0.63272984435634 0.163544790335611 0.222975709332498 0.104656091705309 0.0618427939124802 0.115502697452403
"ufb194" 0.669850059105332 0.159071139872646 0.579126784029022 0.123474810809957 0.0668535354583476 0.0552040811382651
"ufb195" 0.635694344936631 0.149250215775616 0.313808483793703 0.102815196434847 0.0663587255800412 0.0819174342171236
"ufb196" 0.666881569497943 0.158214707858856 0.404196991010263 0.114772830542337 0.0722860409978143 0.0861642730919067
"ufb197" 0.580542578477174 0.148572803737567 0.17157323724176 0.0994239579926543 0.0560477501632708 0.102628236897593
"ufb198" 0.545501573479329 0.138046771839182 0.227865199046999 0.0935657087817575 0.0489912910406182 0.0696729077663001
"ufb199" 0.589318237420828 0.155157092990301 0.26207744968332 0.107276988210333 0.0570691745197936 0.0826386331967495
"ufb200" 0.607953707380723 0.157126166494561 0.381117554607961 0.107212559170244 0.0575171316595002 0.07753833665969
"ufb201" 0.571533611988101 0.138094430820122 0.159570328047138 0.092329328748804 0.0502288329343588 0.0870947227252958
"ufb202" 0.542390606092296 0.14277977656104 0.137929581993259 0.0917390570031534 0.0488411076818176 0.0920460592740517
"ufb203" 0.577174130407659 0.1437316065845 0.171601458756454 0.0964949425617173 0.0529644626859827 0.0956931534778792
"ufb204" 0.64368411318661 0.170138181792118 0.290423767281724 0.117759026179729 0.0672047350329295 0.115054251886153
"ufb205" 0.606125678503973 0.165451602314625 0.220416267920543 0.110128756423354 0.0622004847388421 0.118658400834121
"ufb206" 0.630710720417117 0.15050678896307 0.297349300639015 0.101139960505146 0.0639530454607464 0.0912504526968004
"ufb207" 0.669888012739835 0.180545049427821 0.282803040529983 0.126489496634698 0.0690651600814791 0.12328110211406
"ufb208" 0.649578036078981 0.1677661969598 0.312319247928266 0.116503729133201 0.0737325675409857 0.106204560413087
"ufb209" 0.542469920368899 0.143719141784464 0.184161214878252 0.0892107727178304 0.0520355319837207 0.0867669609641701
"ufb210" 0.537197849788819 0.139945367466994 0.138446484315614 0.0885846575032937 0.046661030663537 0.0890106817654465
"ufb211" 0.534898966293772 0.136347802391802 0.126773669159557 0.0876388094138553 0.0448049852542325 0.0866428914866977
"ufb212" 0.616136724960254 0.133651475160517 0.604232636586565 0.102399080829443 0.0553710783122692 0.0265650796214521
"ufb213" 0.577288383755774 0.147570992515891 0.171706727338116 0.098586360562685 0.0559854563635021 0.100735467529974
"ufb214" 0.519387918602788 0.126218638882317 0.534344558087104 0.0892323251291542 0.0495396935989774 0.0182134957228154
"ufb215" 0.584269168977948 0.136588297236278 0.323459135115844 0.0923125654639836 0.0568886469044706 0.076377398235367
"ufb216" 0.722610220595022 0.188783013778159 0.565745228604485 0.145753879198343 0.0759421660074987 0.0879627910878932
"ufb217" 0.613750482811896 0.130900975288049 0.604100095878143 0.0970820530582334 0.0550860955349607 0.0234745998115471
"ufb218" 0.672362103554764 0.146762034430347 0.48691755404376 0.110060362555531 0.0645057817336942 0.0666502728675923
"ufb219" 0.557324511526931 0.13657220767547 0.682181865819764 0.108387417749718 0.0485610872622861 0.00239582554203655
"ufb220" 0.645854212601056 0.151356984951555 0.574220132863828 0.117267356597184 0.0624988749816224 0.045700088510234
"ufb221" 0.629078162684472 0.160982373260336 0.382778341866671 0.114451536362899 0.07200337794464 0.0888959202422174
"ufb222" 0.675973215299058 0.133571437355435 0.755448436647829 0.107876362457047 0.047674443974437 -0.000640953752661338
"ufb223" 0.59266438838802 0.149279715366693 0.217074426480238 0.102917757047757 0.0630040716898137 0.0927239928182019
"ufb224" 0.596795171538483 0.15645363590907 0.216079147652698 0.106667538093466 0.0598745243240784 0.0937849041642669
"ufb225" 0.845319634703196 0.194108327822794 0.797391426078382 0.161636526724649 0.0770863278323665 0.0692985718997335
"ufb226" 0.528652536167569 0.131692948120308 0.1387006766118 0.0823570676148189 0.0437439260289735 0.0865738866852702
"ufb227" 0.577424445846209 0.141627269787159 0.170646326759547 0.0969774267013346 0.0486980213312593 0.0870551525889958
"ufb228" 0.593674169525563 0.129600972678671 0.580804069711656 0.0937399106584925 0.0524847816158752 0.0220139082996802
"ufb229" 0.682470970195092 0.161883447507024 0.555582141908847 0.125043122285175 0.0719262947697731 0.0583637500490711
"ufb230" 0.677619285357678 0.164214267530775 0.392307241688562 0.116965333909401 0.0679658414332749 0.0924079155493988
"ufb231" 0.642809045968894 0.166460032290737 0.437932947144425 0.12308938383795 0.0666473588166799 0.0780787553462424
"ufb232" 0.560734508461563 0.145064522449486 0.323208335758906 0.100570140130225 0.0524934000425632 0.0715293860815805
"ufb233" 0.529864688355278 0.144431139488078 0.103190714088137 0.0907340023125083 0.0488923059541653 0.0982360814487117
"ufb234" 0.558724637681159 0.134822336165809 0.709040605394512 0.104420030153448 0.0466132466984543 0.000803713046919076
"ufb235" 0.608316597206905 0.149813397491331 0.419020219514517 0.106074921976539 0.0604034715136389 0.069820665008176
"ufb236" 0.606966450203833 0.152104410721679 0.272604271226291 0.104921039946206 0.0636988315998239 0.0928477821556812
"ufb237" 0.644516876274817 0.159270027369657 0.380131052242407 0.11116752599517 0.0629208227039075 0.0799922373398946
"ufb238" 0.583601504646395 0.152254187548979 0.17157323724176 0.102501305232793 0.0596838317109767 0.106508274904372
"ufb239" 0.63846194198185 0.158040111611463 0.454347900427903 0.115279415229222 0.0592807538453473 0.0688128476082898
"ufb240" 0.623137184547303 0.15718242589982 0.35929563587326 0.111921997572357 0.0685242644219611 0.0902708949423068
"ufb241" 0.644190526015409 0.168932816497626 0.312096326947163 0.11578724666617 0.0702901887726533 0.103171911568249
"ufb242" 0.582009707020283 0.164185608152489 0.138509816671227 0.103268685842406 0.0463434575745714 0.121070092134644
"ufb243" 0.603120815970394 0.163050172591241 0.138102088082958 0.108847899558304 0.0543915640957829 0.119886465993716
"ufb244" 0.596480550073216 0.160931956247942 0.129813401674386 0.105257945515403 0.0568732212248191 0.117649066380946
"ufb245" 0.589243500739753 0.15062787003468 0.204915777198568 0.104635353268305 0.0591485989585354 0.0911629499710631
"ufb246" 0.543559041598766 0.141021164399583 0.18443287399821 0.0881331821152487 0.0499667879636769 0.0884421213537665
"ufb247" 0.637196451941253 0.205954593968438 0.487519570060896 0.161278540871707 0.0691159093825679 0.080955530591713
"ufb248" 0.704435322077842 0.173323395276378 0.572398279849674 0.135208503972164 0.0672763399120655 0.0708823739712505
"ufb249" 0.658504850759726 0.178033450001963 0.223613367972601 0.120306375830565 0.0685569285828616 0.123458238829782
"ufb250" 0.630435052750612 0.14115631166298 0.43913412974533 0.0995910423112508 0.0650425733301188 0.0732383439656742
"ufb251" 0.60039164050103 0.152227429314148 0.446672579695049 0.11390227108831 0.0575677304990067 0.0622168759620681
"ufb252" 0.546523517382413 0.135720842756732 0.439579979064065 0.0976016763189246 0.0581926465048225 0.0542941916380984
"ufb253" 0.579005252083004 0.158720506844427 0.153675065070518 0.100469840706425 0.0532906408374514 0.115344596057256
"ufb254" 0.411377708978328 0.138347029204295 0.582919978695256 0.0992572425982958 0.0400093829921943 0.00438341803786883
"ufb255" 0.669210048801379 0.152130352215575 0.498753772772046 0.116635810221713 0.0747360160051885 0.0723180692858682
"ufb256" 0.624111453999169 0.142174023033423 0.428815324569037 0.10585445865882 0.0693173640304726 0.0685754194440065
"ufb257" 0.545130582917134 0.140858013307271 0.172816324128932 0.0888375635614712 0.0506258440413733 0.0899773768803551
"ufb258" 0.536463822085281 0.143263599814863 0.137830938758148 0.0918513688984509 0.0482996307440217 0.0908617569759206
"ufb259" 0.653412917926597 0.164274646399447 0.370756934853346 0.11375568052702 0.0634019940047112 0.0924734818556251
"ufb260" 0.592717360088617 0.15040195613181 0.289184528956098 0.0983939661741791 0.0616828508310278 0.0873904054199789
"ufb261" 0.563085773517903 0.155175859312733 0.126856736308828 0.097632698938035 0.0454413990336291 0.110806256700197
"ufb262" 0.626558018662561 0.166312049697235 0.211082197168443 0.109258101020932 0.0545659045688007 0.115329126335703
"ufb263" 0.614786311751387 0.155466252879677 0.324333650387914 0.109501249956474 0.0640944920717239 0.0884184744497643
"ufb264" 0.712333813335119 0.170485741646379 0.564243299324522 0.127654168431879 0.0672503348113033 0.0676740896149965
"ufb265" 0.713561293324029 0.169430677281968 0.533157750557165 0.130212176473386 0.077637300884899 0.0816339921256605
"ufb266" 0.680750483904969 0.185704623724245 0.227248341872062 0.128459701383024 0.0755015800769242 0.128783116412602
"ufb267" 0.492522658610272 0.12225636174555 0.511382931666399 0.0903638870074912 0.0475989359736003 0.0137614549810583
"ufb268" 0.634164114358583 0.144859168403784 0.475131596689651 0.108335580175816 0.0694398771872843 0.0643624291061227
"ufb269" 0.57926999584796 0.162767664663323 0.300371072365523 0.105806575394222 0.0615308837630093 0.0906534551256266
"ufb270" 0.591336524331127 0.149202750631329 0.205349148908716 0.10331364211363 0.0630946269374185 0.0926419114818847
"ufb271" 0.680031985378113 0.131259161060769 0.767093749188408 0.106395148035435 0.046921868175517 -0.00331140860213216
"ufb272" 0.748877485567672 0.146933532464042 0.697151659835669 0.118456219522935 0.0662378883345002 0.0414888868687899
"ufb273" 0.586347908147216 0.168068142007653 0.349054304704906 0.122164974329185 0.0573929988905497 0.0648895865159519
"ufb274" 0.73699434381041 0.196427186409345 0.448660531073108 0.149020064147306 0.0844515323271312 0.11062493693004
"ufb275" 0.644406690128277 0.15662727326535 0.370756934853346 0.109753536673366 0.0567228376875349 0.0841690862985951
"ufb276" 0.579454167264381 0.141854976986784 0.171759494194636 0.0953652802372376 0.0504262575083417 0.091077783705221
"ufb277" 0.623524812322501 0.16583463156221 0.201698102889815 0.107843255966133 0.0535502288816903 0.116490220240499
"ufb278" 0.533116563488007 0.137016132492728 0.276849319009048 0.0900383065527553 0.0514350278472784 0.0728708156129136
"ufb279" 0.557806815137452 0.138028804785715 0.205072734425019 0.0933027662793578 0.0477753680375216 0.0741350553131057
"ufb280" 0.594718426241466 0.148044629332161 0.395743699904295 0.105846447127992 0.0629139853758054 0.0678854762093917
"ufb281" 0.653257744414736 0.172993336152796 0.226995600421565 0.119534653916786 0.0637123993179872 0.118086160169397
"ufb282" 0.648942571256658 0.151698438322442 0.387686803184303 0.111896603407952 0.0660519127803412 0.0720131808129573
"ufb283" 0.611735536584741 0.17578481979614 0.150348368635344 0.114860873069024 0.0641663373140148 0.133678448929181
"ufb284" 0.565037194473964 0.143670528839117 0.662343307955609 0.112032236967647 0.0482035715565173 0.0110225173861737
"ufb285" 0.436259950100986 0.125668946321049 0.630547670993035 0.0971082991002409 0.0402378926108902 -0.0102657620541974
"ufb286" 0.508522487553793 0.119985662184373 0.535158962196667 0.0871458101536069 0.0504733690973027 0.0106151201270405
"ufb287" 0.596993418281897 0.161639293014237 0.131445027211885 0.106530397142301 0.0527832040477841 0.118810317719982
"ufb288" 0.605742853580224 0.151017794131553 0.301173949004886 0.104140716448624 0.0677440938067883 0.0916852255129245
"ufb289" 0.593481831941831 0.154749464716687 0.164424958731147 0.0990175611900008 0.0506987508307326 0.108337349326072
"ufb290" 0.581365443067571 0.134854335150896 0.705512049145257 0.106594823813341 0.0486924969433666 -0.000363159209995411
"ufb291" 0.598178128891137 0.172452680924499 0.138476188133836 0.108896467103959 0.0534227843880088 0.129993094831052
"ufb292" 0.575722906252838 0.143122238085646 0.138232775381625 0.0956521396768655 0.0499861860697292 0.0960326322882405
"ufb293" 0.58847543475265 0.149663616347672 0.183468261441948 0.101378108774199 0.0590133886874122 0.0993484671023279
"ufb294" 0.645869003743579 0.164181059377585 0.505731515774333 0.122994426551879 0.0616220903190041 0.0592638284296083
"ufb295" 0.712584722476644 0.186195622905048 0.639283473415869 0.147178622837286 0.064591596725236 0.0601348764647727
"ufb296" 0.651880836511903 0.161807997609467 0.477868450836575 0.123287491844401 0.0730432875148266 0.0729800378526285
"ufb297" 0.571765246056884 0.152952741932306 0.207939180415296 0.101766841797529 0.0538956842149083 0.0937083242853205
"ufb298" 0.532879279064926 0.151221672646386 0.300896689664919 0.0978060796362074 0.0518809811964494 0.0838042239888108
"ufb299" 0.656303915608209 0.145045519300953 0.498799573608376 0.106524941890832 0.066375006837477 0.0718777655735543
"ufb300" 0.623228973773739 0.156536314986696 0.368750805730936 0.110843126928641 0.0711228552907593 0.0772116649552254
"ufb301" 0.601513176537263 0.15225636824874 0.287283322874831 0.102205133579975 0.0609309835837079 0.0851857775842181
"ufb302" 0.612635195348452 0.174389114141787 0.138641037599865 0.111437719254402 0.0565798348654992 0.132211441385085
"ufb303" 0.592305709386297 0.162505267212085 0.138626762675076 0.104146251362939 0.0570051035277316 0.119672567881527
"ufb304" 0.608801575206078 0.140716130361929 0.428379653512605 0.105761134722424 0.0621891797211516 0.0598293955912027
"ufb305" 0.572243211750997 0.149388882736736 0.379463647994792 0.107052698311274 0.0575872745056684 0.059290525541216
"ufb306" 0.638543823326432 0.160947918790272 0.705877774757572 0.129620559730486 0.0583185331848931 0.0295981017697779
"ufb307" 0.588117198538284 0.155383532659568 0.174022590977524 0.101970035154109 0.0563621608044091 0.108022239728207
"ufb308" 0.570894430756066 0.142171540735616 0.15984014099427 0.0959042761858835 0.0497558740631559 0.0940355467430182
"ufb309" 0.667110148514852 0.174611994724245 0.283008664386273 0.124113360222119 0.0580199031119008 0.113404021866901
"ufb310" 0.569614967725698 0.139143744080965 0.182013978674073 0.0940173428396434 0.0459761941971294 0.0819141840912493
"ufb311" 0.583450210378682 0.156978934979333 0.37165860753167 0.107852183321656 0.0554232689249497 0.0773772029015472
"ufb312" 0.591894442780846 0.156205639494013 0.220451489118603 0.0999074473373199 0.0565515218077449 0.107702725334574
"ufb313" 0.614884484181524 0.171243448938518 0.187589266943489 0.109697855367703 0.0588873007965003 0.125733037293285
"ufb314" 0.599728131084904 0.141706133281871 0.454797331770292 0.105654692838671 0.0564635430351992 0.0506725730950566
"ufb315" 0.61708923703331 0.14431713244221 0.437352154850505 0.105083385309053 0.0616121427383389 0.0637929170199539
"ufb316" 0.546087953546902 0.146083607588043 0.149557406610302 0.0953826416927879 0.0523918146529635 0.0938542490792895
"ufb317" 0.524567146858457 0.133352968756099 0.170124050371581 0.0869594638298151 0.0471617546384626 0.0727564007323726
"ufb318" 0.546342816374746 0.14859851759683 0.149841266074385 0.0939599155981026 0.0487297866591249 0.101766529331121
"ufb319" 0.615340505902676 0.173197679951598 0.1402079935193 0.112196993999597 0.0659534082948771 0.130959140844603
"ufb320" 0.584008718156395 0.15769201638592 0.173243819476039 0.100770035232097 0.0584197358622324 0.110402080753342
"ufb321" 0.58178306851932 0.156178639494615 0.173243900842488 0.0999540141964157 0.0540374219583921 0.109795385182918
"ufb322" 0.61577715303368 0.153912658637632 0.234200915629982 0.0983104525413141 0.0600371143832826 0.103921330874862
"ufb323" 0.596647412832981 0.159943869669724 0.117869168453833 0.105175006135249 0.0534137876778394 0.116842759160314
"ufb324" 0.56373207184871 0.137205586761088 0.139866310244376 0.0925872617114798 0.0482844986881875 0.0875670610533693
"ufb325" 0.64285245569137 0.163791586141714 0.315340383308796 0.112632333128346 0.0676582903023836 0.0976120764974262
"ufb326" 0.73108812976754 0.182423523083533 0.58416947496844 0.141029250086121 0.0717207271136427 0.0811101814311816
"ufb327" 0.599376761907628 0.156574714320645 0.185645377686859 0.100023229603143 0.0583870153049695 0.108082212027605
"ufb328" 0.652214093184444 0.156252766398536 0.371661212560192 0.112941463765734 0.067872345919764 0.0769953199669994
"ufb329" 0.64036170295339 0.1674105630392 0.314903050450356 0.115816339587086 0.0670860238773335 0.0961394619613705
"ufb330" 0.594220088950074 0.156002857688826 0.220372317277121 0.100666450773536 0.0576451594598305 0.106069410071081
"ufb331" 0.436303929339826 0.133807243254407 0.616107591599543 0.102665283353854 0.0406096477110698 -0.000368620810487886
"ufb332" 0.587804888448599 0.155053012388512 0.138222345919537 0.100078109897838 0.0556550657858961 0.110130834396625
"ufb333" 0.695265087335572 0.176663926493624 0.537211770092934 0.133702879378843 0.0639772089796725 0.0746368608123054
"ufb334" 0.659995671067748 0.175082395863657 0.452757406865629 0.126851832485992 0.0704842927650227 0.0874291540903535
"ufb335" 0.702789540703012 0.170892218537413 0.472871801391949 0.133150965341104 0.0691151718708725 0.0827738010621129
"ufb336" 0.595994595145218 0.163391907040007 0.184934237759621 0.105398239508257 0.0562667526427945 0.11823012936718
"ufb337" 0.612395977711313 0.171791124537766 0.184919540659758 0.110813240508783 0.0594291562573413 0.127757808588197
"ufb338" 0.601051603109321 0.166100029722672 0.153726980388553 0.107855220081098 0.0512245518306662 0.122304613429357
"ufb339" 0.56303662017403 0.140771500900923 0.382750572024844 0.0980341368238988 0.0587243501869147 0.0726743382439258
"ufb340" 0.617517615670536 0.150812115714648 0.407423452676472 0.108296713150071 0.060603238893351 0.0709133510727029
"ufb341" 0.399409044193217 0.129991344077564 0.594841584974013 0.0947446630417938 0.0379902963295416 -0.00527134895973771
"ufb342" 0.585723926583987 0.141524878485173 0.363751274211572 0.101015805511284 0.0544496002062543 0.0608313941133331
"ufb343" 0.587609038634556 0.145036341599525 0.25469297373935 0.100193610026207 0.0579948951465855 0.0883036011035626
"ufb344" 0.612374127938932 0.170987686935033 0.152554822762214 0.111602635763107 0.0599561917510157 0.127927233938206
"ufb345" 0.51152292706106 0.141474116768765 0.6392247977717 0.108220464925987 0.0446398724247245 0.00848587447795381
"ufb346" 0.578503949069388 0.15370775699923 0.138222345919537 0.0984000305795434 0.0536837730510215 0.108714057594843
"ufb347" 0.632078707229731 0.184899907355656 0.141938507520014 0.119304209000058 0.0672660078148539 0.143216377693864
"ufb348" 0.614534841737875 0.175693333528393 0.127223257961357 0.113219321753852 0.0550731804528741 0.133542180694405
"ufb349" 0.594247447579317 0.161638237028374 0.618743530348774 0.12514460328154 0.0544013556292456 0.0306069187627096
"ufb350" 0.805152385864093 0.210604716960609 0.598614295793506 0.166656599721868 0.098429218696895 0.112145474959087
"ufb351" 0.572436180355982 0.142979510430471 0.159484630703285 0.0964312430780487 0.0534180588148451 0.0948888546683297
"ufb352" 0.598114308080769 0.152743775258601 0.312984618065825 0.106777449039051 0.0693536161075888 0.0935318297731164
"ufb353" 0.600243061954719 0.161339056877667 0.196642400012533 0.104439150769007 0.0609501231607528 0.114253878072115
"ufb354" 0.581907079900916 0.148975715068874 0.149888677815473 0.100172389351928 0.0526398354746896 0.103737199884118
"ufb355" 0.572224958828373 0.139548818731166 0.171458491951782 0.0934403932923533 0.0518728464968274 0.0900884050835786
"ufb356" 0.570431946968887 0.139793064444249 0.160029000912779 0.0958143206369252 0.0431131142203801 0.0871908016279395
"ufb357" 0.64566983698006 0.152506576804094 0.498162911867256 0.117668237637563 0.0687188470672005 0.0626323297969078
"ufb358" 0.589437540568762 0.154543837644788 0.199892443948205 0.100179415551613 0.0558215185898977 0.105932378588167
"ufb359" 0.593709067587314 0.160841266396365 0.152429316851157 0.102786672082005 0.0540125918381769 0.116258523612677
"ufb360" 0.594198458089791 0.15834169490466 0.149788286068138 0.105241389104847 0.0539941111939592 0.114600435666259
