0.4099768 NaN NaN NaN NaN
NaN 0.2697567 1 NaN 0.7555581
NaN NaN NaN NaN NaN
0.7899708 0.5443624 1.493561 0.6906597 0.560849
1.119457 NaN 0.7844746 1 0.4679876
0.6494247 1.248502 0.290499 1 NaN
0.1836234 0.1684566 0.5902469 1 1.434611
1.222718 0.8979902 0.7095707 0.8749639 0.4193016
0.5073208 0.3521294 0.471326 0.9681826 0.6642794
0.5899275 0.6971277 1 0.6759671 0.4170859
0.3710665 0.2638297 0.5559898 1 0.4500806
0.5858415 0.7631615 0.6311081 0.9739354 0.4586362
0.5674208 0.4300116 0.7887754 1.176796 0.2709587
0.5459087 0.5554672 0.4371372 0.3743953 0.5410082
0.4565814 0.3209048 0.6029025 0.3235434 0.3197566
0.438693 0.4732738 0.3844726 0.2040191 0.2688132
0.3304444 0.3367211 0.264883 0.448879 0.1973598
0.2564276 0.5618184 0.2609773 0.358622 0.3147433
0.361783 0.3099085 0.2768804 0.2589449 0.399676
0.4494699
