1 1 0.7021452 1 0.5706922
1 1 1 NaN NaN
NaN NaN 0.5706922 0.6516979 NaN
0.4971623 0.5250753 0.5066218 0.6516979 0.3257835
0.467319 0.209704 1 0.7973903 0.5696382
1 0.2525826 0.6541677 NaN 0.3618231
0.8399006 0.7854488 0.5058642 0.42576 0.7018086
0.4872945 0.4030403 0.4867783 0.6059824 0.2711346
0.3397353 0.4347209 0.4903737 0.3977817 0.4139249
0.3992043 0.2165062 0.248536 0.4368465 0.2936151
0.3302683 0.2642503 0.5152061 0.4579963 0.588717
0.2999255 0.4780426 0.561355 0.6016124 0.2636862
0.2682936 0.3670729 0.3457554 0.491471 0.3102503
0.1448618 0.2435812 0.1545528 0.2743832 0.2768724
0.2804244 0.19765 0.2063277 0.2394359 0.1760913
0.2791163 0.1950589 0.3661108 0.2857549 0.2695334
0.2263279 0.133915 0.2005893 0.1458346 0.1728505
0.1556313 0.1642032 0.1581733 0.1451829 0.1986917
0.2469511 0.1481908 0.1855533 0.1710806 0.1855318
0.145376
