"quartet" "cluster" "phylo" "mutual" "shared" "clusterNorm"
"mb49" 0.758954558954559 0.22309614489332 0.51741170321297 0.176066941808508 0.108663308107988 0.137597590855169
"mb50" 0.778607098429251 0.24919657287721 0.342421034655785 0.182154435101159 0.116678036224099 0.193162424457955
"mb51" 0.733674374902125 0.209492615715613 0.290418152456412 0.152499378979697 0.0945927072618893 0.122491449463862
"mb52" 0.898973803301676 0.241168629000371 0.8370790782997 0.207873804911665 0.101935887671548 0.118868731166738
"mb53" 0.866474608066461 0.226810187060805 0.600593357372384 0.186072256179467 0.0887904089707238 0.100085510845493
"mb54" 0.904984077612382 0.219813377165674 0.815061686819855 0.182602008949307 0.116083280580576 0.119098969217051
"mb55" 0.825571335119965 0.235097941242813 0.597300730402406 0.188545465058661 0.129724067354715 0.15121659166025
"mb56" 0.817382207894793 0.233090902026794 0.637657565657942 0.191804579884839 0.112887989117563 0.134056542083868
"mb57" 0.806562828569333 0.222966839847603 0.677979836107103 0.180968683374278 0.109250101613663 0.122895411310251
"mb58" 0.778071518018645 0.207311261358156 0.620628660387019 0.164809232795822 0.0963048338720357 0.105223604705507
"mb59" 0.884111671883984 0.229989672506411 0.850509427269558 0.201800188124423 0.098125189967491 0.106167879731974
"mb60" 0.888261282926011 0.233286476807988 0.885034707367364 0.208320434044488 0.101763210382635 0.109994827856915
"mb61" 0.765318175107043 0.21011725497884 0.686466988833255 0.171198206332313 0.081161005691186 0.0797059459354024
"mb62" 0.695632955893412 0.217200012717632 0.114591339864733 0.147578675373828 0.0728494807159618 0.177968022875513
"mb63" 0.866824990865912 0.216010598093848 0.815985435807284 0.185417887510614 0.0912757583526634 0.0899408951378356
"mb64" 0.747579529737206 0.204403546873013 0.513842055823668 0.15154959239894 0.0969678398334163 0.116856262776373
"mb65" 0.694043903987966 0.215763267612462 0.137875006406036 0.149147749619417 0.0779984389687807 0.176458289735371
"mb66" 0.842662830238033 0.224021431554323 0.743906305649512 0.183871591220811 0.089553689207434 0.0982297327424798
"mb67" 0.698788007654689 0.215987624765236 0.125849401887864 0.145410705905544 0.0727893501465835 0.175685640665815
"mb68" 0.791605860720332 0.226332316848594 0.720724681188279 0.189376448626088 0.0903881540425292 0.101853913311729
"mb69" 0.766691364122829 0.175121620462224 0.758445450036828 0.143670146086034 0.0689045388180799 0.0424767504801517
"mb70" 0.903746724272257 0.206939528456309 0.860361688812626 0.175510476875894 0.0868245101597547 0.0788879124492369
"mb71" 0.662538255845119 0.175410893636768 0.413421098832272 0.129505209304311 0.0839668538979806 0.103437036575541
"mb72" 0.830209210175129 0.225133109505724 0.666402715237149 0.185041401442855 0.116772761760817 0.125340667388003
"mb73" 0.751041767613141 0.158530570193079 0.790687216507435 0.130507919453043 0.0617944226238028 0.022367986757602
"mb74" 0.760760034810755 0.236595480170691 0.353655476023231 0.173090246128134 0.114263112110843 0.175215047318356
"mb75" 0.697963352207956 0.217449197917897 0.114634415527832 0.146920477251383 0.0777663708258085 0.177662630482
"mb76" 0.753401497463972 0.214725277668548 0.567312656384273 0.16331261394923 0.0944847787518415 0.113112382155236
"mb77" 0.750029797377831 0.172677165366812 0.643316971266409 0.133308722904897 0.0780759671072431 0.0661291025954926
"mb78" 0.692242654829846 0.164245711477875 0.689398755747813 0.12696766986072 0.0567989196089098 0.0298519369676298
"mb79" 0.657538022345819 0.181725301016957 0.17342949681155 0.125202398417696 0.0743821201824434 0.13523946668939
"mb80" 0.680650935198792 0.205420179185457 0.138169851452462 0.141599363711335 0.074819442256193 0.165355984568583
"mb81" 0.695483199737075 0.214692008566488 0.114613605480744 0.145645653863778 0.0718829616404865 0.175101145504942
"mb82" 0.692560282699419 0.188019550481833 0.284123693198412 0.133633806777312 0.0861231979734292 0.127367980303601
"mb83" 0.642645429427632 0.166438676057514 0.173520301381715 0.117444795756073 0.0731551460749845 0.113633414127988
"mb84" 0.682163691002298 0.18398918705777 0.647001194225491 0.152114539299309 0.0639117394744818 0.0508816147324684
"mb85" 0.647949506600026 0.171267558563514 0.254988951395684 0.124122078714397 0.0765918529957998 0.098778111117958
"mb86" 0.70456170737628 0.217930748454278 0.159429231140103 0.146111182452282 0.0777900913586092 0.175672111368052
"mb87" 0.818091184741579 0.240003251216839 0.516667168367867 0.187080383100241 0.129860727202714 0.166517699607434
"mb88" 0.630939463483802 0.163312393057904 0.231641882558421 0.117912014955604 0.0810683417882683 0.104675328663889
"mb89" 0.667338819383112 0.194498934090474 0.131024520352486 0.13311532050395 0.0642606731842287 0.153550922289429
"mb90" 0.680280909258917 0.150904961233591 0.732307330991529 0.123243606543176 0.0550024428647266 0.0140387142387127
"mb91" 0.667460240196122 0.185175787192262 0.257894269102766 0.133119815640037 0.080133481629043 0.106198571888412
"mb92" 0.62298870283267 0.1618294668934 0.234004837900053 0.116270741168933 0.0775208980756078 0.0993489914391757
"mb93" 0.640933219093765 0.166082787566194 0.356799145194842 0.121679747945388 0.0683718216901097 0.0991136138303873
"mb94" 0.692900458973861 0.214773322867744 0.114613605480744 0.144969062632065 0.0715402223036524 0.175186559221205
"mb95" 0.743777202955345 0.221744491056636 0.376345592321247 0.165290049416501 0.107388114054046 0.153532003856729
"mb96" 0.70711804713011 0.188499079588423 0.387381700233984 0.136130393444452 0.0940811265813136 0.117403633426541
"mb97" 0.639673186148303 0.176033384937878 0.208256363062118 0.120216757482315 0.0782266102555258 0.125948235922185
"mb98" 0.801285634432644 0.168784081563138 0.813969827020361 0.144113621786162 0.067116033677978 0.0341450245909093
"mb99" 0.714965385035608 0.189754058907757 0.427221743614621 0.138339047186739 0.0916353525349448 0.111198367266813
"mb100" 0.721682419346829 0.178102568550029 0.492403866359296 0.132469864263588 0.0808265389776737 0.0873351409642608
"mb101" 0.695489234123739 0.152954397150354 0.672581428806637 0.118781826132695 0.0703288104263092 0.0431868995277415
"mb102" 0.709075817705496 0.19487237485554 0.523976969980841 0.150723522413602 0.0856826169988692 0.089925436460698
"mb103" 0.665374514254477 0.185166111871217 0.194268749932541 0.124926565270925 0.0824726419642495 0.133550210400567
"mb104" 0.687309836728903 0.183898884974086 0.290906614794744 0.131507843596488 0.0864593249799502 0.11830504139174
"mb105" 0.67270292560503 0.178483778779827 0.281339202657563 0.132336712830306 0.0748603130380921 0.0989749474215907
"mb106" 0.68326881578049 0.202278335558419 0.183364424060759 0.134962488586572 0.068833566451056 0.151743436456558
"mb107" 0.710390866269458 0.175196466563262 0.593873561992097 0.138595259785912 0.0774208387033382 0.0679532600691689
"mb108" 0.660143125923935 0.148285573491648 0.563369826893198 0.113644919023725 0.0765797421631722 0.0544819807909565
"mb109" 0.688191881918819 0.146878662064364 0.749734460947119 0.117502541265565 0.0523573906227801 0.00731948373680671
"mb110" 0.686762874514688 0.152964309275414 0.581066842443262 0.112106055792405 0.0654667072933283 0.0435732404604681
"mb111" 0.625402309343408 0.170948811024544 0.210463810906598 0.117603678010462 0.0763080569959079 0.118397537030759
"mb112" 0.700644122383253 0.18294801469367 0.517014148801544 0.143255832936612 0.0873965760670879 0.0933477548669892
"mb113" 0.697925160822687 0.173306151620104 0.738084691566198 0.145734705015703 0.0652610430268597 0.0393995724969246
"mb114" 0.622107609931466 0.166521303482281 0.297725233709295 0.119579197639695 0.0720135384222669 0.108157072375878
"tnt1" 0.656644670716252 0.18055485498097 0.254926647231457 0.131471694232572 0.0722386604707199 0.101246468658576
"tnt2" 0.629624402635703 0.16529626799605 0.23421838226857 0.119054609946468 0.0738882772126584 0.0983747367896955
"tnt3" 0.666540298733793 0.155332402552229 0.571107761977921 0.116049021315805 0.0608755186958623 0.0455421496563985
"tnt4" 0.623866569594282 0.15854680938136 0.307920653679525 0.112584228941001 0.0637399075965192 0.0995647560990081
"tnt5" 0.623354761858158 0.158243639557601 0.27352478086254 0.111375866748207 0.0610734951973621 0.102328391959796
"tnt6" 0.650125914252656 0.181541446435747 0.297883094697595 0.122851557531044 0.0780165336019519 0.115842011010661
"tnt7" 0.65514211342857 0.187377365764595 0.136899214050834 0.127067409007632 0.0553038248557892 0.142446441659742
"ufb1" 0.648430342693 0.179454756469787 0.230299748829053 0.123345463966022 0.0811539367117903 0.131364033145281
"ufb2" 0.622004742290565 0.167654748174254 0.284783542541409 0.115582381878567 0.0724913807235734 0.109329937245383
"ufb3" 0.725446428571429 0.182801507516529 0.550255990258091 0.143514619259391 0.0866291200244906 0.0930315276388615
"ufb4" 0.719960668633235 0.150321973454826 0.811625394337254 0.127599154013974 0.0600850108970244 0.011553349183921
"ufb5" 0.68585900204592 0.177168012997035 0.471749989746585 0.126720010741926 0.0882839753362921 0.105166829479165
"ufb6" 0.670877787138913 0.173501702492762 0.379548646969943 0.122354602991839 0.0850366003045085 0.11182764376896
"ufb7" 0.692959421677814 0.206418548574701 0.182325304786536 0.142204636775939 0.0743691667291129 0.16133938663536
"ufb8" 0.675145768083289 0.197556152827114 0.136972550846754 0.133740925200383 0.0607981915562259 0.155037213046492
"ufb9" 0.688718011498421 0.206497289143216 0.116448473472464 0.138967241949922 0.0660001679964868 0.165140747152525
"ufb10" 0.566737292169963 0.153501362200655 0.13775087797805 0.0984774233671646 0.0438865573072591 0.109375242488532
"ufb11" 0.608598795200828 0.171981128180416 0.297844583420002 0.127164954073687 0.0551647981516022 0.0916945356587036
"ufb12" 0.513152736716593 0.13646402478342 0.160606388710734 0.0891953944943854 0.0380903680107712 0.0839803102086526
"ufb13" 0.659876217888947 0.175371178297078 0.331272545712714 0.120359546209588 0.0731802980138563 0.103332492416207
"ufb14" 0.683270762750664 0.189961404781135 0.353964306428552 0.136778682809217 0.0821820784712955 0.111563412876288
"ufb15" 0.621811750523444 0.156171553296195 0.273388939454084 0.112442546671026 0.0623623747961962 0.0933839860476437
"ufb16" 0.709820775955326 0.188023579010868 0.482476600088049 0.141271576950385 0.0791368892927609 0.0989799200979192
"ufb17" 0.750110493749211 0.228904340538637 0.210959900057557 0.163696698507093 0.0883428751458439 0.174795042876832
"ufb18" 0.708553188717347 0.17075115602431 0.597861050085329 0.134612705582638 0.0770233648196228 0.0636305311133388
"ufb19" 0.717052708575523 0.216203735108816 0.206147948678946 0.144143030436576 0.0802868906956748 0.168547844218614
"ufb20" 0.685116219845653 0.204343087421289 0.149149032093633 0.135847523688663 0.067078228170524 0.161361788187502
"ufb21" 0.592664449371766 0.153364481311132 0.662690210576524 0.12057160356483 0.053017485138847 0.0168946861467939
"ufb22" 0.82676393728223 0.213263158827268 0.660791105710486 0.170598986389645 0.100284621772686 0.111668512268142
"ufb23" 0.692806822395254 0.170079151812915 0.682038810802856 0.137390469650544 0.0616536763038586 0.0347025764388358
"ufb24" 0.747723944738015 0.172780598302397 0.618768754248239 0.13543309589563 0.0790678959105467 0.0652232740235711
"ufb25" 0.659513887208768 0.183082162923742 0.190675983051718 0.126145137318545 0.0755347895069741 0.137873799444441
"ufb26" 0.693769754385367 0.209805625590965 0.15167360318076 0.141285738839802 0.0721364668829708 0.166112961463845
"ufb27" 0.631790399851236 0.160134800310139 0.332868026645471 0.115852257225793 0.0602529075357759 0.0928435414813412
"ufb28" 0.698703109312331 0.1872467874094 0.326205877546732 0.133270127875043 0.0911418878755063 0.121835082641364
"ufb29" 0.616289995684263 0.168086492556142 0.287071090198527 0.114771820947391 0.0789190368490114 0.112839942522743
"ufb30" 0.609640725742509 0.167806139484905 0.274800412299309 0.1174625888045 0.0750322193878763 0.105853056203763
"ufb31" 0.769486267567017 0.188549135691444 0.527088855804727 0.139519723426381 0.0848973320622958 0.0994105378713205
"ufb32" 0.695130515779435 0.174140514290255 0.435323295083148 0.120080841342781 0.0836585146330655 0.101874412182162
"ufb33" 0.631520154645709 0.161851576786599 0.342155979613155 0.117980422052166 0.0662597204694844 0.0993628740984463
"ufb34" 0.817546500376304 0.147880827824231 0.88497672359546 0.126107710946561 0.0613758985900397 0.0108554922034548
"ufb35" 0.723635550651125 0.220417416425922 0.229277416082307 0.150414887529781 0.086324789182863 0.170986909864929
"ufb36" 0.846564145192574 0.199094265046893 0.781404749208639 0.167066150141745 0.0798219638657682 0.0703043249586572
"ufb37" 0.691886774590552 0.209623054650538 0.125854288188069 0.142185968859029 0.0621090431435566 0.169438589242981
"ufb38" 0.698011204756625 0.178389865526972 0.539895806936069 0.133732754913504 0.0901043566338957 0.0986798303569243
"ufb39" 0.678097554384543 0.185528550684416 0.497255954134847 0.139935798945964 0.0692544698350359 0.0800854490983062
"ufb40" 0.681258408361792 0.143548301457835 0.743963654175896 0.113458842281456 0.0529192386633197 0.0045660806968121
"ufb41" 0.664696205156563 0.184853197501701 0.240211459630227 0.126109361626921 0.0859149140844236 0.130711346327037
"ufb42" 0.65556402854186 0.168184542376832 0.535329358413561 0.132401687221279 0.0709436857059949 0.0604603873689727
"ufb43" 0.564203302485474 0.158014065130385 0.260800237884933 0.110037293878671 0.0540389388075431 0.0842326683915551
"ufb44" 0.518277933668531 0.135418861350978 0.149056754539793 0.0868202720969679 0.0358221159784257 0.0862883123087998
"ufb45" 0.660619424676756 0.142183756310873 0.769953447190919 0.117108435417769 0.0535733774594831 0.00424230101850182
"ufb46" 0.660805379705272 0.169501688533375 0.406860296227039 0.12112781756018 0.081961294513247 0.102731225763376
"ufb47" 0.753422914968406 0.229835383746971 0.278698223510809 0.165851243416677 0.0870769842425548 0.175847827722839
"ufb48" 0.731360637898774 0.216700600141463 0.240975395854245 0.152951821418943 0.080334013471812 0.164665941518507
"ufb49" 0.657655636567583 0.159685283815824 0.662595297421895 0.121737054979616 0.052720401066087 0.0233217205322892
"ufb50" 0.818204012675719 0.243223635247791 0.482159956235401 0.185552862811215 0.128069554789635 0.177168780188867
"ufb51" 0.673340135815066 0.20186199485531 0.160755755926353 0.138374218739956 0.0692816207000088 0.161618389956735
"ufb52" 0.642727101201254 0.174912077903619 0.207141043023746 0.119787763805941 0.070798920444347 0.128039187296202
"ufb53" 0.606902126481017 0.166340749505622 0.281113378480872 0.114840806624224 0.0781629101137355 0.107919508183606
"ufb54" 0.631025505529188 0.174747391122668 0.307752440267355 0.119670038455526 0.0719232181898089 0.108594398974039
"ufb55" 0.735507428859229 0.201983556946769 0.494788323385462 0.153086584470845 0.0909247588856082 0.0986365390205511
"ufb56" 0.895678379071557 0.230292643074593 0.790687216507435 0.192190082076374 0.0924470451301763 0.106519569593353
"ufb57" 0.678266415780397 0.197806590737898 0.152066408903474 0.129521403195626 0.0653697851342653 0.149034999122473
"ufb58" 0.618489005337635 0.167741266145769 0.255178519771503 0.116111332236829 0.0729349767896035 0.112468829751727
"ufb59" 0.621847047453002 0.16469224310762 0.261822582022128 0.116523249509971 0.0650408710246194 0.111746045777653
"ufb60" 0.705583729529847 0.18784638996854 0.322822155457216 0.1326779325085 0.0899415920816104 0.12253294226473
"ufb61" 0.674762252620975 0.18222068065922 0.26240199667035 0.129749725070378 0.0793257468076749 0.12488411794511
"ufb62" 0.656827325469322 0.182077063459174 0.183455767268426 0.124118438976786 0.0748224255858471 0.132387490120153
"ufb63" 0.636497489567574 0.180622345238281 0.103494659227112 0.121004882182875 0.0463024863359279 0.13969972393044
"ufb64" 0.624344481995106 0.143164111047625 0.512282568050567 0.104782964448281 0.0677076374473762 0.0485670983247076
"ufb65" 0.617115615249489 0.159725796639095 0.342960652279335 0.115462913069262 0.0765606810898476 0.0923584050950031
"ufb66" 0.678262146924271 0.202211198293052 0.130809580864763 0.138150880110091 0.0678066115159048 0.161995022765501
"ufb67" 0.84304440722989 0.215416845563095 0.804420743516821 0.188983091651974 0.0903286760379399 0.0892516640138777
"ufb68" 0.744053983758634 0.187235364882493 0.54488599451255 0.144757485089901 0.0851849213158726 0.0977941371515025
"ufb69" 0.669346382383782 0.173826117519259 0.429699852543303 0.124248549465683 0.0816347528750922 0.101422399665004
"ufb70" 0.723504262155774 0.187567264266064 0.570868942435153 0.144929702033561 0.0826090824657776 0.0816681178397769
"ufb71" 0.664665785271544 0.169858615785572 0.310287531240083 0.11586685660423 0.0784312401366502 0.111623403757957
"ufb72" 0.675593794334355 0.179309259465629 0.363248419121939 0.12624003598959 0.0719931914018452 0.0998803206316565
"ufb73" 0.667476366141268 0.175813483841331 0.392369836833673 0.128307716492194 0.0730014855166996 0.0959129600663604
"ufb74" 0.62602322482391 0.144858742056676 0.572434404025868 0.109756408180484 0.064709713661738 0.0344731546102549
"ufb75" 0.560113302559799 0.148448403338579 0.627594239136572 0.113593591584612 0.04814334124769 0.0106543715855434
"ufb76" 0.655030433225922 0.148854715836278 0.587939275685155 0.110450874257 0.0649051582727136 0.0385559460396743
"ufb77" 0.620962817532359 0.165499591168867 0.272884811969816 0.118976118157454 0.0702664289700318 0.110031335900448
"ufb78" 0.632682886109227 0.176637885251837 0.172398159746929 0.120134826230312 0.060375751695316 0.13373408293449
"ufb79" 0.913146759706035 0.191498372755309 0.895285604582017 0.168261225935974 0.0819845280958047 0.0614869724246808
"ufb80" 0.773397973207678 0.190688277201719 0.603142787457288 0.146024233920738 0.0901487579117328 0.101559445882982
"ufb81" 0.729288909985154 0.183436034431133 0.523106241882226 0.133122640309951 0.0865176916462659 0.104243123665369
"ufb82" 0.653680244246264 0.189802773395055 0.172308455680976 0.12993924262411 0.0663302127671459 0.148602503938898
"ufb83" 0.625445439660984 0.160859192587602 0.432741370099531 0.119668183321626 0.0710131926467226 0.0792951940469296
"ufb84" 0.631896646804046 0.174209563856327 0.218030537014433 0.117911808152817 0.0720711512854001 0.128546940437598
"ufb85" 0.660862974926584 0.186181590510142 0.183966910279116 0.127438960997073 0.0709580360028861 0.143068668570023
"ufb86" 0.647406611126041 0.164765737060488 0.324767089342137 0.114262703919382 0.0697776507520027 0.0978931199647976
"ufb87" 0.663666874052524 0.17325831111666 0.459424389704753 0.129394578897217 0.0796210131749407 0.093319062503615
"ufb88" 0.637619963153099 0.16319035399307 0.29646622491832 0.114815166554027 0.0709069900293559 0.100882700018585
"ufb89" 0.652517001774098 0.146069194983132 0.521315931924982 0.101500736553991 0.0671259330245611 0.0519997894746373
"ufb90" 0.704632622727603 0.171173027235481 0.434984833057206 0.123934920857048 0.0821585305838561 0.0905849458134555
"ufb91" 0.625392767111504 0.15740058293914 0.309170033198647 0.113782305596615 0.0615618641662415 0.0945800334998664
"ufb92" 0.636946138014058 0.163914238831936 0.321022477891299 0.119417751604003 0.0629695463562294 0.0969257942832056
"ufb93" 0.697077255020361 0.215629847665615 0.1483656394067 0.144301533790219 0.0767181108084057 0.174066422547966
"ufb94" 0.664391088614339 0.151732866772703 0.611604582823734 0.115605264005085 0.0675949964446205 0.0418591498685598
"ufb95" 0.676360347059405 0.180968613408502 0.341501992092368 0.131529933919885 0.087540138379147 0.115051630952396
"ufb96" 0.671405116254436 0.152386121489396 0.534721702603367 0.115877834768686 0.0854237742017165 0.0701731128909907
"ufb97" 0.664611181208436 0.180061929031288 0.390039176964076 0.126650731887696 0.0759233554010192 0.100537439979466
"ufb98" 0.626523907206351 0.165670492825897 0.287287545316791 0.113810816516701 0.0744117776379162 0.107135851908446
"ufb99" 0.640159151490715 0.169102866475411 0.278970006314426 0.115936485278481 0.0760673891759342 0.113867950721589
"ufb100" 0.639481211806007 0.1671885201992 0.401224325760825 0.115854847200029 0.0666704305422076 0.0757271092363749
"ufb101" 0.664544087733263 0.184833330192396 0.447395687561832 0.133048250902238 0.0694615150292652 0.0792652743323713
"ufb102" 0.80557707203718 0.209451362270093 0.735429455728646 0.177665986939455 0.0834778914343557 0.0823268989947332
"ufb103" 0.632217914711283 0.17148788553867 0.311973747025844 0.123331526811915 0.0739474712203299 0.0990177101523312
"ufb104" 0.676860311281351 0.180977451958435 0.349409618724063 0.132177263693925 0.0861212721888382 0.109223037385344
"ufb105" 0.689651656039907 0.21026966392644 0.114634415527832 0.141601519625258 0.0665956637617848 0.170118073526475
"ufb106" 0.741637669100779 0.220844727122472 0.243614152187651 0.158656253115771 0.079884882512175 0.16623024928727
"ufb107" 0.717053024800249 0.214422041597189 0.211377193094895 0.145450788343453 0.0787603132951584 0.16465331652273
"ufb108" 0.667715231788079 0.152341464901767 0.505205130822726 0.109594061391386 0.0647036121137131 0.0593848032021694
"ufb109" 0.622987765614939 0.166110513841145 0.654572678836559 0.129448753023388 0.0567505021648062 0.02969740783922
"ufb110" 0.630846558384139 0.149400117660188 0.375548547462283 0.098759467993558 0.0670615003413938 0.0749523332546784
"ufb111" 0.709077127155581 0.199029580959795 0.455738521274423 0.153696311981397 0.101046089216914 0.110637031604732
"ufb112" 0.781537957809065 0.2022835989527 0.574256196979255 0.155642984002943 0.0924016676110532 0.0995484469486048
"ufb113" 0.649762953491099 0.185289276854809 0.160831480383546 0.126012366441636 0.0623697739746558 0.143416324482488
"ufb114" 0.644929013718313 0.179919782400152 0.195539299501353 0.121431719869984 0.0744762633766548 0.135620735069051
"ufb115" 0.740054473977271 0.195160645237825 0.502349231966567 0.147650240291656 0.0942659172581597 0.106341132434891
"ufb116" 0.5127252764417 0.139057753207537 0.172160718561473 0.0911063665591334 0.0409351777843512 0.0844931561540432
"ufb117" 0.675785260108707 0.203095652415148 0.114809798867832 0.137262548895343 0.0493330005057995 0.163297128322689
"ufb118" 0.762264478596857 0.16315790558289 0.80436404838045 0.137697871225473 0.0654511477390475 0.028589206047228
"ufb119" 0.622843212581695 0.16432917357268 0.409645191592033 0.118096063039683 0.0693489432971268 0.0831024551660476
"ufb120" 0.652427610412401 0.181990633043375 0.367577778048072 0.132467106583119 0.0697613377164191 0.0922853840040585
"ufb121" 0.62530115954253 0.169616553091857 0.217449071795058 0.112848948947317 0.0680772947338566 0.107729345030991
"ufb122" 0.636571643288254 0.171944975981966 0.20847578542701 0.115599278341045 0.070296963349272 0.113945670870779
"ufb123" 0.72820866704307 0.222358424567543 0.231742696628033 0.154388301873312 0.0856733030647491 0.170653121018281
"ufb124" 0.736160451847156 0.220720127397284 0.21347710258295 0.155676220133355 0.0841580202217497 0.168902585203942
"ufb125" 0.600495167913411 0.152787581045934 0.229429629748116 0.105380436287232 0.0623180360478035 0.103185709626568
"ufb126" 0.592035032095003 0.15094130336374 0.231803647093313 0.102279149327597 0.0582957824884944 0.0994201879941029
"ufb127" 0.704930966469428 0.187627510838307 0.450862574499699 0.139872491932918 0.0944446100014317 0.108723302597768
"ufb128" 0.650948966680725 0.177633143160718 0.198387147986629 0.11885744501468 0.0710286501674891 0.123059103584576
"ufb129" 0.651292628284912 0.145896822173975 0.56281305975349 0.106362323127318 0.0607583144064587 0.0358998110984381
"ufb130" 0.758837549784252 0.229071041216503 0.353655476023231 0.167353773630792 0.100536770744504 0.167085616766682
"ufb131" 0.626568638347016 0.160023280998025 0.265942270365338 0.111249717369146 0.063983088514301 0.106812115460081
"ufb132" 0.638626706967217 0.170930599145001 0.205421847037996 0.11824311659232 0.0653042962544208 0.123814174816061
"ufb133" 0.636966727903654 0.14024311289698 0.746937452882737 0.114146752001383 0.0533171914950277 0.00198959172956202
"ufb134" 0.824040007931088 0.216406654416819 0.643316971266409 0.174991090336716 0.107967195808053 0.115490362157821
"ufb135" 0.70699486262522 0.210757768512225 0.194595392852547 0.141003815832629 0.0778160680297363 0.16446950266413
"ufb136" 0.691437382469418 0.211638112488138 0.127262037521561 0.141305102161187 0.0688448250677067 0.170548390798722
"ufb137" 0.648607944501513 0.17540273949403 0.222017470365215 0.118941968380705 0.0703712499188121 0.120633191210801
"ufb138" 0.671757682827794 0.176680504417153 0.476008500051675 0.135434463952203 0.0718652477262055 0.0857837926863892
"ufb139" 0.643088522792153 0.179498093941888 0.160734196950662 0.123217972765743 0.0642520362300656 0.13672173729439
"ufb140" 0.677501437858375 0.148458724392156 0.593614659543232 0.112273204340763 0.0781638949508607 0.0544856296513192
"ufb141" 0.622606217155073 0.162147785615276 0.674158156599399 0.128262155096396 0.0594201696525875 0.0266391777846686
"ufb142" 0.627786837127389 0.160903061485519 0.241146239422851 0.112187758955092 0.0673193034793206 0.102147539442893
"ufb143" 0.623241966943846 0.145829640115574 0.705672597463388 0.115028845637827 0.0509618076373355 0.00726789730444453
"ufb144" 0.61432175209265 0.169712221690716 0.255178519771503 0.115977141571207 0.0783132191082418 0.114524378682444
"ufb145" 0.626504149744368 0.173253788570738 0.258041836358051 0.117202721091409 0.0803093984585561 0.1208513170935
"ufb146" 0.611000301430835 0.168490945028971 0.257842775798531 0.116307542254771 0.0750418610068845 0.110224728803853
"ufb147" 0.711133225525563 0.20086511869468 0.455829220062705 0.149908468921245 0.0848520297576083 0.0970694474877459
"ufb148" 0.723701485829378 0.213702412191432 0.187486507393841 0.146789943814919 0.078269507523534 0.163846131545867
"ufb149" 0.690046644092122 0.205480137595862 0.193640120263268 0.142580867056853 0.0742649695641298 0.157191203302707
"ufb150" 0.683877560785547 0.200362524912399 0.184280518144606 0.138844835846701 0.0698485336110273 0.153480092436128
"ufb151" 0.716814159292035 0.167166198187461 0.726049971498165 0.139029150020744 0.0609252502617544 0.0302861811703242
"ufb152" 0.637880684188569 0.172050722291868 0.436501793152711 0.126560012918138 0.0645912510042405 0.0812554341828162
"ufb153" 0.696003089726097 0.212721379877194 0.170907237520265 0.143098672299414 0.0756239458893821 0.16918689894283
"ufb154" 0.677004482986698 0.18942710982575 0.638409369496992 0.154350624271604 0.0696569530571242 0.057459992120388
"ufb155" 0.645556884036666 0.16308737843185 0.392969075733128 0.119517806041986 0.0728999109382505 0.090000453431412
"ufb156" 0.773337058390267 0.232418947352266 0.348962880768396 0.17256233526923 0.118860103600772 0.165208632894071
"ufb157" 0.709854664210868 0.203980740106062 0.375613428447218 0.151369334171022 0.0971067969574655 0.126624600177933
"ufb158" 0.711470101714004 0.148201783486373 0.723887874601423 0.119433191911661 0.0736570680666849 0.0385016204516718
"ufb159" 0.614681670794597 0.15469991011237 0.171850993898511 0.10739510119728 0.0523340002758154 0.10797324901777
"ufb160" 0.583129362827694 0.14703335720171 0.229749653144564 0.10256081094089 0.0564740804902715 0.0904690391983637
"ufb161" 0.576299793149833 0.146007414243592 0.241381300462412 0.102762759248901 0.0542404894987945 0.0862636567262369
"ufb162" 0.730996993132788 0.198901984635368 0.490696554293531 0.15204081013014 0.100871640411765 0.110495354155539
"ufb163" 0.6355740662859 0.165231735883061 0.263911483423657 0.117899818954046 0.0771459436871451 0.10978556651362
"ufb164" 0.684725740720344 0.175837078122733 0.481311940936454 0.129760520790415 0.0870690589822769 0.103819066215727
"ufb165" 0.675005039166487 0.187850582869346 0.39389932363769 0.131744414546762 0.0880548580488364 0.116868650421561
"ufb166" 0.657330142324636 0.164967945424787 0.35823375966128 0.118163877489609 0.0732719472012036 0.0836872903473967
"ufb167" 0.703765938686923 0.207733906744317 0.185283577486291 0.138836771986809 0.0732586702655087 0.161273654460612
"ufb168" 0.623359662649086 0.167635508449645 0.300937790451532 0.11462785879361 0.0734661770352424 0.105680356982454
"ufb169" 0.637271069051161 0.173340095167132 0.348078719844614 0.122375756640673 0.0771765055267437 0.100909326625681
"ufb170" 0.620052326821187 0.16709314142371 0.287327956919062 0.114722980004623 0.0744186047379112 0.104934075976982
"ufb171" 0.681046437911086 0.184228834987756 0.368979100066298 0.134813373695288 0.084756813450888 0.105137456878675
"ufb172" 0.681814903902074 0.203579929884346 0.128639637908931 0.137132202764601 0.0650033900053213 0.162073137273145
"ufb173" 0.623025083007331 0.15655685417016 0.296369844195144 0.112034569017537 0.0590988511577625 0.0974353140505071
"ufb174" 0.670161565506435 0.196760814815772 0.160695242457005 0.127668114360358 0.0643378795168905 0.149654169984291
"ufb175" 0.678646011810824 0.201042828371377 0.162538828705231 0.131443626488373 0.066859456430179 0.155647895224238
"ufb176" 0.684923208988546 0.205706098390427 0.125840739715717 0.138677809252835 0.0613695368026646 0.164308320354612
"ufb177" 0.67262040754699 0.199859565077955 0.104435200788091 0.135407730381725 0.0476771550030706 0.159899363617657
"ufb178" 0.66419298623485 0.149807087996195 0.51771117795337 0.107381280184079 0.0662899960335732 0.0557541760247783
"ufb179" 0.510460337831706 0.141225012538228 0.165915187171429 0.0920678771390666 0.0434557472028591 0.0842378935665822
"ufb180" 0.504552904753233 0.134431413381775 0.154029329175708 0.0875342699346285 0.0358340493728361 0.0796470326630985
"ufb181" 0.523441227314691 0.136248005109766 0.150750763328832 0.0885558777021699 0.0426278990327035 0.0884725125850463
"ufb182" 0.690412654213559 0.171895123364252 0.491695830478726 0.129237094456525 0.0797898985345057 0.0915970206116563
"ufb183" 0.658460737997187 0.187746794412505 0.138500460841312 0.127457200798373 0.0540463334139413 0.14386142153537
"ufb184" 0.649720223820943 0.185305924938857 0.602232483593137 0.146918994091571 0.065557618952115 0.0525196397435929
"ufb185" 0.654461778011915 0.188940171121785 0.0954289323144672 0.126963031183217 0.0433521615291422 0.148481591498028
"ufb186" 0.534556598206978 0.150629832349644 0.252071703092659 0.105611920701938 0.0560269108212801 0.082529453883339
"ufb187" 0.626485128777609 0.160880951335035 0.319145504954452 0.115714261502738 0.065382406912922 0.0983198830328873
"ufb188" 0.734203205722612 0.206464438815415 0.662748866029738 0.169993565717263 0.0765024134476655 0.0787894150847716
"ufb189" 0.622944327283888 0.16544848818618 0.263283057581292 0.112447157125194 0.0707850358266497 0.107021825826757
"ufb190" 0.644117470241674 0.17918958153718 0.383400740894413 0.130565494044808 0.0723584042009057 0.0890503133935077
"ufb191" 0.62946904683591 0.169218722560671 0.329610225401681 0.119264554737691 0.0684187973532485 0.0884980132223781
"ufb192" 0.693373662068019 0.211335699735133 0.161827360852678 0.141387454718491 0.0782673651525683 0.166531872953181
"ufb193" 0.604664688051486 0.157084532464955 0.206065669694886 0.105946519262641 0.0574779487347987 0.109198696821341
"ufb194" 0.601710721776408 0.156381363862236 0.237577780600449 0.105696827157417 0.0598434252247382 0.106937693964831
"ufb195" 0.642729843658289 0.168483566100488 0.307664143975143 0.115802107314105 0.0696278094633542 0.101738545952991
"ufb196" 0.760936738863321 0.221365982605256 0.385186571779025 0.166736691183479 0.109453548150672 0.145787179093954
"ufb197" 0.683868717403581 0.163359022288973 0.515711575062318 0.123925963117517 0.0795014539071886 0.0709633699194299
"ufb198" 0.651001437341322 0.170051225764616 0.348045017883056 0.120091453707934 0.072474885670755 0.0975724481078888
"ufb199" 0.701818975552969 0.186399842347263 0.464843012320527 0.137885918971345 0.0789255771220211 0.0969773988332671
"ufb200" 0.71365751393363 0.201166588686253 0.471271364868895 0.146742886920865 0.0857716697781318 0.0974100739231883
"ufb201" 0.635093604588248 0.148341865852976 0.380441028467937 0.101047509384177 0.0634441742366918 0.0659933980856663
"ufb202" 0.630707965270484 0.144887991208425 0.371571611146544 0.0985358989537122 0.0644813035344233 0.0702682890040775
"ufb203" 0.650295525690996 0.149043891477764 0.355981765958709 0.103554908180677 0.0731319025686332 0.0807064485854011
"ufb204" 0.664235976900755 0.168865130769181 0.287124875216621 0.114052742519795 0.0749335359573095 0.113616151212569
"ufb205" 0.639292376700413 0.165151678177748 0.213741202810302 0.113945345746011 0.0662192901913842 0.11436956646824
"ufb206" 0.597009615580086 0.1502292396929 0.274385709426721 0.103386965734989 0.0646651918085049 0.090779935667981
"ufb207" 0.681471728006509 0.173376728941808 0.423120252619567 0.122124924723937 0.0842110349190162 0.106929330550954
"ufb208" 0.651133466547233 0.164833731721391 0.406325777034336 0.119058545239479 0.075403342460443 0.0917611906118587
"ufb209" 0.54318669527897 0.153828709143445 0.623273143403936 0.123819404078564 0.0517369376526969 0.015801363781226
"ufb210" 0.615786656591417 0.159349660935512 0.500593002400749 0.120698232518994 0.065657288832012 0.0503797276877025
"ufb211" 0.603909680117081 0.150947669045604 0.64342346226782 0.117070230410894 0.0504169049706716 0.0144154979508429
"ufb212" 0.658895239473303 0.145943856970019 0.52543811435361 0.103089339798909 0.0701319182139522 0.0518606441690459
"ufb213" 0.646825368363422 0.176311646912767 0.183247748142749 0.121924396201374 0.0592958042127315 0.133367621734193
"ufb214" 0.623710168516466 0.158223386547686 0.300890570547599 0.110756748038887 0.0650552556483643 0.102309677842521
"ufb215" 0.646871031098835 0.175049183025118 0.319304900751362 0.124120659032467 0.0718125259994699 0.102784441096268
"ufb216" 0.724974088789083 0.207192281052788 0.353164344500255 0.150079024074265 0.0919850319994104 0.137704322716203
"ufb217" 0.630460859807298 0.166569341898349 0.206076214407886 0.114379386952556 0.0604478977499728 0.121516292253152
"ufb218" 0.632803512773946 0.162413127527866 0.285342329990627 0.117837909714815 0.0641383477391649 0.0953044116911593
"ufb219" 0.638516884113584 0.172570943489323 0.348593502209872 0.123641042906818 0.0722742396078808 0.0924211925464799
"ufb220" 0.651724753753795 0.173462942364699 0.327896736464888 0.120684942783921 0.0704980720711696 0.100987805129595
"ufb221" 0.637755279029085 0.162555471803487 0.350887209019905 0.118651292186691 0.0772103071927648 0.0954304567167651
"ufb222" 0.646149931294213 0.166561029385066 0.323822110430482 0.116297200800415 0.0736095243169504 0.0998159938778884
"ufb223" 0.672052327011734 0.17566831539886 0.399365750175538 0.121057480614317 0.0821992928353823 0.109405124208057
"ufb224" 0.701245089176453 0.216031924411918 0.141972104443657 0.143910737848109 0.0793016198319658 0.172677575072736
"ufb225" 0.636331704743874 0.168699010969577 0.166061640836658 0.116835085851831 0.0563873875927108 0.124658045631983
"ufb226" 0.625566834702944 0.147980766333987 0.34144003306803 0.0997973896906364 0.0685645649053175 0.0795578782644387
"ufb227" 0.637335096898971 0.175770856871018 0.171862713911889 0.121508505866586 0.0648957195050922 0.132813128710766
"ufb228" 0.616425953084738 0.161454237435686 0.208351672597936 0.11068033245909 0.0608584988848673 0.115083890704753
"ufb229" 0.744498876627843 0.231325792840728 0.246636826723371 0.161920076934949 0.086048794061027 0.177445979778115
"ufb230" 0.665886871865072 0.166269178376126 0.400221367118995 0.120275295135602 0.0705865815233752 0.0852042884233155
"ufb231" 0.644431584143249 0.154718354124362 0.424769165770627 0.106181522692513 0.0612487920603923 0.0620223489016518
"ufb232" 0.664319374055304 0.173116899290099 0.436477056673108 0.131289415248883 0.0802974217034236 0.0931639772947725
"ufb233" 0.649050855401922 0.146302302337168 0.725958359831264 0.113154870788347 0.051266352651984 0.00664883930898098
"ufb234" 0.500379716001089 0.129910255836577 0.148803524888013 0.0845398793172207 0.0336278600153163 0.0770907054347018
"ufb235" 0.72124943685238 0.19519507961301 0.451867994499984 0.142953696796578 0.0807964703995621 0.10651586918121
"ufb236" 0.628498680479076 0.165118785085565 0.218639281285046 0.114911931897299 0.0622326076803511 0.116166033442632
"ufb237" 0.687838019343137 0.209200914264279 0.137651548857082 0.143693657929847 0.0697145156990513 0.169706796600832
"ufb238" 0.663528429644745 0.158557472215562 0.516791772495804 0.116220081295385 0.0742792518717748 0.0662824756736489
"ufb239" 0.620869878649525 0.139251271868336 0.382831429649152 0.0959180376584648 0.0674068702221009 0.0639030518011258
"ufb240" 0.699780649319597 0.169950716899148 0.469795272172488 0.122684710457771 0.0774875805680411 0.0895823626104755
"ufb241" 0.632524861889854 0.172858045792171 0.232709423180469 0.117753117935984 0.077026943419434 0.122578399977183
"ufb242" 0.652734604444268 0.17274883594816 0.354415275953174 0.123843774583735 0.0744703401321463 0.100481065063498
"ufb243" 0.661270885581214 0.143344546336863 0.672627235204528 0.11609966704316 0.0711163061839814 0.0326417996331771
"ufb244" 0.674944307991089 0.178000315293676 0.311170162111082 0.126958401583346 0.0819436835258364 0.106093122279233
"ufb245" 0.6574371594622 0.182652820425283 0.171719356608566 0.126446398545845 0.0621576040483105 0.140625684549488
"ufb246" 0.678695413849808 0.161028513724587 0.700905464266372 0.128375171102908 0.0592160692075886 0.0261173965511353
"ufb247" 0.632435974610819 0.146427692661743 0.398516405814826 0.102338555603757 0.067060737779842 0.0717197501489484
"ufb248" 0.620305049583456 0.167721570486427 0.160867403494974 0.114781542367479 0.0606245669232207 0.122763600826359
"ufb249" 0.621635840662773 0.171553334302604 0.183815230016543 0.117826648884937 0.0600142531287907 0.128363503848579
"ufb250" 0.627365268969368 0.160530505058742 0.234869690676909 0.112424690341152 0.0694979080486689 0.104767574627423
"ufb251" 0.641534663649455 0.185063239915403 0.30847113751869 0.133337066664753 0.061675483682163 0.105628758772933
"ufb252" 0.519155204638724 0.13975563660688 0.137704104873079 0.0884966836052177 0.0418147520160017 0.0908535003319486
"ufb253" 0.525951332560834 0.139685455642556 0.126149606245228 0.0870584897317856 0.0392436961418667 0.0920877306062371
"ufb254" 0.643663083144294 0.162601390957468 0.289313942426549 0.115123726800977 0.0726912655744033 0.103971803051383
"ufb255" 0.51273676366454 0.134635138266897 0.166061646503855 0.0865580776605794 0.0344450077453092 0.0838994016116407
"ufb256" 0.667734169419405 0.196509714786361 0.175953067902362 0.12989247157092 0.0665355757531806 0.147695252708369
"ufb257" 0.660730030713942 0.183225208023585 0.183847716656729 0.126010001988535 0.0751608907740894 0.139073893731681
"ufb258" 0.628284603997039 0.165177570681707 0.343223696187102 0.115997311814529 0.073306393932186 0.0981540472550989
"ufb259" 0.624387265904153 0.138635373631721 0.499555256601209 0.0998003252621774 0.0646334983104733 0.0440086753138271
"ufb260" 0.62407294754145 0.162040501600326 0.266403765709136 0.114240275599018 0.0731820459981763 0.103307275415235
"ufb261" 0.668773704171934 0.191496061662666 0.166712538317459 0.130594837474723 0.0714639266727293 0.149345211601416
"ufb262" 0.660639500701009 0.17480186866521 0.43631530220381 0.12939137034595 0.0850839035244597 0.0950118696089263
"ufb263" 0.732961038961039 0.193884918647733 0.529841220480475 0.146802726760126 0.0907869863265081 0.0893785076792099
"ufb264" 0.786168367598669 0.239360541558965 0.336863874717444 0.177210122861268 0.115266040672047 0.178255156698615
"ufb265" 0.633097623096891 0.160734396860906 0.274516169659769 0.115635723412887 0.0725972889947707 0.104989509593513
"ufb266" 0.635087491834262 0.161104616752266 0.329317975364729 0.114967934720141 0.0705347478070114 0.0938470241282355
"ufb267" 0.648163227780769 0.165066519931351 0.356799562992655 0.118185681133016 0.071219279273352 0.0921276301919904
"ufb268" 0.623659685339212 0.163473338409276 0.250627908530881 0.114965014024025 0.065122567269596 0.112626057008662
"ufb269" 0.638987725501926 0.172632471215869 0.209327985724719 0.118548363770221 0.0707112784359469 0.124141266624993
"ufb270" 0.623369105401434 0.150405202102034 0.368518436245841 0.0992355030657109 0.0641363612722485 0.0678250817649036
"ufb271" 0.666823244225265 0.192324340964273 0.138500460841312 0.130560434918768 0.05514883841358 0.148684722515007
"ufb272" 0.703290949887808 0.175176735518316 0.710703731792855 0.144740782455199 0.0670124082989464 0.0408895540082425
"ufb273" 0.613287617051401 0.166558191321461 0.168586351087941 0.113135681401859 0.0576214348311934 0.122406381462758
"ufb274" 0.614868137992822 0.163783932563486 0.313629266990408 0.110991532950597 0.0723792143159666 0.0966330097408944
"ufb275" 0.646492668289645 0.170022201549442 0.497155524262396 0.126827419123162 0.0647738895455889 0.0618903972751029
"ufb276" 0.65728448635567 0.181518475606181 0.268913350115489 0.122761447883499 0.0833411943098415 0.124189725361013
"ufb277" 0.663761109483348 0.174858789385582 0.286803456626418 0.118685871202525 0.0756396495830793 0.11332408374741
"ufb278" 0.685308985614632 0.20927857867521 0.137654571644641 0.143091075761785 0.067369358602658 0.169834551926743
"ufb279" 0.686633963277772 0.209831736517082 0.137651548857082 0.144051437227697 0.0656485884959921 0.170369123402296
"ufb280" 0.778392257554809 0.189186917811213 0.598588118967838 0.14384338816582 0.0860572983707387 0.0999398397416506
"ufb281" 0.655745900546594 0.142188632044506 0.621306495755981 0.108089924838005 0.0654029670311983 0.0310786765740953
"ufb282" 0.620670737217138 0.16457874075926 0.33873356441748 0.11994672274699 0.0731547678267475 0.0914783090676821
"ufb283" 0.876751117734724 0.193148465157872 0.84877773544635 0.164477436116683 0.0792241693694189 0.0628700732551568
"ufb284" 0.620606107821751 0.166174887450768 0.300121491679836 0.115392444276928 0.0731065067719108 0.104100364805652
"ufb285" 0.642338888294866 0.164124886673373 0.479257441574884 0.121016772145196 0.0738606755549766 0.0721019588752247
"ufb286" 0.617880712067436 0.153196095419238 0.389212270580234 0.108620856887164 0.075496747790752 0.0789635313969572
"ufb287" 0.581130567480469 0.149203715187667 0.263809093169409 0.102455811181276 0.05510685143506 0.095309954053703
"ufb288" 0.619639431994885 0.161414973981231 0.312178015619848 0.116547664020196 0.0802355713579101 0.0989143270236574
"ufb289" 0.603189750248344 0.151684808915606 0.30916364463444 0.109328852571388 0.0586372753420083 0.0885000287066137
"ufb290" 0.589538576396609 0.144719399979289 0.286587155300898 0.102119906719345 0.0550135206750001 0.0878982960896199
"ufb291" 0.604529206374131 0.155083091989137 0.194834372939185 0.108028847360314 0.0519589131861877 0.108375559994268
"ufb292" 0.634535694704765 0.166780842014971 0.347003089351057 0.122830283557114 0.0715865325076117 0.0939917136068062
"ufb293" 0.507626107528116 0.132657871931967 0.160606388710734 0.0858740731391672 0.0325160696837954 0.0799428282109722
"ufb294" 0.611303226805949 0.162413134029369 0.229809171993555 0.111092900634763 0.0705609176976078 0.106831970603652
"ufb295" 0.633085670532853 0.163002514208112 0.436503492023827 0.122616188837699 0.0601447725451269 0.0712149736967035
"ufb296" 0.626820717918333 0.177775565754557 0.309331509233189 0.119964998726926 0.0772203582725752 0.105848712016648
"ufb297" 0.647103385970526 0.182414954987052 0.136866415483699 0.126186670663185 0.0539592231469177 0.135974497290774
"ufb298" 0.593375980189847 0.146896377297513 0.354984341078257 0.104052713934972 0.0725267358697844 0.0722591609441921
"ufb299" 0.603459594802974 0.151297064830705 0.42626667749025 0.113544268118207 0.0654017711763613 0.0579251616204592
"ufb300" 0.600691724945764 0.153363183777924 0.38738585499877 0.108337685776694 0.0642423778306099 0.0792622622136207
"ufb301" 0.669616615505192 0.169015052514706 0.506446126316102 0.128633958339078 0.0683650247166346 0.0612980029288129
"ufb302" 0.627301255230125 0.14918714491387 0.693971044115926 0.117503688312787 0.0518207895168684 0.0107723525332606
"ufb303" 0.589881180528938 0.15869584297537 0.623448513544221 0.127089046936952 0.0526550124396172 0.0234096198276116
"ufb304" 0.590834187178628 0.150065829384803 0.226118019205624 0.103646600220115 0.0573385525688235 0.0962288913361003
"ufb305" 0.588396441241158 0.143432554891977 0.284989100252281 0.10007841281846 0.0652769878481688 0.079590563980912
"ufb306" 0.58511769253898 0.143530800483602 0.284572376469972 0.1005745121817 0.0637453813083841 0.0749378704185317
"ufb307" 0.685633630365281 0.144318658497037 0.670862461066802 0.112167360703833 0.0699644556272979 0.0334320671456947
"ufb308" 0.615878737008418 0.162923029745121 0.307417509515613 0.11751728193554 0.0764945232187931 0.0957200903357996
"ufb309" 0.609789091606837 0.16374218291889 0.278136203789497 0.114859842889613 0.0748436179460452 0.105196062718551
"ufb310" 0.641318858061922 0.159825471465777 0.464702149724002 0.119148907451278 0.0707541923453633 0.0670395863175528
"ufb311" 0.650245076499588 0.172116707843861 0.262602883109314 0.121346741721115 0.0748566624020138 0.117128902142443
"ufb312" 0.694781741428912 0.206600973795844 0.183165875650076 0.137887098445727 0.0771153878710708 0.160068916103837
"ufb313" 0.619018743706078 0.144746666794555 0.394903533573544 0.0971721909276805 0.0631722589725739 0.0620793227741925
"ufb314" 0.677813289494902 0.197115137222735 0.160742666441284 0.1348254646435 0.0748163412709077 0.155832859439553
"ufb315" 0.632008121260851 0.170574585769403 0.229563337753161 0.116169004555444 0.0687971620752289 0.121963411152791
"ufb316" 0.658743456587122 0.175585817204704 0.29835743767113 0.121205886413421 0.0749687288000331 0.109360560040041
"ufb317" 0.633157521845233 0.144253568299154 0.447674575617443 0.101673758047617 0.0697054811242582 0.0613737536578966
"ufb318" 0.691717472118959 0.187969646044763 0.479906407321416 0.140231484762282 0.0689962664525732 0.0830864662368879
"ufb319" 0.708184117780809 0.187438750497807 0.354572937046189 0.134224343186709 0.0905881910990404 0.116314269300804
"ufb320" 0.663044736624493 0.176266694074239 0.257118454455268 0.124919868603598 0.0735550260028197 0.114807696189715
"ufb321" 0.696564427004084 0.188807676891247 0.456004577704897 0.137291160232259 0.0852347656761989 0.0995442261944896
"ufb322" 0.649014597468206 0.176026212466453 0.321108655170439 0.124246554347612 0.0663806786418365 0.0960545674301956
"ufb323" 0.682407245056657 0.202935237478152 0.160727735919459 0.133572310374553 0.0676285716564388 0.158872875182806
"ufb324" 0.630062717712376 0.167920589812179 0.209356930041553 0.114859797103324 0.0671490216311933 0.117372406515736
"ufb325" 0.662411819956168 0.190037464200635 0.116395550717895 0.128174473493918 0.0554932190319102 0.146273201532659
"ufb326" 0.666582094601317 0.194710641342099 0.127245143059881 0.130683552432977 0.0579385867333115 0.152040008686304
"ufb327" 0.651535996073561 0.149079555175215 0.390749482763101 0.104133942415753 0.0751640258764135 0.0746099843115741
"ufb328" 0.607902288412641 0.159617122555366 0.229307537974379 0.108362911856874 0.0566704796492316 0.110362615551241
"ufb329" 0.616697721361748 0.157278463610649 0.3830368893878 0.112633348724015 0.0696325667631957 0.0755355121359812
"ufb330" 0.603824465008675 0.146805539948539 0.364548175292398 0.10314222589937 0.0676713471720626 0.0722807426784925
"ufb331" 0.626088942881766 0.155326372051499 0.376861908499508 0.107905622406859 0.0674772771963149 0.0735789040039282
"ufb332" 0.661360546559053 0.155178451535224 0.475625288545897 0.110193787069275 0.0649032700072389 0.0619078546809883
"ufb333" 0.625835220573097 0.168505927128477 0.278713618745777 0.116929398852869 0.0778038426046013 0.11584094604238
"ufb334" 0.65576595607427 0.192899676578598 0.092215825505254 0.128933805069887 0.0515030298606076 0.152590461809363
"ufb335" 0.636457663203614 0.176171254407927 0.183385161051463 0.12146182469572 0.0628146051798981 0.133222687450233
"ufb336" 0.61502619709738 0.160360046938005 0.208224848223791 0.108902601465959 0.0572958478339697 0.113908334943566
"ufb337" 0.640918059801817 0.15073228463858 0.455510045459853 0.108088131740288 0.0696309343040933 0.068183956533811
"ufb338" 0.617737738527046 0.164273408522953 0.285012707647435 0.11160547377132 0.0687472228646175 0.102057329339197
"ufb339" 0.490943319901047 0.136870487673584 0.172145211977408 0.0883521776668095 0.0476470022051457 0.0763355408026442
"ufb340" 0.647282378448426 0.177582742663438 0.266467729770337 0.120005075208583 0.0788980913637611 0.116289242525464
"ufb341" 0.638990725205632 0.173323369201287 0.187478627224617 0.117417529730224 0.0642145897401472 0.120996975334131
"ufb342" 0.627762326590966 0.175240752639835 0.0932320461325411 0.116733241523549 0.0419197501031506 0.134051659435565
"ufb343" 0.54019347302605 0.131933879777723 0.0918464854109135 0.0879067420931527 0.0290446519983441 0.0866941031690758
"ufb344" 0.526699440100739 0.130015421969332 0.103169664421663 0.0842798587745692 0.0306179635138672 0.0830113596049631
"ufb345" 0.515471897439816 0.132399375309651 0.126040512267501 0.082917272739581 0.032066421884139 0.0831442728742191
"ufb346" 0.544874076794232 0.154566502654145 0.17194050550513 0.0994574199318746 0.0467580597265282 0.0916401805047611
"ufb347" 0.621972604875007 0.168669691848671 0.276431354483606 0.114876531549912 0.0759332339461572 0.110422969720572
"ufb348" 0.615167750271965 0.167032185378224 0.302028061730672 0.115567634375656 0.0724820494187538 0.100157559258629
"ufb349" 0.685030320813771 0.210076234925228 0.148396763801108 0.140273572780208 0.071175164723443 0.1689062238934
"ufb350" 0.661781907980244 0.153384745427867 0.487546331386011 0.115613076638898 0.0647599876012699 0.0605424928575432
"ufb351" 0.641027482094455 0.14719875989153 0.505521098293926 0.108296568420532 0.0698097067616344 0.0532537877666204
"ufb352" 0.655503435678984 0.181405439902277 0.194491673033477 0.124573820761271 0.0629681926427307 0.138014984060939
"ufb353" 0.654661039232273 0.178929760699401 0.190675983051718 0.123703033140427 0.0715430910148257 0.133528143658893
"ufb354" 0.791918181312879 0.243943547693841 0.38512746756107 0.18237163429026 0.126203110999419 0.183315089279879
"ufb355" 0.638634475441178 0.167321341662158 0.31222130342512 0.119025575751018 0.0732878369490108 0.10056216869783
"ufb356" 0.583785450633428 0.14977957185726 0.240852491688241 0.101379676172827 0.0568139231542329 0.0959943256999818
"ufb357" 0.724347360093909 0.200386799262142 0.479503527059734 0.14636587427204 0.0827430380570161 0.0971074394435768
"ufb358" 0.696245372516035 0.209973786959602 0.159339809338218 0.140515713882524 0.0706693198765321 0.166287371210258
