"quartet" "cluster" "phylo" "mutual" "shared" "clusterNorm"
"mb49" 0.784778380591667 0.204564563976616 0.633674795208342 0.158533550641507 0.0988994222839963 0.106529380997505
"mb50" 0.881950737293023 0.201500461094437 0.824813203682041 0.163822988835473 0.0792499450547409 0.0742882439858366
"mb51" 0.952321150181881 0.287810843098931 0.928512491358142 0.247877910484479 0.126668486113289 0.177208356941778
"mb52" 0.735630121418745 0.196963103082343 0.314128524755343 0.149864177110535 0.100909629311381 0.112514284268732
"mb53" 0.874741030013017 0.262124201579982 0.725805081549321 0.216136899022644 0.12878202627327 0.171392806117297
"mb54" 0.826604725746357 0.21841058958398 0.628041608451079 0.170430389519791 0.102428834851404 0.121284737316614
"mb55" 0.83274860212696 0.19457540882452 0.726213802154206 0.155103026131541 0.0964676598948526 0.0955380135693962
"mb56" 0.785322743036134 0.208792944395333 0.570062592003551 0.158346676900541 0.108953147837729 0.125676721008736
"mb57" 0.859457794208256 0.24387116642499 0.785596220536208 0.200947467625536 0.100061127271718 0.126444878706149
"mb58" 0.795639480713088 0.213929368103812 0.535630964229922 0.165599765526183 0.107173043316981 0.131026981696198
"mb59" 0.798165850625632 0.218047860098437 0.595010631906769 0.171090607567462 0.0965568762953175 0.12189670703146
"mb60" 0.709282577455306 0.206742502748873 0.141372254259213 0.138781335617059 0.0583553025132463 0.168798049615794
"mb61" 0.886273377139144 0.217574409659901 0.831172992311009 0.181778089985496 0.0886067791787393 0.0948601075586889
"mb62" 0.768319214923853 0.171599596959322 0.617931310493426 0.130843850471318 0.0897357364547147 0.0842666801899538
"mb63" 0.695812223634508 0.197637360435139 0.141049703087245 0.133632050652129 0.0645532041847511 0.158211522610084
"mb64" 0.693350250063892 0.19608879269013 0.13020250311853 0.130659988767999 0.0670107802550968 0.157402541839494
"mb65" 0.700071567142992 0.199822538695154 0.130153921439915 0.132093196335416 0.059696138269368 0.161551542215491
"mb66" 0.720285404624277 0.157402666518038 0.761690057633747 0.12894367964335 0.057560824755986 0.0265478802446798
"mb67" 0.746424923391216 0.183126477431911 0.698370324251513 0.144789306188994 0.0664312651994759 0.055865888446445
"mb68" 0.709467178300477 0.188552295900911 0.309718450751544 0.130793864351143 0.0743170675356171 0.130709617900009
"mb69" 0.723490229146741 0.214459172280817 0.357026880337588 0.154479527422592 0.0970911839525496 0.149210007409834
"mb70" 0.782447632518354 0.200902453935926 0.464140930862652 0.157626669452934 0.0740775403140367 0.0747331232578521
"mb71" 0.787553248788131 0.187681297520771 0.582265570429266 0.141504536315161 0.0990582560039941 0.112652966719813
"mb72" 0.679586275679671 0.175521943510331 0.179667924759621 0.122235307392148 0.0736160268089793 0.125535890614929
"mb73" 0.771022866978117 0.20090994339026 0.743741762434824 0.161369238835421 0.0785474756973732 0.0766717406414406
"mb74" 0.82148747349407 0.193529575403376 0.780264118547152 0.158278096974271 0.0764908400477393 0.0682495330464569
"mb75" 0.764775941640613 0.200998469608906 0.710437889357291 0.156758102650843 0.0751129795324594 0.0766518784338951
"mb76" 0.704331407458388 0.200475707141248 0.313134742413395 0.142615861615148 0.0926311179382055 0.139498097370812
"mb77" 0.765655240282106 0.179081422282904 0.627933517834216 0.134130734351969 0.0766582752600723 0.075998304780226
"mb78" 0.705366484091329 0.188824996570759 0.475986915344142 0.140127835660708 0.0851716261622042 0.103961592301751
"mb79" 0.691486542443064 0.176473742778654 0.252832435244542 0.129011769946858 0.0797090095980229 0.100237567753654
"mb80" 0.695863375487323 0.198178314821786 0.144573741930759 0.134283452203076 0.0553221918322145 0.159237454792856
"mb81" 0.67270490843063 0.173676932390174 0.157514347224631 0.119655702177626 0.066983544201551 0.125521938409531
"mb82" 0.783773054843044 0.169525313401046 0.663847154532429 0.129960185857087 0.0806030592687111 0.0667616449087535
"mb83" 0.86362363483618 0.170664404789896 0.829000709682181 0.138587317280515 0.0652292826997791 0.0411133805646282
"mb84" 0.808465935424069 0.186396040264282 0.638496605512422 0.145079740189176 0.0946210138199211 0.101278523750546
"mb85" 0.669095178053968 0.175188523155014 0.167335926295653 0.118459864355567 0.0690982474190646 0.130239856849904
"mb86" 0.699566823653733 0.198441394492509 0.141293000537747 0.134100462889915 0.050103930694847 0.159861635989472
"mb87" 0.681081528458144 0.169687156658235 0.423343714437645 0.118534053149523 0.0839452888072755 0.106157829507378
"mb88" 0.698576155247407 0.183681024119345 0.314824435151858 0.126794472726501 0.0747933098450407 0.12122956543753
"mb89" 0.708332123253855 0.170596737707114 0.568623646263284 0.127216738188544 0.0721339171678865 0.0683888223118748
"mb90" 0.673470283469625 0.175918756591617 0.201707463843213 0.11918622361042 0.0590464008530087 0.127861122716089
"mb91" 0.657153793807417 0.166426117366417 0.21629128655505 0.118011022304074 0.0724278838522094 0.0970367094622854
"mb92" 0.767070691861778 0.180672733322625 0.761864961758558 0.147390279347192 0.0708745339457936 0.053431772416715
"mb93" 0.814745264532985 0.181273051259659 0.797698171032693 0.147993618878876 0.0702586411194752 0.0541253193164155
"mb94" 0.797470133520731 0.205652041154091 0.712196993091761 0.165494590591717 0.0782602249787571 0.0811683861220147
"mb95" 0.670351860669524 0.177089175674474 0.141624671093328 0.119469207476094 0.0571675522257767 0.134449501384548
"mb96" 0.675459597008725 0.170772737917807 0.191731656348153 0.119758004485262 0.0782839895413951 0.118157879692209
"mb97" 0.890636076561191 0.220295167483903 0.812283616558157 0.179387072506685 0.0873024833956177 0.0984953677301099
"mb98" 0.714225871313673 0.159652664710675 0.746700036570568 0.127524963811346 0.0602744545690781 0.0293447566792551
"mb99" 0.755080771235018 0.199741135864283 0.649665981043414 0.154856095827191 0.0716255914326893 0.0750801662132928
"mb100" 0.818655743809346 0.161510036658176 0.831113540415063 0.132455077713893 0.0621585902234241 0.0312858714587947
"mb101" 0.679689077326873 0.150609866614832 0.780264118547152 0.121121859090354 0.0574049360689597 0.0165875464699669
"mb102" 0.708606259097526 0.166509471952832 0.694704298910354 0.127929460205432 0.0574628873939806 0.036309403109514
"mb103" 0.864959138927646 0.162686013000957 0.904663739656929 0.138890053856346 0.0675110893158026 0.032651726802022
"mb104" 0.640258568485871 0.163900950825863 0.258461570648734 0.110297993043432 0.068861135195931 0.113105578202844
"mb105" 0.749610509020015 0.193923860122299 0.434920459845931 0.146820791909547 0.0807847559708406 0.118997880349011
"mb106" 0.722933214521655 0.169820831711882 0.527989923603865 0.125004460249986 0.079862791064475 0.0826324889263751
"mb107" 0.731167477414871 0.158891934599411 0.719212919637274 0.125159091417393 0.0778478261968438 0.0548557709789868
"mb108" 0.671045239358045 0.176757593360818 0.23707281576251 0.121057955592206 0.0657936395481542 0.128739551562144
"mb109" 0.671920418286392 0.183624495060971 0.118704258059919 0.119752451500986 0.0641850286298652 0.143527246369432
"mb110" 0.741588367630517 0.194729219186823 0.429672181528127 0.145956826661171 0.0835789411519995 0.120013488269732
"mb111" 0.700241917747966 0.182610043302311 0.347521283098984 0.127324219187439 0.0764014731235403 0.11436508978497
"mb112" 0.773000859845228 0.181121784774851 0.57820746725061 0.138624153134344 0.0876383710763706 0.0952494147751298
"mb113" 0.895426515930113 0.178751213862934 0.892858191990419 0.151380105872331 0.0742741459772893 0.0512118423067322
"mb114" 0.65991173585108 0.178093914239066 0.250351114008399 0.125485494905389 0.0836011098768233 0.123115009282243
"mb115" 0.700124964202963 0.198484656157552 0.141441918256216 0.133816338589523 0.0430668997213291 0.160287209067131
"mb116" 0.667251536163256 0.172260581062046 0.19356232608443 0.117439438150955 0.0680277483854544 0.125736288235386
"mb117" 0.63378863643991 0.143795978251587 0.590014221883571 0.11015106774094 0.060667216549867 0.0381793441957583
"mb118" 0.751335224901944 0.178756591078472 0.476938687957774 0.132988267479149 0.087334739801408 0.110524102641516
"mb119" 0.672733886135393 0.186417690684499 0.21160091272001 0.125262100409527 0.0668000262678099 0.143236040536561
"mb120" 0.72920646362708 0.19046355433368 0.398090329312212 0.143232673753761 0.0851835329754383 0.122851217676387
"tnt1" 0.661227058583776 0.17766908241448 0.132240848337757 0.114691047952802 0.0626115735689671 0.13669785118002
"tnt2" 0.67870589875889 0.177508197090696 0.335085504351071 0.125894680310174 0.0784446370606081 0.10899032770651
"tnt3" 0.6610877697084 0.17522274592582 0.131395727620724 0.118578106842878 0.0653767105330951 0.130221383119306
"tnt4" 0.683842502477455 0.188548495510395 0.10897395753735 0.127832651322288 0.0629124440669154 0.148083781725666
"iq1" 0.67561619443121 0.180164128973545 0.109114087730586 0.121495832060351 0.0513232942536879 0.138561727511196
"ufb1" 0.719637424913912 0.174394335400007 0.483080108952889 0.128297945995233 0.0778800552727271 0.0876760798328684
"ufb2" 0.651965272466797 0.167516637195589 0.321266092199367 0.116904079413875 0.0743775530974542 0.103866358429022
"ufb3" 0.656546905238175 0.176688490101337 0.0952443808509963 0.116809855802954 0.0596199460452904 0.134956067299278
"ufb4" 0.647587689865847 0.173314664257646 0.0951882860927416 0.113875183839755 0.0576208385719199 0.129490795973493
"ufb5" 0.756099227772842 0.190580403428554 0.72274326204685 0.152853738000977 0.0738119922638875 0.0648906637197024
"ufb6" 0.738604587719099 0.194148587470434 0.565411972093049 0.150702477778572 0.0902845598263669 0.0945018512609085
"ufb7" 0.696452336754515 0.194897236960233 0.141163314075714 0.132142554748947 0.0562341600807826 0.155798722269105
"ufb8" 0.663619080887539 0.166183806799445 0.240237207198971 0.115266496768443 0.0657690411302524 0.115596991026258
"ufb9" 0.682926491664058 0.189550198530509 0.0837076707678029 0.125839852989445 0.0646619114436824 0.150204817250526
"ufb10" 0.789937197718906 0.196101546827962 0.758767601676345 0.158661953400926 0.0776841377070175 0.0709928599223463
"ufb11" 0.676359938993391 0.143561041391556 0.626296187746253 0.110125285717006 0.0617738004679039 0.0379460619974745
"ufb12" 0.722080072714143 0.186274762384711 0.386460591363291 0.133920456884729 0.0780621887396006 0.118233386895076
"ufb13" 0.718258038108291 0.189293440405845 0.36184921393371 0.135185149696066 0.0835259268069743 0.127191747823378
"ufb14" 0.686810656881566 0.190905455172928 0.0599711763174937 0.128215163826333 0.0404012683146842 0.152395116714581
"ufb15" 0.671916298922505 0.176215982744833 0.19265483738264 0.117762875541972 0.0637135972292835 0.132527471723167
"ufb16" 0.648788460385054 0.164551786079919 0.167217379238428 0.108882526102354 0.0602126059295094 0.121282586914657
"ufb17" 0.461440754853928 0.140136745491963 0.618772451551279 0.10975801809353 0.0473587080534954 0.00660057356035369
"ufb18" 0.719069334942476 0.165970333134734 0.475941652915803 0.119439198335473 0.073923280896973 0.0884603884750167
"ufb19" 0.692034800236506 0.167591876723476 0.710497341253236 0.131829894750018 0.0595199920941662 0.0379111549008059
"ufb20" 0.716495333948006 0.1874186407183 0.376303007605815 0.134206829038969 0.0789174895723986 0.112024609747715
"ufb21" 0.775623046718487 0.189535282131603 0.734573019568845 0.147591848489779 0.0706189243778414 0.063670668959246
"ufb22" 0.750784876983263 0.176373948378275 0.510836535533197 0.132351069828275 0.0931277992014772 0.10794349958179
"ufb23" 0.671577414295317 0.171809665479838 0.348507495586568 0.119789401731683 0.0710272054438226 0.0948634782492334
"ufb24" 0.67246933743235 0.170534347058095 0.323538389362378 0.118246936980954 0.0703570646567612 0.10128117791231
"ufb25" 0.710894337016575 0.160237043722498 0.758901165046612 0.132432444979276 0.060477811788093 0.0288167349199646
"ufb26" 0.662998420844848 0.169517248755522 0.367561992854564 0.124292822169768 0.0687453348960423 0.0926370912329906
"ufb27" 0.617068666958836 0.164689207647245 0.130833522659371 0.107393362372582 0.04202372554894 0.122348559255388
"ufb28" 0.601031471930815 0.159339385444066 0.130818681704751 0.104485902537846 0.0406830963429322 0.114774666014403
"ufb29" 0.683404866494763 0.166297727241168 0.355307675190553 0.115500467356466 0.08031233277861 0.107023761725344
"ufb30" 0.66873124084677 0.176980532352578 0.206779415929666 0.119945332649233 0.0612239929761729 0.130658135122729
"ufb31" 0.699052972456515 0.199708780550702 0.0717006324648768 0.131066018949264 0.0569094611730264 0.1615719007194
"ufb32" 0.679970702539871 0.187262608601229 0.072557655818848 0.1237853383957 0.0498302058662759 0.148156674874196
"ufb33" 0.653789263411948 0.170222413208819 0.154106331459591 0.113181909702764 0.0558480338954645 0.126234619913774
"ufb34" 0.754899429671181 0.191425086563691 0.574770641124648 0.149276126180081 0.0855222833798285 0.0912065810177493
"ufb35" 0.668433740719863 0.175786624392846 0.273157172132964 0.120452613478027 0.0681593715858549 0.116971425309985
"ufb36" 0.666646019834 0.173349247553181 0.252298418996935 0.118175245982748 0.0677812122298848 0.117911148675335
"ufb37" 0.432639649507119 0.133201621710751 0.618772451551279 0.101085768628737 0.0423655540749855 -0.00141157017346125
"ufb38" 0.648590707273793 0.158310097586005 0.296562825652697 0.112753329833339 0.0676946196093657 0.0984392164939077
"ufb39" 0.765887275412257 0.213290825615177 0.481544031401101 0.164309271060744 0.0835373929530501 0.130804870720266
"ufb40" 0.700256327933511 0.199157869901111 0.144671812763749 0.134513479479556 0.0506549240312029 0.160612596023461
"ufb41" 0.669148489932886 0.184278338265233 0.250045797397118 0.129370775675114 0.0737014632014082 0.122141370730549
"ufb42" 0.534677990092003 0.136447588314521 0.690259960193137 0.102406153346663 0.0455129591005012 0.00233849281099871
"ufb43" 0.675730496589757 0.185268240641967 0.0846933700925191 0.123021094208104 0.0635492774970959 0.145721845400186
"ufb44" 0.655728744724432 0.16614587734041 0.213791464997444 0.113122911137046 0.066115551781278 0.119252805653772
"ufb45" 0.707337747497041 0.169975259186574 0.420641036794663 0.122441780034696 0.0849257170726752 0.106738950002898
"ufb46" 0.638884683167897 0.158054154559987 0.311636205726999 0.111362046936307 0.066113059457541 0.0878629970147731
"ufb47" 0.559081663534694 0.162684244774749 0.274153402760003 0.112192955631426 0.0719018078592931 0.0931345131326724
"ufb48" 0.66788188157924 0.182053983240616 0.096407376713357 0.120273318939052 0.0610206042983409 0.141302779670964
"ufb49" 0.672797785978661 0.182806024924462 0.0717194150440915 0.119445483229977 0.0492322807906919 0.143133230297635
"ufb50" 0.656046627508418 0.16970476737888 0.429466726735128 0.123958410061841 0.0737572195326841 0.0826869981945475
"ufb51" 0.678264558287303 0.192441457907631 0.285518193315133 0.136332007715157 0.0782209191034548 0.130926309706667
"ufb52" 0.666736988300238 0.170654933880566 0.192524491812566 0.115600241740732 0.0603441451299635 0.123989879642352
"ufb53" 0.796595589385329 0.20560978666684 0.631775216587926 0.15986592929905 0.0962449258557185 0.107659224871441
"ufb54" 0.671675601924973 0.186108771242094 0.252856216720811 0.130798770919923 0.0798513102684964 0.128247260015561
"ufb55" 0.686216790252264 0.175946994595066 0.40476724481269 0.128996134238989 0.068512442049036 0.0997260412730755
"ufb56" 0.654426185162643 0.166141168748942 0.348878187246699 0.117492962694953 0.0674769639099445 0.0966973886387685
"ufb57" 0.673115434786603 0.175953882996404 0.213616253213138 0.120088335524455 0.0631573440410882 0.125915495845734
"ufb58" 0.738581721417345 0.173197137903046 0.559574448225767 0.13163632035931 0.0844745946232265 0.0866987802856604
"ufb59" 0.652862283689834 0.162825806924526 0.284811627340397 0.114470715303006 0.0710709157376688 0.10685153654779
"ufb60" 0.635034583779245 0.17072674758681 0.2142629643394 0.118743253281105 0.065542230615137 0.115305613393445
"ufb61" 0.697989311476981 0.181808345342388 0.482180227643913 0.137675262189375 0.0802359192579184 0.0804651154146067
"ufb62" 0.646056750236303 0.17340195672187 0.229060927343153 0.120799347224069 0.0816361758056994 0.120937110857394
"ufb63" 0.678336246605763 0.183811050744219 0.141163314075714 0.125374247848019 0.0423614143755459 0.144174153334096
"ufb64" 0.646798023677678 0.162614779779795 0.201504595861857 0.111706436354928 0.0549377721343873 0.113844643007587
"ufb65" 0.662436790382597 0.150475417684628 0.734751375256682 0.11976729425137 0.0524992313713397 0.0184951792137795
"ufb66" 0.632317898765593 0.158996779586352 0.23757639051495 0.106587549321188 0.0646310551149815 0.105512044565389
"ufb67" 0.735368128126943 0.163988543598867 0.648375283017484 0.126118683813659 0.0768376139544 0.0606522963023399
"ufb68" 0.669815918372383 0.168015864948523 0.308846249311417 0.117979812212419 0.0774116374905712 0.112335000081724
"ufb69" 0.721052222841934 0.172511449576147 0.444652173162423 0.126057716068535 0.0838042169477033 0.103657558831006
"ufb70" 0.677729239560258 0.164260216655842 0.411327617634621 0.114282277572926 0.0792875945761176 0.0944706064888702
"ufb71" 0.644847292290302 0.159479014445063 0.373023361631741 0.108279250384495 0.0725996374980217 0.0996251579096148
"ufb72" 0.678432624906191 0.185357313881225 0.0837076707678029 0.121800537198784 0.0623172429000447 0.145808378173947
"ufb73" 0.765090514533722 0.193943185850644 0.578752336485485 0.147249092495741 0.0890788680417572 0.0939508894561018
"ufb74" 0.667928089268494 0.186829947402762 0.192600815517777 0.123663623006733 0.0562755454719025 0.144699169466076
"ufb75" 0.666409112499401 0.184726026287697 0.199851613218559 0.12248658946515 0.0533878951626452 0.143360007637767
"ufb76" 0.670429500946718 0.189862181550601 0.199980426304766 0.124225218456886 0.0627369549762877 0.149480853272011
"ufb77" 0.69317309091497 0.196335127115379 0.141441918256216 0.131426445614386 0.0443999612253026 0.158035240910736
"ufb78" 0.644004441952734 0.176121458353538 0.0479579577480856 0.116166165196197 0.0345718536834366 0.136720701385374
"ufb79" 0.630776906749203 0.158442182112366 0.284619567558433 0.110607508412299 0.0671963253626809 0.0984723866140781
"ufb80" 0.665838600335297 0.170349245308655 0.201945372573871 0.115601746837272 0.0634740353334628 0.123692556497754
"ufb81" 0.703227773041403 0.181857477185979 0.326887729196102 0.125803902512794 0.0716509440364341 0.119186175419438
"ufb82" 0.764733505517727 0.163036004691954 0.705322351752594 0.128352667163241 0.0770956844716592 0.0597880313178076
"ufb83" 0.649345398599046 0.174288003522938 0.0479612254757782 0.115672063114413 0.0369697163054863 0.134795737821204
"ufb84" 0.589920945888109 0.170738000634875 0.166767176366517 0.115914079185768 0.0686794512322773 0.118144953693059
"ufb85" 0.668157671830812 0.169242346608849 0.228443687358165 0.115459454950659 0.0623419675123615 0.120858205830975
"ufb86" 0.644758534279999 0.151297716464677 0.382129335607707 0.109499674142948 0.072210674967211 0.0806998742501685
"ufb87" 0.705137859128823 0.190602204168774 0.523649697553514 0.147584561993776 0.0780372190011047 0.091076251891389
"ufb88" 0.655024935039783 0.158702466299405 0.477418358213388 0.11286720643741 0.0719355095420369 0.070032821166981
"ufb89" 0.665460405416867 0.162548153768496 0.438895570463955 0.113977595326498 0.0817756565749879 0.0926363584459772
"ufb90" 0.699285319446204 0.197170340760331 0.0599601546847912 0.130340762792847 0.0457030568974367 0.158912494747104
"ufb91" 0.736140350877193 0.207629125288778 0.451977351823055 0.161258871859834 0.0789705812637451 0.124732968987936
"ufb92" 0.611192438435606 0.145510811737791 0.248977150858008 0.0973922557994468 0.0544191766210433 0.0884023915126927
"ufb93" 0.638611306591602 0.164112614511712 0.142165015813698 0.10908308025459 0.0496407622369777 0.120854485128531
"ufb94" 0.628803074327491 0.155467549831743 0.26339091172273 0.106583900784525 0.0597342793094851 0.0909616210404619
"ufb95" 0.644783704446652 0.172128961644715 0.132473926926728 0.113385554585695 0.0587901630700197 0.127034873951531
"ufb96" 0.635772761267863 0.162524030489153 0.212009773202643 0.110301627507497 0.0643700130107772 0.116819820547525
"ufb97" 0.673501828961781 0.183921693892152 0.143353817438954 0.123969689142859 0.0563768265566955 0.143226255039831
"ufb98" 0.669180924292411 0.175318462542164 0.239464507885096 0.119372972167317 0.0687250671366397 0.122906632434453
"ufb99" 0.690384111829516 0.15887686484722 0.46208881689331 0.113817959917672 0.0732414499064033 0.0808488301319107
"ufb100" 0.689355819684966 0.193830529096406 0.0717052036903358 0.127907891611381 0.0566383196516611 0.155272945966469
"ufb101" 0.658611368282876 0.177208345236351 0.0847107802472582 0.114940210829871 0.0611010202096682 0.136214283787538
"ufb102" 0.78524696908623 0.164790763956952 0.707294726056674 0.129914190589326 0.0802963117651229 0.0611049072758089
"ufb103" 0.645836685260655 0.163572261910846 0.167748433883725 0.111774662134487 0.0534463162843167 0.116534458994185
"ufb104" 0.651187994997916 0.15895875949639 0.698489228043404 0.129409310984353 0.0584474330215029 0.0283456333921456
"ufb105" 0.703748589190889 0.181673664950688 0.325459451153425 0.131433905548127 0.0709395093221026 0.119052822070949
"ufb106" 0.759039256198347 0.159586884258635 0.777499661483695 0.126647602647426 0.0604152543742946 0.029071305497885
"ufb107" 0.649064144354832 0.163070910483785 0.308371527916288 0.113165176933727 0.0699281395240212 0.103518727865699
"ufb108" 0.66503998407662 0.173996330074133 0.167240575133625 0.115486672381966 0.0638921447644565 0.132831284068428
"ufb109" 0.600904867670294 0.14631399589141 0.202688668656619 0.0997657326028151 0.0561831407693376 0.0964997055154587
"ufb110" 0.618661521108196 0.147193035372072 0.261564056858242 0.103573180668987 0.0614959152082787 0.0900153838581187
"ufb111" 0.634694489917617 0.152638417788659 0.288413466886373 0.108374484632846 0.0643540381869548 0.0923015778603776
"ufb112" 0.669927350332017 0.187596833271516 0.26524808816916 0.131378447511228 0.0865257245091566 0.129781265564165
"ufb113" 0.624194659116994 0.173281757238658 0.421639430485985 0.126544000982416 0.0686806622074034 0.0866008770563003
"ufb114" 0.628510153138357 0.168463992695796 0.120659203553815 0.110368979668172 0.0417291742921721 0.127035716972415
"ufb115" 0.719747794757113 0.164454712928227 0.587714629382925 0.12565921743675 0.0695684283887276 0.0611760870778325
"ufb116" 0.632140548846171 0.154421596805678 0.312604253899641 0.10693127769698 0.0657745399971141 0.0941560241010344
"ufb117" 0.637544364214906 0.160125268408336 0.313120848373303 0.113590780064346 0.0679788464419849 0.0960071330823294
"ufb118" 0.65194605477484 0.159330867972728 0.411244834141223 0.114470347617533 0.07076872921783 0.0814325824094924
"ufb119" 0.641278764338219 0.171034877183989 0.245584188291314 0.11415229589733 0.0655982740662473 0.122672626845849
"ufb120" 0.651088574246113 0.176663921913635 0.22252930225804 0.117613746252916 0.0645221470034299 0.130316896502526
"ufb121" 0.77736131934033 0.195834872012376 0.619633814914943 0.151034394122233 0.0916629568351654 0.0960772415124078
"ufb122" 0.682352175503044 0.187252040674724 0.0717114213667481 0.122552042383353 0.0484189372117221 0.148140542853945
"ufb123" 0.652988539006378 0.165549386603567 0.167227459376961 0.109334976302044 0.0589969984909487 0.123223917034792
"ufb124" 0.664456018995508 0.169359577245609 0.192593059397373 0.11402384322859 0.0586444494509705 0.124071428334476
"ufb125" 0.577609363008442 0.141038545029207 0.674473001623741 0.108219557645496 0.0471883551195831 0.00759221513568677
"ufb126" 0.594377471798485 0.143703288663344 0.23719847258659 0.097118730518385 0.0587185042216973 0.0863994194876743
"ufb127" 0.641309354772838 0.157109771519358 0.299633142485056 0.112125906642445 0.0649263079684229 0.0927245891328282
"ufb128" 0.631049119931985 0.154056711719434 0.323614463927493 0.112172616969823 0.0612463162966493 0.0835282883905522
"ufb129" 0.679166884023179 0.186318194478942 0.0968227934710343 0.123473982962488 0.0648520494723254 0.146822697815814
"ufb130" 0.668915116912985 0.17376470811279 0.201945372573871 0.119154458144057 0.06792232433034 0.127300093116439
"ufb131" 0.735140745866594 0.206560717225506 0.440427312341619 0.157274651775798 0.0764280971163915 0.123552786344562
"ufb132" 0.665376569037657 0.170894501334228 0.657904564028959 0.124829758214371 0.0572466462205639 0.0393895715079178
"ufb133" 0.674531200815433 0.179825111537185 0.111419236129686 0.120935208561766 0.055720797195265 0.138199929963261
"ufb134" 0.676582007343941 0.185885665966247 0.0604209483987415 0.121428271076845 0.0423584640411728 0.146951434261608
"ufb135" 0.648744642485916 0.166641161994307 0.178073210238892 0.111491621174853 0.0514703222249567 0.12246352103325
"ufb136" 0.637944608020658 0.156787818469455 0.227960821757317 0.10895212617381 0.0640794342660892 0.103289076699831
"ufb137" 0.666366662634168 0.180342464238096 0.117897637834311 0.120096645068704 0.0493334220932795 0.141136044246032
"ufb138" 0.66026559871647 0.176364974425852 0.117977227502638 0.117512558072741 0.045955618309941 0.137113802241121
"ufb139" 0.65696114520722 0.176348244468606 0.0479681237478329 0.117823969477212 0.0326973362037359 0.137098147428735
"ufb140" 0.60620721092648 0.159882695689498 0.120607757135079 0.104779063894016 0.0406655153548016 0.116389705131642
"ufb141" 0.707663611661217 0.186500615415367 0.499857904403317 0.139509432673101 0.082474205379556 0.0854194835455846
"ufb142" 0.648303505785906 0.156015273179246 0.461763408508533 0.110174594664652 0.0720891167182005 0.0777614193937907
"ufb143" 0.749140574189352 0.165399610810423 0.731423707231223 0.132856818319697 0.0574356744066606 0.0343594997530264
"ufb144" 0.666152318115711 0.15945471572539 0.526647962306972 0.11342745482373 0.0661270823202515 0.0704748354821274
"ufb145" 0.643521153481313 0.144484404155368 0.731528895130331 0.114809855140135 0.0511154637790495 0.0114518685079222
"ufb146" 0.619262329156993 0.167619539773027 0.320008391793663 0.118011130232852 0.0705092308583745 0.0984656611430551
"ufb147" 0.693183981722409 0.163045512936172 0.508245848462824 0.119508292386163 0.0736672459191477 0.0751456022886149
"ufb148" 0.70308035798755 0.170024935251292 0.449248234923539 0.12113093041775 0.0784652286178308 0.09327006880465
"ufb149" 0.636013457506461 0.169334544406924 0.1905235251152 0.116222744599079 0.0694809446372392 0.118960058854054
"ufb150" 0.621944669441713 0.155163518508758 0.252904065638548 0.10548371196526 0.0577380430251837 0.105864887615304
"ufb151" 0.656777546992147 0.174956363096427 0.0725720517462812 0.113496556512634 0.0481336412497418 0.134442244015916
"ufb152" 0.700190029809788 0.181023198114352 0.343343035828505 0.131128327339152 0.0739759380215663 0.1127251789102
"ufb153" 0.749660705732077 0.174071159113597 0.542138539001072 0.132916319182183 0.0868507886812987 0.0979296997648243
"ufb154" 0.63950103950104 0.142614258370136 0.654512007206228 0.10608480954084 0.061468465196791 0.0371875660264409
"ufb155" 0.688271910399631 0.18919570374359 0.141372254259213 0.128071077973064 0.0359369712224357 0.150411922025785
"ufb156" 0.660385457258561 0.169391352101823 0.239842091924572 0.116637058177374 0.0640725592882627 0.118982046120837
"ufb157" 0.627640684756875 0.15019838025143 0.489966521682756 0.107678765013572 0.0675627477396204 0.0714448368040521
"ufb158" 0.628375802249476 0.150893325853146 0.464454375180072 0.107956877604222 0.0739213522392192 0.0800413448705453
"ufb159" 0.641324203952614 0.161463642922937 0.169150742449326 0.108667041019843 0.058529238296358 0.116990417613768
"ufb160" 0.659597503835036 0.165123616810185 0.264097483488802 0.115246065459672 0.0700954869368266 0.112150319204011
"ufb161" 0.653149402847956 0.158556653484805 0.336434787848194 0.116820050148914 0.0738027804614178 0.0942819929148639
"ufb162" 0.630339330346085 0.159704242226476 0.211834618062047 0.108734339012941 0.0636581749086409 0.112372103228391
"ufb163" 0.649254775732979 0.142342367245719 0.511834133112841 0.105095226897952 0.0635774595470948 0.0521997537779803
"ufb164" 0.686786756420998 0.190370649269168 0.0717114213667481 0.126328434422349 0.0483754255006399 0.151409226821504
"ufb165" 0.614806410438236 0.153519872865871 0.247602320235474 0.102317772027108 0.0587556487347883 0.107342956823539
"ufb166" 0.66678365195941 0.181463058584002 0.0833262410212968 0.119701621512449 0.0508556273564786 0.141269616159092
"ufb167" 0.650958416323498 0.174105986821844 0.110088800328093 0.112031611770273 0.0605093671004209 0.132240757569589
"ufb168" 0.661468699700583 0.181936170280677 0.373418685738723 0.131124802678601 0.0728011816195295 0.106519777545892
"ufb169" 0.643934338716135 0.185300163875041 0.214186431439645 0.127190018142615 0.0645991583226202 0.123241033116945
"ufb170" 0.590854392298436 0.172304983853387 0.595158685697192 0.132897919846846 0.0541623290092103 0.0437645172110166
"ufb171" 0.760468330758598 0.190292300995025 0.71410871189435 0.15262028809987 0.0685307567596417 0.0645452523314099
"ufb172" 0.643541464917686 0.175045756596142 0.0479512427773734 0.114963356444058 0.0343017630532397 0.135352662826318
"ufb173" 0.704060564349621 0.155246085468311 0.722744613341343 0.12172414730558 0.0541191139660043 0.0240490787917356
"ufb174" 0.607505681058682 0.136218896216827 0.559365655279136 0.0999544235891895 0.0568967852720765 0.0300058111849565
"ufb175" 0.653399737914514 0.174709652071989 0.0955305609013626 0.114634794874994 0.0623507709102957 0.133580155463857
"ufb176" 0.653410300222586 0.161618128615368 0.216579974982943 0.110708311762136 0.060110837492905 0.112730042978668
"ufb177" 0.656242177650951 0.160759104842619 0.243544165172943 0.111099654320012 0.0595963489412142 0.109842209579973
"ufb178" 0.670855854362171 0.163410698152872 0.555048106344743 0.120754404441682 0.0627741186205981 0.0580506393902352
"ufb179" 0.655751219241853 0.166895419775645 0.204907784808209 0.11378069386984 0.0551759003825282 0.116310082096132
"ufb180" 0.52813604984004 0.131503495011009 0.511588119013148 0.0951293732861503 0.05071714360334 0.0247105902689838
"ufb181" 0.511341145149143 0.127603709041549 0.416262940353956 0.090410851710701 0.0557286533737404 0.0363354638300853
"ufb182" 0.597698885012655 0.159503246373167 0.142851467161203 0.108452760050495 0.0565235231204354 0.106240199379672
"ufb183" 0.621868117631818 0.151219884885285 0.324173396050543 0.10493676907737 0.063383551989161 0.0863889334232211
"ufb184" 0.651126195618636 0.154578893258792 0.418335751898345 0.113035465227724 0.0697560005727621 0.0763871007419664
"ufb185" 0.602355404344412 0.134976323429795 0.469549226342285 0.0986293942698419 0.0627029520755768 0.0442608065219352
"ufb186" 0.714067036798562 0.18721019651485 0.367867696217465 0.133307504322635 0.0811012067530705 0.119349315788702
"ufb187" 0.582888396926683 0.140769153988101 0.547302516194856 0.104961175074676 0.0589658989592747 0.0351155821401382
"ufb188" 0.704015061955427 0.17891110992973 0.34325044872687 0.129793385461951 0.0674816577456826 0.110333915217638
"ufb189" 0.683510322157714 0.185618750097487 0.100687012905707 0.124664297145476 0.0533954933034918 0.145015919465005
"ufb190" 0.666509416197723 0.167951005406819 0.219218207725664 0.114819956871923 0.0591691763945628 0.119461570412668
"ufb191" 0.758718419347873 0.188382580627932 0.603005665887499 0.146741646284365 0.0879629612067252 0.0879803573732974
"ufb192" 0.640544017370484 0.176623465835666 0.228664612761742 0.123891446234052 0.0665558782095171 0.118088538053376
"ufb193" 0.662280221927014 0.166339861110187 0.434942477663707 0.121505681390849 0.0675806703979538 0.0789694382847007
"ufb194" 0.709496009308212 0.16646849722952 0.463248919213914 0.12317353819064 0.0794888290752686 0.0894824320908517
"ufb195" 0.582536342539709 0.162950533184907 0.142919579808135 0.111480766781528 0.0615780607351506 0.112223609886474
"ufb196" 0.653954825381339 0.177285913777365 0.214946183885258 0.117295812647499 0.0614408661903866 0.132392481094954
"ufb197" 0.645342360214433 0.172252039455091 0.219412167275142 0.120224114771394 0.0710402303531773 0.119755015139181
"ufb198" 0.67911160480063 0.18624711948455 0.047976941053995 0.126215669794218 0.0299172213333953 0.147515058997352
"ufb199" 0.668653584474743 0.18226139178319 0.0479681237478329 0.122812692408012 0.0342187896785986 0.143293078402917
"ufb200" 0.644083988861109 0.157233053872188 0.373923827128927 0.113462108644511 0.0669512963851496 0.0792867408854265
"ufb201" 0.631043098769899 0.159152592325971 0.235256784728157 0.108476612461968 0.0663771323869153 0.111789380018842
"ufb202" 0.781260599539176 0.223005991742257 0.487690002724768 0.172661640882039 0.0915400054513072 0.141718530517959
"ufb203" 0.652637171055093 0.178292105596572 0.226164889909309 0.123578374732084 0.0687339960849855 0.119936205118844
"ufb204" 0.57965966762862 0.13859338096207 0.686541918024011 0.107628939905765 0.0476850060393386 0.00469725786612983
"ufb205" 0.687178106170263 0.150276283244604 0.624153506980249 0.113339185305415 0.0624612678109616 0.0451384103859041
"ufb206" 0.553708289116849 0.158580024308239 0.309412608593948 0.108841004045875 0.0599887987923164 0.0810104545065334
"ufb207" 0.609161080788924 0.155427266587799 0.107515212057285 0.100540282525563 0.038976497887243 0.113945077662677
"ufb208" 0.544886887091821 0.148696824264761 0.662288794397997 0.111626884695204 0.0512727696348446 0.0132961629376392
"ufb209" 0.661250464851954 0.180746982696435 0.047976941053995 0.120415046598714 0.0351345250419754 0.141753133113473
"ufb210" 0.686016866052167 0.146923909144375 0.761806215296776 0.117779599434352 0.0541106320692989 0.0144417790591464
"ufb211" 0.654339751364463 0.178576817516593 0.253173255508609 0.125707942063218 0.0762924697946036 0.120241136657762
"ufb212" 0.651546034444344 0.159370141987145 0.375954922528492 0.110795386505038 0.0754018025519044 0.0995088330172393
"ufb213" 0.704788802038759 0.178856734066077 0.434018386637394 0.130000880129308 0.0698718428517958 0.10276784577664
"ufb214" 0.614201805569207 0.163989488889258 0.0952666179353577 0.10610580099039 0.0500757948070416 0.119651169898971
"ufb215" 0.608966737898 0.148852420146592 0.239913652745151 0.100699699134535 0.0571613816884931 0.088249647028163
"ufb216" 0.616532451346947 0.150704726314307 0.279198260720435 0.104923243825053 0.0577997735680728 0.0858351476229709
"ufb217" 0.680748028827689 0.186982869505049 0.122054112501807 0.125927403534109 0.049904163782494 0.147032552791886
"ufb218" 0.655507338785061 0.161614983819867 0.335775678671102 0.118664582574161 0.0748339828410674 0.091716712679341
"ufb219" 0.59941886417424 0.161144138614003 0.156565366015669 0.1057881654716 0.0443298934857666 0.115451708244133
"ufb220" 0.660100154817737 0.174039513805867 0.131100532293193 0.118759428551128 0.0609846655488311 0.130204066190696
"ufb221" 0.697477354631343 0.158835766085703 0.505632515002204 0.112203178054648 0.0708550938000572 0.0701938780609832
"ufb222" 0.650871987404626 0.151820761650068 0.563524609651514 0.110355737365987 0.0629111652104037 0.0468702793653096
"ufb223" 0.704453377720549 0.158912843823244 0.544436551891677 0.115596823233665 0.0679936824059215 0.0704877456891077
"ufb224" 0.697611160224215 0.181116757125435 0.349595280455617 0.131653775450537 0.0762622825377169 0.105299350599329
"ufb225" 0.619869522588431 0.172930830355634 0.190304911197711 0.117520437542703 0.0597369817309964 0.114194183816531
"ufb226" 0.682535366481799 0.190150225034322 0.140920641973386 0.126474558959711 0.0621538634531121 0.149763913415095
"ufb227" 0.608861639330657 0.159884043715194 0.35689181843805 0.114508218816419 0.0686923471183068 0.0824346900092938
"ufb228" 0.616258859892215 0.154171018581571 0.312708876356375 0.105803729645558 0.063689694216503 0.0939732160059153
"ufb229" 0.64118906455863 0.160939175720191 0.335538375274954 0.11608200987844 0.0637562525295752 0.083118797404204
"ufb230" 0.648305296564657 0.172266613614766 0.120569877659905 0.113933387937893 0.0591489484597665 0.129445943079881
"ufb231" 0.662967207511511 0.16031553892502 0.439704569438942 0.113733921310492 0.0793564664659209 0.08245311717444
"ufb232" 0.624563495931696 0.156657716602463 0.248773711529202 0.106439685558555 0.0636156112911997 0.103071188709689
"ufb233" 0.651463963963964 0.177570346187451 0.587381663588674 0.134565339059673 0.063091378770706 0.0496924117356789
"ufb234" 0.600745397340412 0.150000483688157 0.294661213716577 0.103257969767425 0.0637466357052183 0.0960387765502474
"ufb235" 0.658765417956425 0.175542833010569 0.141108905315555 0.115088784143655 0.0487140104277035 0.134448562541768
"ufb236" 0.604583773145566 0.158362870504927 0.130826762197083 0.103923104981027 0.0390291580579156 0.114807185285298
"ufb237" 0.655392979931238 0.174562172228469 0.203113443579868 0.117590569528951 0.0712103911405084 0.122095446119277
"ufb238" 0.647092719434128 0.169938241984664 0.202615071602169 0.113496605050483 0.0638953998423385 0.11955860630805
"ufb239" 0.627176418907645 0.156134691160907 0.281162028425114 0.105262575369016 0.0719844472288021 0.0996151725287334
"ufb240" 0.666708705110824 0.169185774679373 0.238178785543339 0.116828324609697 0.0595272399857541 0.116337156953461
"ufb241" 0.66480761210099 0.150231375247747 0.474101472169349 0.110655518529574 0.0707483659250108 0.0714013288715928
"ufb242" 0.638668534811365 0.151852625410872 0.377849460812582 0.107731305155256 0.0711373891973449 0.0870570856025805
"ufb243" 0.652488999304742 0.168460411033202 0.240731803179281 0.115853487702059 0.0629278508724654 0.1179570102269
"ufb244" 0.602653757512766 0.149485763432575 0.380301558419475 0.104820917104353 0.0645298864940938 0.084544077064156
"ufb245" 0.591446517642712 0.151565796176604 0.67435409783185 0.121283225093535 0.0538138747382571 0.0200039031833151
"ufb246" 0.626659781492903 0.167066226676682 0.154501617412303 0.111557383968189 0.0711344993512532 0.118542381167233
"ufb247" 0.62634821375586 0.166715223099231 0.144284269135809 0.111394488183219 0.0711313246973713 0.119843730684991
"ufb248" 0.642960428380513 0.164913855232548 0.177407987359197 0.109210788968171 0.044897630459662 0.120617935428387
"ufb249" 0.639906323185012 0.161284221754938 0.401451038269689 0.117704298988612 0.0603144046868077 0.0731554295789166
"ufb250" 0.579192546583851 0.159865455888152 0.634174694097842 0.126983674689678 0.0542569096078354 0.0272168028767438
"ufb251" 0.684527898081803 0.162855240428838 0.415556281188826 0.117178478986002 0.0730062788894941 0.0933015983454161
"ufb252" 0.643475917023825 0.162987524305212 0.177971525584723 0.111300194425036 0.0497755964416563 0.115916837768126
"ufb253" 0.644247173060481 0.163084975661628 0.216182401008287 0.112851859869035 0.0536689820725835 0.114342223558881
"ufb254" 0.695823270760971 0.18058203356553 0.385338738445247 0.128108211558057 0.0723593906491248 0.104687833805428
"ufb255" 0.670910810829472 0.169012458380509 0.365481428679378 0.119544088097723 0.0707168862976949 0.0997038258720926
"ufb256" 0.657446222575809 0.165097143980193 0.325167610445277 0.115059711264695 0.0711892665127532 0.101276972734377
"ufb257" 0.736368982609426 0.175715303897638 0.441005521640711 0.129959213633976 0.0903270881472004 0.112916306066538
"ufb258" 0.752066785540606 0.168139257787263 0.593861459333148 0.127115712067995 0.0843290191097973 0.0809054639026693
"ufb259" 0.574248120300752 0.153981649628693 0.654080366413513 0.118898184633126 0.0548332055944951 0.0215823909721043
"ufb260" 0.666261495290751 0.159714095216029 0.45309779330777 0.113944300784613 0.0778038073331393 0.0896753977112861
"ufb261" 0.662141909422489 0.171629750224387 0.1575483276831 0.115068090091024 0.0565779021076482 0.124986091412194
"ufb262" 0.66204748041465 0.171162398172129 0.165379622993369 0.114516777351508 0.0576589840210134 0.125943658436847
"ufb263" 0.65680766640525 0.168283023535633 0.143247840256119 0.113476549742562 0.057068428017711 0.124148864876101
"ufb264" 0.575044077134986 0.163377186342378 0.144559460033909 0.111632068701614 0.0581548980860967 0.110359634463219
"ufb265" 0.585620883352452 0.144247020299905 0.202665363475501 0.098411803388756 0.056563963606328 0.0898636841899245
"ufb266" 0.667340171030049 0.181940890213454 0.274171093501586 0.130005702238653 0.082407617018328 0.123783074165825
"ufb267" 0.653212617374617 0.17516716163467 0.0963557722263888 0.114562469521289 0.0590372940108448 0.132465450020391
"ufb268" 0.615093943528918 0.14526715860001 0.731467352934234 0.114071440219812 0.0534923175060671 0.0104018311068615
"ufb269" 0.66719397658033 0.172701164159591 0.191959869620565 0.115570269088779 0.054392554597779 0.126119272964379
"ufb270" 0.653921136231439 0.16694439730898 0.165882968230411 0.11294441422537 0.0537175316748797 0.121496893468578
"ufb271" 0.626281198152664 0.165897244272104 0.0835462641497965 0.106276334363938 0.04439810943803 0.123603385515979
"ufb272" 0.619342962714142 0.163949524044202 0.19492594357003 0.113204308528381 0.0626768890938841 0.110927090578545
"ufb273" 0.705052413949056 0.20762811777386 0.381191108058902 0.153295848236708 0.0965809966728776 0.13447207454356
"ufb274" 0.638718572367396 0.157884705042257 0.33247875767431 0.108071829540298 0.0731859485657779 0.101425894353897
"ufb275" 0.655479058621376 0.176062817742442 0.234924028873476 0.117997511588992 0.0652814432024137 0.131100032120341
"ufb276" 0.618502290380402 0.142012859371858 0.719253117911533 0.112566386825406 0.0493217560309076 0.00871789677478315
"ufb277" 0.638939385420766 0.155680688401013 0.251853170600578 0.107678793893364 0.0619455874903019 0.0991238560392016
"ufb278" 0.631982717740661 0.161432590402542 0.380673820885982 0.114759710941682 0.0665559143951174 0.0841259954899033
"ufb279" 0.621374195840673 0.157397931656601 0.380650479396097 0.110511365307927 0.0678511101296696 0.0874989196451362
"ufb280" 0.681959415397599 0.17173515370597 0.302662710271672 0.119969766522534 0.0705311078217728 0.108288462356679
"ufb281" 0.634667497568667 0.169416130560025 0.24935052927867 0.113418462505871 0.0637422957688161 0.118959556210082
"ufb282" 0.641527128617023 0.169555813170428 0.130727920316502 0.113654154882923 0.0692225618599497 0.125525893470051
"ufb283" 0.652561009173086 0.167845634364895 0.285333663530845 0.114343502911977 0.0615144159726837 0.115001143632379
"ufb284" 0.64158117008458 0.168619195379271 0.243369665310974 0.112622582511673 0.0596095699776761 0.118200397382832
"ufb285" 0.687678819774174 0.178431068504791 0.288930563834488 0.123621320348514 0.0620703513137677 0.123325093673476
"ufb286" 0.560685379714138 0.133140824212033 0.445326399453177 0.097895615957328 0.0605029240829141 0.0422328174743188
"ufb287" 0.690312813910386 0.178446459305451 0.389995848242641 0.128061373374647 0.0731205682878179 0.0918018928739218
"ufb288" 0.658181804110347 0.17655965546159 0.154832513537562 0.118769293055219 0.0551079671745235 0.134771609229964
"ufb289" 0.639276780342611 0.17177200932526 0.41656375445018 0.126619416581103 0.0693748493453111 0.0851245577859455
"ufb290" 0.669326682770887 0.181806609230838 0.0604271299224662 0.119710435638984 0.0464954347328758 0.142438152883273
"ufb291" 0.630887483096568 0.155446948127075 0.189895642422935 0.10637786165634 0.050101247382147 0.106229579372124
"ufb292" 0.603362734288864 0.159829154946188 0.630696827401885 0.124330428603526 0.0558021970720653 0.0293512006565589
"ufb293" 0.656459211505083 0.151994692847035 0.572845416104769 0.114495869633135 0.0658563408654167 0.0474048219420136
"ufb294" 0.461688131196146 0.130205555215468 0.630696827401885 0.0995743488998863 0.0430180985827486 -0.00487292373448975
"ufb295" 0.698681325083119 0.168545652753356 0.357432469401537 0.120135269723804 0.0807726711919351 0.109492632193829
"ufb296" 0.630168877096176 0.160669908906505 0.238262725839226 0.108074814400484 0.0672731704008054 0.111697706254446
"ufb297" 0.650036048153062 0.168592302085397 0.190962978725439 0.114856250188845 0.0654108786610638 0.12446040086449
"ufb298" 0.659325138789837 0.167505105442554 0.225634285914619 0.113831529290253 0.0600024790944929 0.116953684866368
"ufb299" 0.650830615536561 0.163914638800107 0.167805416221127 0.111107855838489 0.0533194535476556 0.116866451552249
"ufb300" 0.681608525441853 0.191064339981655 0.262098001099353 0.134661331412126 0.0792385277416038 0.12944429088634
"ufb301" 0.673062830693307 0.18627911342667 0.047976941053995 0.125011037398267 0.0339071004432685 0.147548575749813
"ufb302" 0.600044383582405 0.159267043180933 0.119240776256367 0.104560545232861 0.0434625974077165 0.116638121485594
"ufb303" 0.588895502614505 0.158826355372622 0.154729298727371 0.104517824006188 0.0481873111828477 0.114252940027068
"ufb304" 0.679501333619923 0.173832278014379 0.377850447740608 0.123513847224605 0.066712420359664 0.0972778128991995
"ufb305" 0.664254592638121 0.17024678171243 0.24025591236231 0.116321636046536 0.0632227868045396 0.117472444711695
"ufb306" 0.624010614523312 0.155830492981187 0.142072167792583 0.105139291528891 0.0474469129636312 0.109826897564353
"ufb307" 0.675296193389343 0.183697942035071 0.072557655818848 0.120986792203922 0.0440547543614045 0.14442070044393
"ufb308" 0.650431448844129 0.1710887576119 0.0725720517462812 0.1113731106074 0.0470453331264201 0.130385112233286
"ufb309" 0.647059006752884 0.177252531390316 0.231360866059093 0.122728019360292 0.0747354681505754 0.122168271132138
"ufb310" 0.654269954456258 0.165976038019035 0.237041986144689 0.114713018134884 0.0612786614468138 0.112961515255064
"ufb311" 0.682416528915091 0.184442367247376 0.144671812763749 0.125523073033143 0.0431050633402722 0.145190094325737
"ufb312" 0.690106057509523 0.189268235151361 0.144758198192841 0.128192637842858 0.0441898797690314 0.15048875873989
"ufb313" 0.627575714737699 0.153238102641145 0.255107048132288 0.103059125567419 0.0601615580205707 0.0964729345605272
"ufb314" 0.660986535507274 0.171625894358014 0.240248483563706 0.11733804313595 0.0636279877645809 0.116074896143127
"ufb315" 0.610308107776346 0.174804068516885 0.373345097282989 0.123888172674612 0.0672436834037818 0.0882691857552296
"ufb316" 0.585948089340888 0.162120165676434 0.274283015169731 0.109228627009913 0.0693265799814987 0.102610782814257
"ufb317" 0.578302288544444 0.156937239969686 0.226403979407043 0.103328126962697 0.0645538046333061 0.103511270723787
"ufb318" 0.651350114416476 0.167263080022628 0.440240710633887 0.122655712173192 0.0684755723921115 0.0797780880979503
"ufb319" 0.642130762414951 0.157126134646477 0.365008045604332 0.108240655805498 0.0744372960311933 0.0971050297622701
"ufb320" 0.668451277797883 0.184530683925714 0.154138197237825 0.122918263768888 0.0650926279663963 0.143145396519256
"ufb321" 0.632125508905429 0.154891139737954 0.353522562539923 0.106249782687372 0.0732813273034414 0.0982791363134075
"ufb322" 0.632963271114697 0.158088502997929 0.309560398566858 0.108345953181741 0.0712412164700432 0.104585736988602
"ufb323" 0.670726416892021 0.180283188620198 0.0716976227413171 0.119678990365832 0.0466987694938993 0.141267263907741
"ufb324" 0.653736767261811 0.176709018562989 0.609325002707221 0.135833920905634 0.0607857775294156 0.0484608288026688
"ufb325" 0.645631471355682 0.161702913665713 0.430525091862707 0.115669945344686 0.071810123636499 0.0731314498474505
"ufb326" 0.663325181333311 0.177877493063621 0.0479681237478329 0.118892851197177 0.031921554108993 0.138700270458059
"ufb327" 0.612820622537916 0.16040609633954 0.120633652134708 0.10524772021645 0.0387966328979537 0.117834929734579
"ufb328" 0.628323850359912 0.165583312698892 0.048522103585527 0.108923180857059 0.0356889710191168 0.125434250997462
"ufb329" 0.615793461669394 0.145679890783162 0.310038434569943 0.104472027910422 0.0643815280636093 0.0805231485751247
"ufb330" 0.60978614668573 0.163393153773041 0.381899769491643 0.118595683373256 0.0659003563984617 0.0757139059792258
"ufb331" 0.617614018554371 0.153960722780997 0.282089634755344 0.107464767860104 0.0618766279352404 0.0972498775201106
"ufb332" 0.626750744119606 0.155486351657518 0.277199509634 0.108042463378397 0.0616965052730493 0.10182727733379
"ufb333" 0.664435974344421 0.174511375626062 0.119304886102494 0.114562655377494 0.0504658256568979 0.13396652529272
