NaN NaN 1 NaN NaN
NaN NaN NaN NaN NaN
NaN 0.9488529 NaN 0.8843473 0.8292513
1 1 1 NaN 0.9115971
0.9914437 0.5577744 0.9699631 0.9577671 1
0.7445039 0.6754435 0.7165753 0.9657557 NaN
NaN 0.6790777 0.6655993 0.6330406 0.748596
0.9615123 0.4657341 0.6289482 0.9220275 0.5420867
0.9718392 0.7446537 0.6511632 0.6062337 0.3550468
0.7444194 0.9269065 0.7926774 0.3828417 0.3744436
0.7791608 0.4342009 0.7348247 0.6116463 0.5658491
0.9150524 0.7066355 0.4389698 0.4015275 0.5510846
0.597744 0.9068224 0.8117967 0.6987827 0.7901611
0.5973871 0.5754881 0.8118597 0.6333757 0.7124016
0.4661403 0.6682856 0.5358278 0.3872022 0.904394
0.4356528 0.4324722 0.3911836 0.6185259 0.3394139
0.4809353 0.381821 0.4807022 0.4450863 0.493752
0.3370681 0.5292812 0.3922371 0.3510937 0.3885526
0.4631615 0.3364595 0.3871698 0.4606702 0.4533998
0.4241173
