"quartet" "cluster" "phylo" "mutual" "shared" "clusterNorm"
"mb49" 0.80145712566125 0.240466700909069 0.366468852904663 0.174857951561326 0.117895558314701 0.183768929661878
"mb50" 0.88008356545961 0.279015197688236 0.835102317101328 0.244699592611625 0.124598697729997 0.162223546370914
"mb51" 0.952780259811671 0.214740306438352 0.930148253387672 0.190830186057633 0.0951730567542883 0.0887287954688691
"mb52" 0.824187878636783 0.212673914351822 0.653366445446601 0.174478584250684 0.110084636371314 0.110912782845935
"mb53" 0.885760904536471 0.227333036436314 0.758402804373832 0.189321784412777 0.119641201779624 0.127711574380454
"mb54" 0.820259579088888 0.202516993980538 0.745711435356317 0.167908330274073 0.101690954889248 0.0993692782166733
"mb55" 0.845329058079774 0.228301530601774 0.677934411550417 0.18668881156841 0.128284199638986 0.143863892592788
"mb56" 0.833713748657358 0.205462611011428 0.815861843083595 0.17266875823699 0.0858292170924329 0.0778869934316359
"mb57" 0.831260844418739 0.217926294123925 0.749897581520769 0.180831889493387 0.0854526157717189 0.0911132435733048
"mb58" 0.737413734379297 0.238695648988872 0.0921465870104841 0.162043632041216 0.0810437240613416 0.200637599823661
"mb59" 0.699426451151342 0.231226853836077 0.231586838484705 0.166104758361017 0.10026624319104 0.1467315083329
"mb60" 0.884858413292769 0.245641021873715 0.825485343678872 0.214254400789738 0.105334455911828 0.123240836206332
"mb61" 0.73906615932951 0.24161381777178 0.103727023207244 0.164527187499472 0.0782670528005298 0.203920427151192
"mb62" 0.81370523415978 0.254022240955425 0.506379931520114 0.208760494575315 0.101139261827091 0.134243644466658
"mb63" 0.803807225685368 0.207886259187037 0.743876929088133 0.170824605047249 0.0837055321432241 0.0802381876028175
"mb64" 0.738120367683584 0.237092839519407 0.0920886712723467 0.160812268220267 0.0802423797457508 0.198221979360339
"mb65" 0.69680175499365 0.195395569868754 0.526058387526529 0.152246173373645 0.0895696592612241 0.0914221551245028
"mb66" 0.698321757296884 0.206359175368138 0.15022299800084 0.14153263292678 0.0743021184037501 0.16152092740547
"mb67" 0.760657367911444 0.190478419945085 0.654805014763985 0.14973947970927 0.0920483212487573 0.0861052201399757
"mb68" 0.724787674730929 0.227754980009435 0.115396400031723 0.15454784232041 0.0762028642297437 0.189371099693458
"mb69" 0.840286716080067 0.212535253395093 0.723935697902288 0.177005004862874 0.110955547750862 0.111005884244368
"mb70" 0.877504523219192 0.216145734943055 0.804409906554145 0.183612792097563 0.0869538485566003 0.0902854628613439
"mb71" 0.690533481644417 0.203592406124993 0.138795231582201 0.136218684057479 0.0738569069763746 0.153250361815628
"mb72" 0.733249586789377 0.232896135012565 0.0931517933264258 0.157299395496585 0.071120664373963 0.194233868333306
"mb73" 0.693298544579885 0.204282903323657 0.152018719972568 0.138910179496686 0.07423600251018 0.157844121800663
"mb74" 0.82611885024072 0.232928167537583 0.574441930283222 0.182645643004165 0.128025533980654 0.159060506929109
"mb75" 0.781108421234653 0.202524371357221 0.505114907429438 0.150440155002346 0.0980271032887578 0.125728878957231
"mb76" 0.738194478497524 0.213261035709615 0.503187923916508 0.168089525476372 0.092261964539217 0.111896398279558
"mb77" 0.661529268379264 0.192311735717671 0.209596633851572 0.13483870391401 0.0710751343956012 0.121694907251522
"mb78" 0.710208783297336 0.190564566197876 0.411725323452391 0.142216632715331 0.080175307998249 0.102046224790734
"mb79" 0.708538350217077 0.155401879344526 0.778860157499141 0.127213465793668 0.060990937651619 0.0191893414120298
"mb80" 0.800645982421594 0.236907474364124 0.389406785977796 0.169167560100511 0.11736074319708 0.175692749492669
"mb81" 0.715682605634707 0.219896966712925 0.115430850308779 0.148492396441399 0.0723245309907714 0.180896610166333
"mb82" 0.66837592879889 0.202739441497338 0.220712670781469 0.143429575843245 0.0746298438587052 0.125470300367814
"mb83" 0.815106273442671 0.203752205159455 0.720879789074916 0.168997427373251 0.0795429618653409 0.0759019547103961
"mb84" 0.755709436987259 0.169227761567963 0.618064100741073 0.12761414084144 0.0870293528354848 0.0782418322481209
"mb85" 0.854937685835389 0.201845947890627 0.815975239639245 0.173640384293307 0.0848166546500688 0.0736896175116532
"mb86" 0.664190459142576 0.1605116365172 0.705673373803086 0.128218402671543 0.0594476828090517 0.0230250125468903
"mb87" 0.679032327370125 0.175067791054418 0.482071312874086 0.130642490132158 0.0791580295054612 0.084805428223483
"mb88" 0.813777372262774 0.167642833618727 0.8371942065353 0.142426712584741 0.0655982634206343 0.0325722299239836
"mb89" 0.819900335824938 0.207383280610404 0.574173478784053 0.160530268140757 0.0953991746922676 0.120656811288937
"mb90" 0.671276165436343 0.187945630965703 0.436364981761002 0.136373790713318 0.0857285129167155 0.117094617264008
"mb91" 0.724994753643098 0.228423287112307 0.103804239463213 0.154075889548218 0.0754677320020501 0.190205628561365
"mb92" 0.70882271254436 0.218067436227664 0.129954726570983 0.147341129897395 0.0786006872975827 0.178648345856128
"mb93" 0.725167202453534 0.218704938097387 0.126029950080642 0.148259063935061 0.076318122828177 0.17682861059193
"mb94" 0.695680935278165 0.203965982750549 0.141951992695847 0.137379688822501 0.0750378875358172 0.155751679794861
"mb95" 0.777190955603235 0.164046605311929 0.804409906554145 0.135779885466772 0.0656693985590386 0.0298209891568308
"mb96" 0.688601465081265 0.204206602645198 0.115523871535626 0.137262373387643 0.069864284375432 0.162381471614838
"mb97" 0.823013483440241 0.195551954652429 0.804523303109794 0.166911006867733 0.0805733527986751 0.0663850235320243
"mb98" 0.709196928688252 0.206931974671906 0.171411444273193 0.142081658161667 0.0751939509653381 0.158892565544551
"mb99" 0.789664335479436 0.201019748168476 0.551220935365387 0.156362957553531 0.0921416837659145 0.11359699439123
"mb100" 0.672565424762946 0.184835617628942 0.205458641024362 0.125972331662774 0.0762774295941063 0.133355005478937
"mb101" 0.719475680351321 0.1606174121689 0.649223878767012 0.124529464113956 0.07309763811087 0.0522476444926728
"mb102" 0.809081962603683 0.205896032808972 0.732464391738792 0.169812531201088 0.081179051046835 0.0779082703920366
"mb103" 0.639516311902907 0.174492004363158 0.352265425924538 0.124215839442269 0.0781811138277843 0.108310652458621
"mb104" 0.74645930571762 0.21835488947693 0.241144387890119 0.14770091094194 0.0907373346208741 0.170981734892348
"mb105" 0.672146227480483 0.172030888781743 0.261806747359134 0.120099063224955 0.0757297714018525 0.110397474394401
"mb106" 0.816860267644861 0.194068127953156 0.781392636939594 0.163202632857415 0.079859375538426 0.0646629448509513
"mb107" 0.659595593149142 0.185593842767276 0.29809944849763 0.130455048317166 0.0795687344042679 0.120455337168732
"mb108" 0.658255064502872 0.168826706786056 0.341952568767678 0.116988904312644 0.0767595668626287 0.102287938666436
"mb109" 0.695508379888268 0.176333529229638 0.456849572641601 0.134884597041429 0.080171297404462 0.085957034216261
"mb110" 0.659031896802024 0.199859771894241 0.232979217084209 0.140748213638252 0.0747504643494868 0.122427223102736
"mb111" 0.762031857804026 0.193772210218408 0.579754326890058 0.148101178614426 0.085723914733779 0.0888377528693979
"mb112" 0.737845076225793 0.155879150808585 0.672426984107833 0.118747833570235 0.0735690958775607 0.0468186900230037
"mb113" 0.69733369625676 0.207377913992722 0.137677067298713 0.139920007548432 0.0746956250162981 0.163834627065474
"mb114" 0.695447818509967 0.203703102991001 0.138662776995498 0.138474512430846 0.0725122342907873 0.161855284291946
"mb115" 0.718457721690371 0.212438849017039 0.14912407553008 0.14345837099159 0.0754106698366862 0.169172675633935
"mb116" 0.691349290247745 0.1983062041677 0.130125116634539 0.134920185950704 0.069263044825592 0.154270807048197
"tnt1" 0.779826262518928 0.200812820235169 0.595663026223848 0.160884059179712 0.088464981116178 0.0978443359060876
"iq1" 0.665553667961906 0.178350661963423 0.228337259942504 0.123935790457487 0.0756311710250751 0.123900141200574
"iq2" 0.656376743417289 0.181328879258965 0.332641673254266 0.129262610771653 0.0809711100211343 0.11004772643724
"iq3" 0.769521249359959 0.227124396060325 0.25229121512513 0.163359656991483 0.0946541359129544 0.172939641592293
"ufb1" 0.764858327574292 0.162879952464125 0.83893581097597 0.137584305627394 0.0657373727425618 0.0284670116347915
"ufb2" 0.623418165492859 0.16165790645907 0.399304676727889 0.115187608176694 0.0752185725807449 0.0807218347372953
"ufb3" 0.640581859489137 0.170997098641407 0.262861526411592 0.116201275363352 0.0731996370563232 0.1092155792036
"ufb4" 0.709721650117999 0.21342286247509 0.114785310127717 0.143086500927232 0.0667835838706849 0.172102470657066
"ufb5" 0.683887150330857 0.205419675078615 0.1255948317981 0.138111960994866 0.0553208359623521 0.166062345903865
"ufb6" 0.661141953493835 0.191452571841159 0.14790678620795 0.132631043923409 0.058506949149714 0.150697864728883
"ufb7" 0.653294858157587 0.189100101954819 0.151191648606896 0.130994404245847 0.060576716204397 0.1477809029329
"ufb8" 0.648832703997106 0.18917603665023 0.159189184750848 0.130505551442745 0.0640371485815684 0.147284216228408
"ufb9" 0.726772180115916 0.214255792028054 0.470714501876341 0.170138150301934 0.0808137867747369 0.111794451489998
"ufb10" 0.69907419379865 0.197417713965407 0.450058635894046 0.150366471856775 0.0857932615012782 0.108711571258723
"ufb11" 0.814103569002456 0.230001454869683 0.528354340257415 0.175905779569081 0.125597020654433 0.163009740482209
"ufb12" 0.647696140050373 0.182525250206935 0.252630659227769 0.129157909912588 0.0690945314034679 0.11693462582552
"ufb13" 0.671907644506348 0.193603839280402 0.430072145159556 0.144650234046544 0.0667076667370419 0.0897087627102739
"ufb14" 0.794925286780823 0.225394968456137 0.412120836343998 0.162545101778831 0.107894186968917 0.157706403479202
"ufb15" 0.668383706941 0.193481583016976 0.197977646654828 0.128776074931905 0.0708078692082817 0.140010105835804
"ufb16" 0.655261242904963 0.189294405478554 0.192996142528881 0.123851393430966 0.0645738980781778 0.132517858983848
"ufb17" 0.678571428571429 0.171442728400057 0.527540628474299 0.131553137984556 0.0789587272156688 0.0804622462265785
"ufb18" 0.716306874792428 0.157182804336333 0.660913878675743 0.123193051734288 0.075337627084378 0.0483696063837696
"ufb19" 0.626690385856646 0.16975551418743 0.332251561533833 0.118242579176858 0.0760474183804681 0.107806903999605
"ufb20" 0.676944378275369 0.177694928279751 0.423565989349615 0.135591274755523 0.0758509835740529 0.0877691873995327
"ufb21" 0.667620351956775 0.177409060225163 0.32022515946069 0.129642772013918 0.072703877786147 0.0982300984333844
"ufb22" 0.697250362262589 0.199005336076065 0.137589052837629 0.135141963678879 0.0694983114224312 0.152255937596598
"ufb23" 0.725749946377685 0.218758921071163 0.0920149924630974 0.148245315693724 0.071901731996226 0.177727786148928
"ufb24" 0.669726621607989 0.194307182660535 0.440333973497789 0.147645149737952 0.0714241013558785 0.08989431745754
"ufb25" 0.600503271263211 0.14946468730391 0.682041067452377 0.117315692687973 0.0540521349099916 0.0109084189298583
"ufb26" 0.703419369883525 0.212757385966047 0.137367536015198 0.145034789635564 0.0763360503540522 0.173070603262924
"ufb27" 0.699364465915191 0.211315447659556 0.148906879009054 0.143484811112352 0.0773288018901828 0.17112084786398
"ufb28" 0.685545253863135 0.190389840067194 0.447879771502707 0.140312139616385 0.0908345088092942 0.112156780521898
"ufb29" 0.609669191750332 0.154292881756215 0.401484110718844 0.110496976826813 0.0642427297202372 0.0728527822233419
"ufb30" 0.678886632561409 0.172827069355607 0.366142112680301 0.127039013838419 0.0743820846650578 0.0932070654097661
"ufb31" 0.66240769996579 0.182660195511191 0.275090874937252 0.126067553104499 0.0807471814034135 0.121796720244254
"ufb32" 0.648136275628614 0.176801392874278 0.231848249389181 0.118171860912237 0.0740450480048831 0.119165729565982
"ufb33" 0.765405267195091 0.196488741695461 0.512543862347388 0.147926618147197 0.0981801150656534 0.107955487267958
"ufb34" 0.653398669183703 0.183251349427372 0.391596220995171 0.13744408107672 0.0777118424127872 0.0937363036884741
"ufb35" 0.61311984848889 0.160981957035982 0.309183930251709 0.112779001739959 0.0706014244750403 0.0878275365764565
"ufb36" 0.649019940971248 0.168902420907944 0.274226660390664 0.114855974335944 0.0732025687831857 0.106965120006377
"ufb37" 0.709696301410802 0.204063432665088 0.205850650270016 0.139786359428692 0.0751790057000465 0.153751810676453
"ufb38" 0.696496542770308 0.203062048126858 0.186334026260125 0.138117806401415 0.0719035656066105 0.156549181908437
"ufb39" 0.757360735981416 0.220910581786902 0.208694368124878 0.154353575978265 0.0884378537962793 0.169224044084831
"ufb40" 0.745209211306261 0.215949576980887 0.194931973151165 0.149082234663709 0.0862166732429792 0.166389384551173
"ufb41" 0.724092448200556 0.218924579778516 0.114907585766797 0.145176889739647 0.0733681869101421 0.177042341910711
"ufb42" 0.727388723604436 0.231618250439726 0.103751111565131 0.157994397032094 0.069531421469669 0.193559676078518
"ufb43" 0.847772250104101 0.214670876036165 0.746957428926698 0.180455717998485 0.114553278336916 0.113416856887363
"ufb44" 0.721177905667459 0.179174348081855 0.492559822643906 0.136876329314168 0.079473562140155 0.0894103937773888
"ufb45" 0.665603467664438 0.167234803380018 0.405486755254098 0.122468501523015 0.0742197475850328 0.0869805235842461
"ufb46" 0.68393332592275 0.171846888837526 0.35370478975511 0.121743781444152 0.0798726795311381 0.105636485228569
"ufb47" 0.670761578703335 0.182488455761387 0.286822184298005 0.124088173033762 0.0810785266831697 0.117145966313016
"ufb48" 0.663303909205549 0.190581961896597 0.651029346098681 0.155089031670732 0.0728358403535287 0.0601453259112888
"ufb49" 0.726126748402694 0.163611162330818 0.761711215679261 0.136219457363988 0.0637399860571451 0.0256308531383268
"ufb50" 0.65298811268523 0.150583982174961 0.60503060041404 0.115889244274702 0.0696666552879153 0.0408436989083888
"ufb51" 0.661861739924881 0.15526614419658 0.705789421572863 0.122561581041507 0.0549314861561946 0.0175618639779793
"ufb52" 0.65476453428591 0.179456933210808 0.227135050211964 0.123299617190513 0.0683011281003595 0.125036993820974
"ufb53" 0.661776100491336 0.188371347548988 0.249551954445691 0.129130923709016 0.0701935080858803 0.12322893082707
"ufb54" 0.622547612211695 0.14598656151153 0.693895666844418 0.116765085716815 0.0526880584675932 0.00653494258795432
"ufb55" 0.735763061189674 0.211234444997822 0.172436618725078 0.146952803014282 0.0816617597170274 0.158895257052686
"ufb56" 0.589654283664328 0.147738536461878 0.363930046127777 0.105750806986804 0.0628486658587391 0.0735366860804261
"ufb57" 0.669805056050495 0.173130878427278 0.204744211864476 0.120462499655694 0.0739577195513553 0.115297113777995
"ufb58" 0.745518927049386 0.161420180009125 0.674184989064826 0.125497307909892 0.0758151029597766 0.0533786008796197
"ufb59" 0.668041758632215 0.185632658408998 0.252671427298114 0.128446128810253 0.0745960300364878 0.128573716975406
"ufb60" 0.702423560691277 0.154525985592266 0.72928681160531 0.120983250785729 0.0565603857162904 0.0173268478341847
"ufb61" 0.664140648681419 0.186342312028212 0.241407929460999 0.12772333768287 0.0720075957244324 0.125636399647504
"ufb62" 0.660793534166054 0.178576506137917 0.301648127137757 0.125231724343807 0.0830721193961553 0.112876734127941
"ufb63" 0.662044038341984 0.191739051377597 0.204053312719037 0.127422582735221 0.0673532361753468 0.13509457225414
"ufb64" 0.659193979793168 0.175965687545413 0.254611479422925 0.120359689995829 0.0769294471822644 0.118271512924607
"ufb65" 0.756239896983479 0.185893447228127 0.585739821690754 0.143369679870143 0.0807361818149278 0.0809290979277122
"ufb66" 0.789094490011489 0.22438256055527 0.400782603700623 0.164192416273148 0.10971640381061 0.162163096249094
"ufb67" 0.829091758113472 0.194240659486205 0.767332909940111 0.162100872181317 0.0792215890504974 0.0643743708140843
"ufb68" 0.661181518132311 0.190795481862432 0.205276355258779 0.126064186057218 0.0663245938325323 0.134072500862598
"ufb69" 0.662774725274725 0.156271546727904 0.729154691137712 0.125881208279697 0.0587559416108654 0.0188241482938272
"ufb70" 0.736186642144781 0.215882378197484 0.172044728274245 0.145341707969543 0.0886343194804068 0.170111938818705
"ufb71" 0.785620996330618 0.19845763049411 0.528842121802471 0.150689488907035 0.09418312153909 0.121159377323139
"ufb72" 0.656174268942862 0.174673985422038 0.528185494129728 0.12855531245265 0.0718067504460931 0.0682630889786629
"ufb73" 0.721803611522961 0.213468597943839 0.171308239381791 0.148189830692354 0.0769611742642107 0.163751482024738
"ufb74" 0.723175750276021 0.146359408132885 0.769884002132319 0.117667437608489 0.0552684477264706 0.00929383109659481
"ufb75" 0.654298642533937 0.14537078385743 0.627520111569987 0.110045139035616 0.0654011985217591 0.0349526414757894
"ufb76" 0.705525859954056 0.20379881040009 0.148669397208872 0.139160890580338 0.0682121202995182 0.158817286785323
"ufb77" 0.691145157102051 0.199056072588989 0.181688371382842 0.137366448539911 0.0711884004571224 0.155069818658032
"ufb78" 0.647775541470155 0.187626794460807 0.243797060841381 0.129333507280411 0.0671224347992574 0.116682631969439
"ufb79" 0.696576694301198 0.201321250893423 0.174985135469538 0.137285976204438 0.0676451871661988 0.160058668053041
"ufb80" 0.60768505017583 0.152402755523401 0.674567361048453 0.121693553882781 0.0553564186449662 0.0110134536569735
"ufb81" 0.665948697865675 0.17498603149604 0.439792397093295 0.128924169959309 0.0776934791546015 0.0845651130481385
"ufb82" 0.670777146158879 0.191521299999694 0.188778923188817 0.128130967333831 0.0718462956596607 0.140452358561192
"ufb83" 0.634352658674574 0.18219388696312 0.246867023305191 0.128165536839674 0.0653975203512156 0.110802295508858
"ufb84" 0.704296759629749 0.210033143947286 0.114775257616379 0.140652085553166 0.0694665178854846 0.16767418029034
"ufb85" 0.729383053638241 0.228468580966194 0.092063681010809 0.153661359700935 0.0769484260781399 0.188615651591672
"ufb86" 0.672938221310392 0.194634566532424 0.177131829479925 0.129412676162192 0.0674951286008302 0.141207360525484
"ufb87" 0.718831909710444 0.177577444332224 0.504107608242694 0.13732422952219 0.0804235970953483 0.0876388556277779
"ufb88" 0.696061276621587 0.207817997627986 0.136870735240543 0.144387697216278 0.0528482341645297 0.168581350739885
"ufb89" 0.675016932776271 0.196226466223112 0.186141708782443 0.130388145252276 0.066778630514175 0.142904865385183
"ufb90" 0.647706595991566 0.19534696447618 0.217166022671353 0.130292797872769 0.0709958537848794 0.130879357868055
"ufb91" 0.698065305958617 0.208172530214813 0.137667156077674 0.140497098130771 0.0767668823362308 0.163418874715909
"ufb92" 0.714952389375313 0.22192028119867 0.140580876316216 0.15061226867872 0.0781329448143541 0.183020972549307
"ufb93" 0.618948953350478 0.154045459214044 0.355399981412228 0.108757152720435 0.0686145683213972 0.0802862418941442
"ufb94" 0.658609537623238 0.166185897651631 0.320451674532309 0.115496079762915 0.0743214810398016 0.104046148659052
"ufb95" 0.878018575851393 0.203687781232346 0.82748387444652 0.172941894640665 0.0831646691031658 0.0758271864969124
"ufb96" 0.592716773772935 0.143231676645126 0.678348303947876 0.113360653927672 0.0518198898072344 0.00255064727963356
"ufb97" 0.616901176082396 0.164070879273525 0.324470917284162 0.114748675087575 0.0757257159134325 0.101696409954807
"ufb98" 0.708116542704267 0.204346690954626 0.148600348149191 0.13959955955086 0.0694709877407063 0.157902864613353
"ufb99" 0.722557770817699 0.215164762927043 0.125968115270302 0.144891187779393 0.0770984717162278 0.172069296089728
"ufb100" 0.713746327976499 0.208600380024299 0.295582674995173 0.142896676556091 0.089868304492451 0.153137575185799
"ufb101" 0.70918935410285 0.206839429141783 0.160829056324552 0.141129935901622 0.0754821874797987 0.158760297473831
"ufb102" 0.688458542216396 0.202648786724784 0.136888434560444 0.136434126751817 0.0666550763190636 0.161442115636198
"ufb103" 0.697249593008311 0.192269689273502 0.394958880401856 0.140694413852872 0.0837521042052226 0.113872064186221
"ufb104" 0.691701727687763 0.162143705752968 0.755878640973574 0.135496935260682 0.0623901169660091 0.0261807321110159
"ufb105" 0.709269522236327 0.20579812810552 0.150150708990005 0.142376609541541 0.0715323430399242 0.157663886208667
"ufb106" 0.714534006931556 0.208459651761499 0.12589820945583 0.142367182138835 0.0720009862040497 0.163746632309931
"ufb107" 0.638097110281109 0.145668752852578 0.717467846988716 0.117805795739572 0.0544280878682089 0.00594677964154051
"ufb108" 0.677726415230195 0.175959291198395 0.512886000932575 0.136574752485641 0.0833194559771217 0.0853872090199556
"ufb109" 0.640204596412556 0.161995164498901 0.478808537746977 0.118493572361822 0.0775448851913478 0.0810664960797662
"ufb110" 0.704276841427879 0.203659646924273 0.137784015378163 0.136533674048597 0.0686939349172078 0.158645302771105
"ufb111" 0.722084665041246 0.222830908057815 0.0930870492695122 0.150048897205102 0.0696788056243876 0.182686768533309
"ufb112" 0.644031444192304 0.162315881664819 0.464418027306576 0.120492076449385 0.0748651720278207 0.0813698686360504
"ufb113" 0.625125423531636 0.171050069710259 0.313233023342552 0.119188262488686 0.0676724471873857 0.104647440750804
"ufb114" 0.829367225527312 0.208829695731898 0.735512053479564 0.172010965881166 0.109204804978152 0.106822561787868
"ufb115" 0.67444181455973 0.196815973363459 0.14989293794986 0.131142546012861 0.0593070923181791 0.15373272208687
"ufb116" 0.712526079975386 0.217208002519683 0.125865361900736 0.146802603802035 0.0622264337143899 0.178299892313991
"ufb117" 0.76226869941852 0.194076961171873 0.523311137129277 0.152475793031434 0.0848984355091262 0.105567823594189
"ufb118" 0.648489063631073 0.1892347936107 0.181968957568481 0.124763986008036 0.0653542970270678 0.128793291762795
"ufb119" 0.607812768886594 0.180411342447013 0.563013355697423 0.143703613766889 0.0603232659160932 0.0488133451748943
"ufb120" 0.664371852331008 0.179481370354522 0.378576622128285 0.127192009787297 0.0743727088987918 0.100396113273567
"ufb121" 0.632013624565255 0.164930801676404 0.297090054751398 0.111631377005838 0.0697109795297647 0.0980796930693155
"ufb122" 0.670631204160344 0.199198764944021 0.128458100900791 0.134114744675749 0.0581412926068915 0.159394949939143
"ufb123" 0.684367673927601 0.200959911986335 0.148299448355376 0.135889361331001 0.0684006251697398 0.158097026279099
"ufb124" 0.762014435695538 0.22141979443913 0.25227136719652 0.156490949383685 0.0916106148529298 0.163300206469365
"ufb125" 0.612356212683478 0.153361778009834 0.375773980630584 0.111048545674148 0.0591272000797049 0.0717652192740547
"ufb126" 0.662046870258982 0.190567863973903 0.332400023522895 0.135792944108802 0.074484901539897 0.11255117275646
"ufb127" 0.698008388392688 0.206913615167689 0.126098330486452 0.142590492954197 0.0755747775388373 0.160602850071131
"ufb128" 0.6986762414146 0.205298358767846 0.103206341411105 0.139555280205836 0.0686378519140158 0.161639932733606
"ufb129" 0.795312626713162 0.174868596557879 0.769940700410144 0.145704389049976 0.0673998698049727 0.0423806232573263
"ufb130" 0.711044630517844 0.205827144185346 0.127194833274156 0.141284834285293 0.0692615975526456 0.159475954587643
"ufb131" 0.627389844102461 0.171045286995708 0.262588261741837 0.116355294444159 0.0731582173597181 0.104683670903704
"ufb132" 0.77285749365638 0.165906122162354 0.816907917253187 0.141209616406877 0.0674070459665465 0.0266730985948941
"ufb133" 0.657229719139171 0.189902710579005 0.201458156215837 0.125511221926655 0.0693724518876279 0.133156388911492
"ufb134" 0.778238853896505 0.20422761549399 0.481744835618072 0.150813916493529 0.104433916169571 0.134913669838872
"ufb135" 0.660812027349117 0.195174792939341 0.137062273552488 0.130698304009628 0.0607008608839058 0.154937576641533
"ufb136" 0.682540138850958 0.168729120710513 0.393159893661198 0.121708292839215 0.0797956126033526 0.0963595345710331
"ufb137" 0.777012358049432 0.192436077017119 0.546061894465166 0.148319706320317 0.0814945730933679 0.103878797958756
"ufb138" 0.720461778357331 0.179543572946264 0.451700811636692 0.130329691356821 0.0803881809665355 0.100423118139314
"ufb139" 0.729788173034488 0.231876611640839 0.103669951979195 0.156921077971637 0.0752851343244835 0.193161562680407
"ufb140" 0.640967853856481 0.175732833370407 0.226763123481632 0.121835061839105 0.0674384183957262 0.11798512352398
"ufb141" 0.664874166487417 0.153510559810033 0.604964463677075 0.120792646179717 0.0742405449127862 0.0441483756750226
"ufb142" 0.702363249525291 0.206512745247134 0.477407459217084 0.161714498573188 0.0785127163511653 0.103574925015404
"ufb143" 0.766702618491222 0.221483807045891 0.313532905822374 0.159008333989516 0.0923699734481304 0.166863951774255
"ufb144" 0.64448641720712 0.162402333205445 0.423344651246732 0.122272307088125 0.0789957411791338 0.0815626075005214
"ufb145" 0.713917012274088 0.210820667376039 0.116224332599823 0.14011358863928 0.0714300147185412 0.167465596099283
"ufb146" 0.625199591466835 0.170985879573635 0.376415982225705 0.12301718165172 0.0708950595501291 0.079940802930394
"ufb147" 0.601308657923559 0.161241321065832 0.404820978537852 0.119429415163585 0.0700433875346372 0.0691762197868652
"ufb148" 0.76689952203372 0.202075632012068 0.591570071067548 0.159091504218013 0.0954734066470178 0.0982219052842311
"ufb149" 0.715347349713342 0.217630218413332 0.0930593681116218 0.146395865912984 0.0722186718504467 0.176533784710065
"ufb150" 0.83359477124183 0.19487293450599 0.81591854136142 0.16726397933788 0.0826005630270615 0.0655969758989853
"ufb151" 0.704210261388559 0.202626721073869 0.137561949074544 0.138882319830349 0.0713543421909072 0.154326524936588
"ufb152" 0.628311258278146 0.158539239828568 0.519353475028784 0.120790028497331 0.0594290423337114 0.049803138793123
"ufb153" 0.600578613111928 0.144730840779053 0.412783782437641 0.101616182042025 0.0629410028966957 0.0621605791335323
"ufb154" 0.659338083973547 0.184498701595941 0.244250441158844 0.127329606526868 0.0734512310354406 0.123671910839757
"ufb155" 0.676108492953192 0.19647121047217 0.194384391371019 0.130522564405728 0.0726027004799422 0.143157588074607
"ufb156" 0.688999496226256 0.201261141284766 0.140078288789208 0.134307334974295 0.0623105547247505 0.159983440516549
"ufb157" 0.695638077495977 0.205327923982213 0.116046205235609 0.137032438728548 0.0669478710637133 0.161671122168508
"ufb158" 0.657025205989368 0.178003413776726 0.150387772925677 0.120652699698752 0.0655568498159832 0.128256469943747
"ufb159" 0.630842099388934 0.149000281194542 0.40126631515045 0.103473466623642 0.0686047980042535 0.0748011721735908
"ufb160" 0.647300463479266 0.155929817095234 0.359641473696839 0.110325692578705 0.0716015113924101 0.0883586010377322
"ufb161" 0.67077554376809 0.170438637390042 0.26210718981292 0.120327221346965 0.0771465842110472 0.108686696974973
"ufb162" 0.761379798944809 0.213559465689141 0.378903233446206 0.159524968567666 0.0998912135220197 0.145137258932414
"ufb163" 0.717400612888013 0.207452056768607 0.149358620451798 0.14453862009194 0.0730505682034369 0.157314552782277
"ufb164" 0.647715255540847 0.178076388999424 0.249265254336063 0.123441760432011 0.0700193219525033 0.116770569374441
"ufb165" 0.725119121598199 0.229110546538854 0.103751111565131 0.154398848476911 0.0702488704157194 0.190927763559414
"ufb166" 0.726134404995064 0.209566720694876 0.217817568334605 0.146672168062928 0.0850889317630192 0.15708021431056
"ufb167" 0.694144318448267 0.204043665571344 0.126112960375828 0.140796604331028 0.0734942211725367 0.159056648901091
"ufb168" 0.809357792186635 0.16994557912515 0.731058149223052 0.136141035579622 0.0830428486764945 0.0630024017950284
"ufb169" 0.727276545875356 0.226738725544711 0.0805068071867898 0.155463260955637 0.0791577486367777 0.18679644166791
"ufb170" 0.607632578886503 0.167254006650452 0.358366226347252 0.122428267182948 0.0726961017783928 0.0760370023829387
"ufb171" 0.720206243660543 0.220100991698355 0.0804805442207745 0.149739620754351 0.0755890859512099 0.179134343133642
"ufb172" 0.69643439032393 0.203041409310594 0.171000384662164 0.139214804065387 0.0721415941293474 0.161867014577418
"ufb173" 0.701151402998072 0.202194980386909 0.283501408275886 0.13872888251613 0.0804094559546822 0.142671814400183
"ufb174" 0.640012862425639 0.186047219426439 0.425046134975379 0.140823951246407 0.0623664431595162 0.0811026962761527
"ufb175" 0.47561440274338 0.148073802846819 0.558008394158602 0.113004767207382 0.0464257254483446 0.0106794295851821
"ufb176" 0.670203109043458 0.168498318084934 0.52592524819237 0.122964356629059 0.0608872678261891 0.0610491592228631
"ufb177" 0.634234778667472 0.164743172698034 0.437787363390322 0.125163159600786 0.0745316865663707 0.0731996445302902
"ufb178" 0.628186404673393 0.160884608236886 0.346497751858639 0.11094686049048 0.0732270148088068 0.0877493822532005
"ufb179" 0.717939248453513 0.158270510417024 0.741006494679089 0.127884982586325 0.0596110190695257 0.0216790147254227
"ufb180" 0.735592147221546 0.237803663411488 0.104861526790897 0.160461464068255 0.0762146227190445 0.199700052892998
"ufb181" 0.669891305712098 0.180444941098071 0.266441881900761 0.128634622000586 0.0876236102426496 0.123119484806891
"ufb182" 0.743664461214665 0.213874860786483 0.231969194582892 0.152274161359807 0.0877283127527255 0.161676505447202
"ufb183" 0.651241741310422 0.184934915012911 0.458668898643867 0.143814479106427 0.0648767364769387 0.0795935099585552
"ufb184" 0.656663592851183 0.179602859018127 0.342970261976824 0.130025448931883 0.0721942221344519 0.10001208154076
"ufb185" 0.617025986099429 0.167644606732543 0.390553131434724 0.123260991844054 0.0680556759369731 0.0765700145458432
"ufb186" 0.684909317057649 0.174781305914094 0.468593654642665 0.136285995006598 0.080393490465851 0.0843260377637861
"ufb187" 0.581726179110178 0.150066862744013 0.666306288866841 0.119168065556148 0.0536735598100759 0.0135965765250196
"ufb188" 0.676729331673988 0.193804343568577 0.192694861036056 0.132755578111044 0.0679615161015956 0.146751356715009
"ufb189" 0.781959354533793 0.228877306696584 0.290237302617763 0.161489475557288 0.0927803102129775 0.174828215218512
"ufb190" 0.68432473093392 0.175306907569342 0.377681436332166 0.128839793319307 0.0764128100428156 0.0959256018703217
"ufb191" 0.713532045347176 0.20954102359045 0.148811156273945 0.14247107461845 0.0795837239279397 0.164889485655572
"ufb192" 0.824092133370484 0.162879661747619 0.835170126463541 0.138344110990881 0.0660464782680122 0.0269887815354507
"ufb193" 0.70260779399877 0.210072054899483 0.116181731336088 0.142604602285967 0.0794394163013322 0.166681102164438
"ufb194" 0.597055905268466 0.158611945792348 0.251409391506816 0.109071354568206 0.0624280494041111 0.0996431073629433
"ufb195" 0.653205548612228 0.17822549004244 0.275343792382862 0.122730399673059 0.0691702323437014 0.106729142925751
"ufb196" 0.720202188044796 0.228517457691714 0.106153581418391 0.154808006747519 0.0691462131724529 0.190305313330239
"ufb197" 0.498934521503293 0.147984210049215 0.587871847410095 0.111668582747386 0.0489188756972057 0.00918676485303651
"ufb198" 0.590380425674543 0.144311510921016 0.528912820363388 0.107522094103452 0.0593182413979098 0.0338287723302108
"ufb199" 0.594656195859013 0.150227266219043 0.398554425288265 0.105795745997685 0.07066684898318 0.0761191084289972
"ufb200" 0.722993209721301 0.211124060067354 0.507042714901573 0.170034679334852 0.0824553936928416 0.108535311845501
"ufb201" 0.653911031185089 0.171141260150808 0.446220535939991 0.127366095303391 0.0738417681415153 0.0802989576178721
"ufb202" 0.634992773844042 0.169576344414961 0.368132988142996 0.125759598605167 0.0732844353528243 0.0895009025338837
"ufb203" 0.633542388947321 0.167465606376545 0.325901615796003 0.12126954841681 0.0759900293046001 0.0949780329048925
"ufb204" 0.620676535521369 0.160441962674087 0.278200213157875 0.112239579253959 0.0700768572442158 0.0932319620344096
"ufb205" 0.648063602015113 0.182482120525611 0.473148830341587 0.142426126118489 0.072875234450037 0.0768399908525661
"ufb206" 0.648646739744604 0.165309227313603 0.300849070352434 0.118809953494173 0.0698167064461923 0.0926419087791337
"ufb207" 0.712296341205552 0.220317984186225 0.125879563349164 0.149913241905853 0.0663090935071039 0.181743732280905
"ufb208" 0.691160004478782 0.18329287472804 0.474986025635619 0.14049300480955 0.0826067817778972 0.0935435360178524
"ufb209" 0.719345093123451 0.211429980359205 0.160486660398616 0.142796783769075 0.0760301554078491 0.16812943583081
"ufb210" 0.692478939159243 0.203680923149953 0.140141759929279 0.136136074179523 0.064349284234507 0.163096293222656
"ufb211" 0.753439394415303 0.206092210755366 0.413318410415649 0.156345714921424 0.0878919343788728 0.129640294978338
"ufb212" 0.749014369588404 0.210334725775257 0.275183940789816 0.151298175927569 0.0868276246017725 0.151387657709339
"ufb213" 0.704925715095543 0.218712757847362 0.137438988768326 0.14681117441926 0.0695303148808353 0.180059088430922
"ufb214" 0.671579413031584 0.180234597827678 0.2936280918742 0.126694994188234 0.086638621212636 0.119190499637683
"ufb215" 0.722790794216945 0.222920073511875 0.116092778740357 0.150061936199291 0.069508525679178 0.182778173465164
"ufb216" 0.665260064680412 0.181921260958389 0.231414619932182 0.121403474619452 0.0777798333210733 0.127696260710056
"ufb217" 0.666329314933685 0.189429488948692 0.212203588543246 0.128753314772858 0.0704004332489981 0.140358494652243
"ufb218" 0.698639533554361 0.166756809809764 0.42260598052208 0.116196700500357 0.0774019267544816 0.086457401914253
"ufb219" 0.744920689370682 0.208561112929982 0.275175250262173 0.146860269622922 0.0850430073474669 0.145072463654863
"ufb220" 0.754511278195489 0.162570844024036 0.776397639439981 0.133847382715126 0.0611409994092305 0.0266771841652338
"ufb221" 0.656585204587646 0.179761291423377 0.206948540416895 0.121349541043815 0.0686821760235436 0.125356111080574
"ufb222" 0.717574587674227 0.187548907940073 0.514755538321543 0.142741749332705 0.073020801433184 0.0828714811005501
"ufb223" 0.670379131585191 0.16951895473474 0.364632872214983 0.119452363215519 0.0778424252826014 0.0972454835521596
"ufb224" 0.685636233922211 0.199377452760828 0.173590651894549 0.133996765419374 0.0634805811348703 0.156436110180064
"ufb225" 0.673107712285206 0.193214165822736 0.195816053961312 0.132149327685786 0.0677651267779502 0.144349446501053
"ufb226" 0.746621475445302 0.213966422233667 0.241182860088883 0.146944340077955 0.0828475182849879 0.164251123865459
"ufb227" 0.678836015469679 0.169757301230202 0.429042378407323 0.126855055060021 0.0801957660701456 0.0898781605957204
"ufb228" 0.812202846508904 0.217026723411606 0.574282046918741 0.16977859335323 0.108580728579759 0.141627781861539
"ufb229" 0.655709998521974 0.180308592483993 0.309446736856142 0.128663262861058 0.0720983552200135 0.10893860396783
"ufb230" 0.657867861637084 0.174862951303626 0.205108482784125 0.120030830585595 0.072631091178565 0.120181300723098
"ufb231" 0.700887734766592 0.173297041601345 0.574697705960439 0.132271685689558 0.0803879224299892 0.0824110357930636
"ufb232" 0.728972675643287 0.230832443768688 0.104861526790897 0.156410508315715 0.0671410397773959 0.192381308381826
"ufb233" 0.669607688671813 0.189514031995096 0.331183704559312 0.137601938870207 0.0742545032729744 0.100880806137216
"ufb234" 0.607182277497085 0.153091910816114 0.46293212219944 0.11002708555132 0.0644782471966438 0.0601323016186627
"ufb235" 0.654749830693008 0.169812331876972 0.250961053473936 0.118790737620624 0.0730325395726755 0.111701068645896
"ufb236" 0.655540971310707 0.170023181424292 0.428334501504173 0.129050890759729 0.0733322708704464 0.079122950064442
"ufb237" 0.607474799852295 0.161895112185857 0.261063098589783 0.112377217487648 0.0616832106541487 0.0993676972731558
"ufb238" 0.720513838217639 0.213609010706463 0.0919845642666716 0.143573583852543 0.0738145114134007 0.171459548588012
"ufb239" 0.546041010156279 0.140479999549812 0.295970789352318 0.0916306110235628 0.0607469249021721 0.0802846825928604
"ufb240" 0.66088724514934 0.192509196249868 0.297979634883877 0.135751241299237 0.0787928425265947 0.122201506231257
"ufb241" 0.718153953401463 0.210399652306052 0.152016770439558 0.144974525758429 0.0765120428029025 0.162577688457301
"ufb242" 0.714648395771172 0.209010036810016 0.127282055893846 0.141562122343269 0.0720009862040497 0.164328107848573
"ufb243" 0.674435914841422 0.186150117036446 0.231565096665182 0.129061693535155 0.0860928373480792 0.132251915310984
"ufb244" 0.656351497654276 0.16913679629469 0.261296041738414 0.115173961007889 0.0732937934823145 0.102709722219051
"ufb245" 0.658691893865367 0.181534457711466 0.205222216856214 0.12264643749624 0.0771327070591391 0.127294926391993
"ufb246" 0.580427639411401 0.147085697353498 0.359751866335872 0.103240986847769 0.0552602236841676 0.0648067514773635
"ufb247" 0.653304739485421 0.188061502018536 0.151191648606896 0.129827489398043 0.0580048901667669 0.14668979107186
"ufb248" 0.61422296415416 0.163045553064992 0.301182633501439 0.113261946431052 0.0720288043214063 0.104384806710642
"ufb249" 0.716208699521638 0.174135459659117 0.475444240878097 0.13161252137687 0.0871314629429382 0.0946413955709154
"ufb250" 0.699135668544634 0.174001358555909 0.399049392691629 0.127076705197313 0.0854760368334143 0.102191190217732
"ufb251" 0.629309543722702 0.160749338319148 0.6665910689629 0.127331187140708 0.0537082989260109 0.0259942934942862
"ufb252" 0.669951852215781 0.169636891475445 0.389461101371882 0.126967248274565 0.0806729772668781 0.0897098151315644
"ufb253" 0.643455540430664 0.167217093563972 0.405534157803047 0.123414283094092 0.078207348656503 0.0869506866543584
"ufb254" 0.668644845518507 0.162654517648657 0.627878095923565 0.124379303032473 0.0739726691593348 0.0547719690426326
"ufb255" 0.64819195126693 0.169565706927256 0.428334501504173 0.123372969705926 0.0723870028260162 0.0786153723154944
"ufb256" 0.829527289335465 0.207004372195716 0.723870207837217 0.172001985244375 0.108410207636273 0.104761895719943
"ufb257" 0.827935222672065 0.194115062042913 0.827540572724345 0.166771073717465 0.0815707999640676 0.0647174149554622
"ufb258" 0.66418884296109 0.170017857096955 0.3244226840546 0.12323838991289 0.0774707460945837 0.0978613735277472
"ufb259" 0.701100768841744 0.199108948002288 0.183467229913818 0.134696676206343 0.0716555467902635 0.152329976877586
"ufb260" 0.709610772283154 0.205468626657942 0.162457679949094 0.139918985644923 0.0755997465478884 0.160561749007316
"ufb261" 0.534487706878408 0.162985771003228 0.569559587174205 0.125906611158654 0.0507400961418858 0.0271594433424679
"ufb262" 0.781204890263662 0.16955976675237 0.719288981374491 0.141247462701051 0.0884659816664002 0.0616779120169845
"ufb263" 0.743501597539491 0.199178775213407 0.433549035257665 0.143582111246598 0.101563969731494 0.139557519898965
"ufb264" 0.640179833340794 0.169111024201151 0.219882213475295 0.117430272217317 0.0715088122921551 0.110950671015454
"ufb265" 0.6489278041824 0.171649655564999 0.173631887215633 0.11741673196062 0.0651973858429888 0.119345607518397
"ufb266" 0.696492693889737 0.20852958463547 0.13891591681686 0.140768820417621 0.0655591005900022 0.168630794921995
"ufb267" 0.653169716663816 0.163235730058393 0.358362660757019 0.117397217667831 0.0746251264240316 0.0904154547552752
"ufb268" 0.700627961502517 0.208561365035204 0.355283822474941 0.151506319091209 0.0841460100851841 0.1320815470669
"ufb269" 0.76336717428088 0.179091358602854 0.735414795988318 0.141923571668107 0.0693623574011278 0.0472814169257923
"ufb270" 0.70527159163498 0.211060131172815 0.127585591516983 0.142266058101886 0.0752246398371594 0.168757406981604
"ufb271" 0.666097533816566 0.168288303387794 0.288528045856703 0.119385433256267 0.0740677255365456 0.101772104257299
"ufb272" 0.691301298292323 0.177162716421138 0.428300314996212 0.135661729179703 0.0788223079384614 0.0870192122858387
"ufb273" 0.643670934308794 0.160315814705102 0.410959828543994 0.120381046661282 0.0753850051889563 0.0793781202650521
"ufb274" 0.681001779252992 0.196182707924829 0.172910339817797 0.132386621337441 0.0627417859568194 0.152027509743663
"ufb275" 0.679529516338248 0.172746022032461 0.300341967880023 0.122930279472266 0.0809769731262881 0.106666677497105
"ufb276" 0.673962761180626 0.173845368637207 0.242581439320344 0.123704848524574 0.0806853232412661 0.112396275410233
"ufb277" 0.729860737093175 0.172257489214351 0.778976171344925 0.145538468925141 0.0705185614505002 0.0393502610913895
"ufb278" 0.839650145772595 0.152893451519956 0.823334395619985 0.124549867875831 0.0594613846182648 0.0168770190952994
"ufb279" 0.658802436109056 0.182833372160619 0.462367147297691 0.139421251656106 0.0705120423104758 0.0773295683620051
"ufb280" 0.652827487473157 0.14711022961046 0.583055795669114 0.11359424687834 0.0653672031945518 0.0365884110122287
"ufb281" 0.588929034017315 0.178068779488664 0.557893683948911 0.139148179665282 0.0630751831050848 0.0460946464672744
"ufb282" 0.705474669180545 0.151927740418529 0.595973944191643 0.11261967287854 0.0751149006855971 0.0589948363778122
"ufb283" 0.727543733525042 0.189535378169144 0.421334347642041 0.136723632615616 0.096187166428865 0.12478819276709
"ufb284" 0.763361376568924 0.196081097141702 0.493696680059764 0.148874018335697 0.0847360057241084 0.107944190346176
"ufb285" 0.611092237132665 0.159605290382958 0.654740955781741 0.124585774788868 0.0582087711657518 0.0246665504620276
"ufb286" 0.64940000460649 0.18234250122667 0.240872980437161 0.126286439552865 0.068017269439822 0.116716201120035
"ufb287" 0.655976505139501 0.163796784755678 0.551207225154138 0.121214836133746 0.074553318924005 0.0559834695671565
"ufb288" 0.696386386794375 0.197640294412496 0.115947307124183 0.13456580370287 0.0650655967060488 0.150805002702026
"ufb289" 0.633619757054987 0.152746320752783 0.466008818932208 0.111914357694254 0.0660762051734362 0.0598879465184442
"ufb290" 0.682722143864598 0.19532544344625 0.40154523485907 0.140364197040312 0.0800859550605342 0.107181944163258
"ufb291" 0.681830113397732 0.192499279593611 0.386128691616287 0.142968182691002 0.0773222570081376 0.103416505449591
"ufb292" 0.704804738744438 0.202045762023189 0.116068224144353 0.138277132730982 0.0721376503661483 0.155480064024835
"ufb293" 0.752237295930099 0.18689874413715 0.476219424938851 0.139295691326413 0.0841724303401812 0.108634129443196
"ufb294" 0.701943618973116 0.199077569200476 0.183132452423762 0.134604718290924 0.0683084155650116 0.152326174006113
"ufb295" 0.708987919588212 0.204991969457958 0.114844723168181 0.139865217116654 0.0762687799594211 0.160083464027958
"ufb296" 0.713257585230509 0.21899549472515 0.114320137930001 0.148760035270611 0.0730954773379834 0.180355813528684
"ufb297" 0.705027178283104 0.151961133231749 0.653246626591341 0.116963405963402 0.069436169847827 0.0427008623015052
"ufb298" 0.74953399721238 0.162517459213928 0.619225688211368 0.123090299159454 0.0824220723338983 0.0709333641759163
"ufb299" 0.671129812221315 0.183958419891065 0.298289625256794 0.12676919220114 0.072331683768764 0.112960851377857
"ufb300" 0.651053377046582 0.152255040220189 0.453866981519409 0.109081878009693 0.0740992526247674 0.0705093531840939
"ufb301" 0.655858201617879 0.156988491280047 0.40027715080494 0.112495174366422 0.0783738791117471 0.0835886904504069
"ufb302" 0.584151472650771 0.185363042470207 0.546482450235664 0.146628439954435 0.0594782979970335 0.0531823198375577
"ufb303" 0.65932822075617 0.173714929345494 0.336412438169631 0.119384499204547 0.0777695289862013 0.101770834942457
"ufb304" 0.710831947557419 0.215234757047026 0.114934766462459 0.146089713057263 0.08294445173104 0.173159452165025
"ufb305" 0.883964211975224 0.20327892305987 0.83893581097597 0.175148810017172 0.0850863234332398 0.0753526796405863
"ufb306" 0.489882638607851 0.154031134391453 0.557777670103128 0.115001913989958 0.0488888733522173 0.0175975296055623
"ufb307" 0.648452144668651 0.158812221886456 0.398824748408098 0.112673398097485 0.0727343344297322 0.0854963718246623
"ufb308" 0.71512708718298 0.218789148963352 0.114954193042653 0.149040008995994 0.0809110074343072 0.177754869489738
"ufb309" 0.661371758365662 0.183459245257575 0.298179124756616 0.129140721541966 0.0845290950945027 0.122655271490759
"ufb310" 0.65613231076194 0.180702071601243 0.255497052963645 0.128026406452777 0.0852469450256299 0.123394600829475
"ufb311" 0.750534035887212 0.214472602061293 0.287049955982744 0.150148239993761 0.0849044612734478 0.162313936473564
"ufb312" 0.682550075497414 0.195344334446225 0.29022058309405 0.13299945436855 0.079539441683587 0.130823137281734
"ufb313" 0.586835291774547 0.136849670757254 0.709025479085856 0.110140824685775 0.0506410392796783 -0.00280560620738602
"ufb314" 0.635005940412521 0.181984669817941 0.149949670180088 0.125924286587088 0.0548051120071658 0.13900691786177
