NaN 0.666923 1 NaN NaN
0.3974934 NaN 1 NaN NaN
NaN 1 1 NaN NaN
0.7059082 0.8719209 0.5409472 0.5748428 0.4253061
NaN 1 0.6036722 0.5722683 0.5701736
0.34245 0.4402232 0.3898553 0.6767316 0.5067832
NaN NaN 0.6882538 0.3203346 0.3147973
0.6287706 0.3870776 0.359023 0.5157685 0.3634268
0.4365936 0.3231978 0.4649287 0.3898553 0.698299
0.3218712 0.5936315 0.3640647 0.2823478 0.2135074
0.3672557 0.3764608 0.4204593 0.3022504 0.4936848
0.423616 0.2714435 0.4292713 0.4148044 0.2857132
0.2951066 0.4816988 0.2780791 0.384198 0.2171955
0.2600519 0.1560939 0.2182112 0.4594427 0.5568657
0.2233707 0.2076395 0.305013 0.333549 0.2759088
0.2324149 0.3018818 0.2497944 0.2173628 0.2284825
0.1285386 0.2051966 0.1343342 0.1684751 0.2346574
0.178414 0.1775257 0.1955687 0.1273324 0.1993228
0.2277915 0.1866768 0.1393093 0.2031329 0.1373653
0.1665993
