1.636624 NaN NaN 1 NaN
1 0.1196383 NaN NaN NaN
0.835738 NaN NaN NaN NaN
NaN 1.012915 1.62807 0.8904167 0.8335386
1.260125 0.7046302 0.8851346 NaN 0.6338465
1 NaN 1 1.019382 0.7378936
1.729724 0.7001515 0.5020994 0.4091325 1.119847
0.3657793 0.658039 1 0.7124604 0.5802778
1.412003 1.1747 0.4803795 0.6882772 0.964314
0.5769268 1 0.4853429 0.594533 0.7889335
0.9644741 0.5035351 0.6037275 0.3071599 0.8941306
0.6068698 0.6538442 0.6126712 1.121211 0.6558482
0.7065882 0.516956 0.1166284 0.4052792 0.4891032
0.3287251 0.4856542 0.4245972 0.330675 0.4575188
0.6405828 0.4649571 0.2644276 0.5799439 0.239625
0.353685 0.347951 0.3381714 0.3496059 0.4243133
0.1847969 0.1780159 0.2930598 0.2615963 0.2408699
0.3480989 0.2275089 0.183411 0.2385268 0.1945
0.2105847 0.2158182 0.2547076 0.2489379 0.1507946
0.2215974
