1.501402 NaN NaN 1 1
1 NaN NaN 1 NaN
NaN NaN 1 NaN NaN
0.5335579 1.384135 1 0.9768265 0.7902706
1 NaN 1.010466 NaN NaN
0.718535 NaN 1.175573 0.6338461 1.412275
1 0.543642 0.7348722 0.4505601 0.7474885
0.6040563 0.6337843 1 0.8763305 0.396948
0.7941042 0.6767577 0.6587046 1.274385 0.4688557
0.6832682 0.630156 1.190188 0.7606373 0.4479594
0.6103692 0.9702161 0.4376528 0.7795836 0.3704921
0.6601522 0.2015306 0.800984 0.448444 0.9385524
0.7434207 0.3727741 0.6275916 0.6054748 0.4749397
0.7523178 0.3949973 0.553239 0.5353326 0.4912011
0.4635725 0.5151187 0.3518508 0.4138633 0.2429715
0.5240222 0.3326658 0.6411989 0.2405911 0.6706281
0.3031653 0.3415332 0.2912929 0.321047 0.2414084
0.505799 0.2773006 0.2114401 0.2705721 0.3010127
0.2321621 0.2291869 0.1936477 0.2617518 0.1532308
0.3201307
