NaN NaN NaN 1 NaN
1 NaN 1 NaN NaN
NaN 1 1 NaN 0.0208367
0.4005311 0.4451061 0.4423593 0.582171 NaN
0.3727121 NaN 1 NaN 0.9765901
0.7324776 0.8199743 NaN NaN 0.55896
0.658815 NaN 0.9476167 0.9580025 0.2676955
1 0.8385261 0.9881729 1 1
0.6974089 0.532099 0.612013 0.714447 0.961764
0.9894973 0.9809409 0.7620922 0.6132234 0.5842094
0.3633633 0.422532 0.5760486 0.4857542 0.3953607
0.5929351 0.9217401 0.6951406 0.6625757 0.8855221
0.643403 0.5093911 0.7612899 0.4181194 0.8612529
0.494143 0.3766878 0.8452033 0.4161917 0.3203798
0.5735827 0.5515526 0.4208809 0.7927971 0.584928
0.4108702 0.3355554 0.6545135 0.6597909 0.3246529
0.534836 0.6362004 0.4040581 0.5032956 0.4293797
0.4381576 0.4424995 0.5480688 0.6590309 0.4539991
0.3689203 0.5036976 0.4641603 0.4936176 0.3513203
0.5212227
