0.536096 0.01918842 NaN NaN 0.6388404
1 1 NaN 0.4772136 NaN
NaN NaN 1 0.9989605 NaN
1 0.3279689 0.9642071 1 0.5498164
0.4465894 0.9977805 1 0.4625654 NaN
1 1 1 0.6980137 1
0.8767176 0.4455243 0.8252743 0.6829224 0.9581026
1 0.8867826 0.7245063 0.7655836 0.5272456
0.9066882 0.7587756 0.8289958 0.07246377 0.2058677
0.6029131 0.5618001 0.9104432 0.8951101 0.732462
0.4982538 0.8110904 0.780161 0.5077564 0.3786729
1 0.9080247 0.6122013 0.899219 0.9106226
0.4318561 0.3569426 0.9468446 0.9569316 0.7090312
0.5030142 0.6244562 0.4572076 0.6263499 0.566461
0.5115035 0.4904004 0.6049571 0.3571678 0.5303061
0.4313274 0.7022272 0.7513626 0.5026234 0.4978566
0.4787972 0.3739261 0.4038423 0.4103652 0.4601409
0.6693391 0.3759544 0.7647085 0.3501188 0.4772348
0.3156343 0.330994 0.4417123 0.4443426 0.3825707
0.3564287
