NaN NaN 1 1 NaN
NaN 1 1 NaN NaN
NaN NaN NaN 0.9116449 NaN
NaN 1 0.5379871 NaN 0.9992949
0.7098228 0.9963586 0.6906226 0.07262457 0.9631802
1 0.9806988 0.7311699 0.5002 0.8987148
NaN 0.8076668 0.988769 0.602491 0.6428936
0.8287894 0.7631788 0.6789682 0.6033025 NaN
0.7722084 0.9085873 0.6055052 0.9825376 0.7042338
0.2983152 0.411196 0.4390366 0.8622653 0.7534127
0.3949308 0.4608293 0.569963 0.7274376 0.3139725
0.5571686 0.9747828 0.8560742 0.8335428 0.3651332
0.5840972 0.5772484 0.6246946 0.6719046 0.797455
0.5907278 0.6569682 0.6880538 0.4117133 0.5646345
0.8469795 0.5727531 0.4875492 0.4745658 0.5151119
0.6984341 0.7611927 0.5330119 0.5856236 0.6474291
0.4201028 0.4628907 0.3697192 0.6280257 0.4075672
0.4513555 0.4821836 0.4213631 0.4332281 0.5189474
0.4937121 0.5825428 0.3645386 0.4959487 0.3764955
0.8072589
