1 NaN NaN NaN NaN
0.7194735 NaN 1 0.4024702 NaN
NaN NaN NaN NaN 0.8563654
1 1 0.6081373 NaN 0.5119517
0.5437484 0.8149198 NaN 0.5696382 1
0.8741015 NaN 0.654565 0.6808171 0.4055831
0.6511195 0.5696382 0.6126626 0.6676385 0.2032268
0.3821308 0.4173474 0.4322181 0.2941645 0.3668824
0.5317662 0.3905048 0.4453988 0.4880409 0.4712783
0.2574693 0.5221878 0.5036802 0.4367953 0.4613066
0.4120462 0.3166997 0.24163 0.2732767 0.3422791
0.1243703 0.3322319 0.2378181 0.2044242 0.2538483
0.1745299 0.1514644 0.4002635 0.4907919 0.3444599
0.2057679 0.1787278 0.168525 0.2461898 0.1843421
0.3237148 0.2188526 0.1781301 0.1066366 0.2850848
0.1462659 0.2205042 0.1969683 0.1635733 0.2787963
0.1969547 0.2409657 0.1443977 0.2321955 0.1274544
0.1376026 0.1936822 0.1655794 0.1956235 0.1666462
0.1391791 0.1524874 0.1432738 0.210614 0.1410189
0.1945825
