"quartet" "cluster" "phylo" "mutual" "shared" "clusterNorm"
"mb49" 0.671239975699986 0.204280230912974 0.09404430816535 0.126343136106263 0.0532708223714416 0.162935668287683
"mb50" 0.779929790582254 0.244134242239872 0.470348992077416 0.194904814603246 0.0944340089826763 0.120232568134677
"mb51" 0.815708499894803 0.215649912708153 0.606714129616316 0.162712989457381 0.110047300053165 0.128657871200564
"mb52" 0.727271078152154 0.207823444955564 0.305209273009373 0.137336376013106 0.0932469387781704 0.147699093212528
"mb53" 0.959338726697151 0.227791983599172 0.940399049234027 0.196383515744668 0.0982978647071273 0.102583213481092
"mb54" 0.883564025874661 0.237404795453774 0.782860990632005 0.186877147714364 0.0932071376087396 0.112501551274978
"mb55" 0.902519788618993 0.236109730274466 0.809306500178289 0.192091296585218 0.1235690066473 0.136851291683272
"mb56" 0.819718455914759 0.229469088183995 0.60468324872829 0.169231663817883 0.0967377948122785 0.129062572454886
"mb57" 0.760159941839331 0.209860434216999 0.678659654811323 0.161849553588915 0.0767091896628169 0.0779633619800421
"mb58" 0.848604070515246 0.213684736940028 0.782874187884332 0.172229835897828 0.0846708262845689 0.0852913907711409
"mb59" 0.736326067579613 0.191939930721089 0.60278937884974 0.148460024293993 0.0893671076468132 0.0863715411327768
"mb60" 0.814621750179188 0.226626922486561 0.74668655253172 0.182237446778707 0.089096824688181 0.100346838754665
"mb61" 0.703675841137254 0.196153781036704 0.520814258356307 0.143719697115074 0.0778617435480679 0.0913465986809782
"mb62" 0.754444388802644 0.21226881321702 0.568731255666419 0.16432342898357 0.0985035965138409 0.109575167422533
"mb63" 0.902791750503018 0.222098758784527 0.86887790831486 0.185793888875067 0.0925499773589405 0.0959668673546914
"mb64" 0.672256553567834 0.20393186348133 0.106044573656245 0.127537687678532 0.0535871299694106 0.162218005547276
"mb65" 0.771313736843898 0.209977684592003 0.535364568082031 0.152138548537238 0.102883462548015 0.132768731809557
"mb66" 0.842243000845078 0.216295954919724 0.755826945690067 0.175038376063995 0.109893641505872 0.114254676745422
"mb67" 0.639705727050501 0.188174661062709 0.094344832855008 0.116151389354101 0.0492756333511875 0.146247662722052
"mb68" 0.784040891665483 0.214324478261785 0.698536904097691 0.173217483423711 0.0809624185905912 0.086621246348081
"mb69" 0.661932882881907 0.199829030174022 0.0940137660248253 0.122158463679233 0.0511476539710338 0.158501790255033
"mb70" 0.747416304766093 0.203701979055816 0.497815301382869 0.153300373837494 0.0952905150490648 0.115173815082916
"mb71" 0.793481742472774 0.201439737461757 0.749676006782916 0.159563993895486 0.0776079638506202 0.0719581130626582
"mb72" 0.677998832976743 0.206037427113394 0.263016621692793 0.149537847209237 0.09162365118944 0.118028714893702
"mb73" 0.642246126734709 0.188460620109372 0.11893371316465 0.121303420843394 0.0752317089635003 0.137893342948743
"mb74" 0.638100676153127 0.186946558118109 0.106658075040329 0.116293318345277 0.0670286073809227 0.13943954770118
"mb75" 0.733252922620152 0.190503904446694 0.527939665827315 0.135240713620492 0.0740782164295141 0.0840538503626473
"mb76" 0.673105428510166 0.194414517694352 0.226943236151192 0.136454010232244 0.0827282201997547 0.115720439329303
"mb77" 0.613669642435407 0.167496179284951 0.407172696510029 0.116918808311199 0.0580612834448955 0.0746865203421281
"mb78" 0.671365908661335 0.190342657148376 0.22675326908064 0.130997910899768 0.0883581122613 0.118775231420997
"mb79" 0.69706175037972 0.176900878153378 0.481051532845438 0.120700839581209 0.0764537418113511 0.0850532145187056
"mb80" 0.659889630798418 0.195355012431822 0.0955711488776459 0.121898466920907 0.055316776659016 0.15272415662014
"mb81" 0.761391694725028 0.189155134984668 0.755983590594144 0.15619575975812 0.0743741820627334 0.0576816380138308
"mb82" 0.808255955577092 0.214764567459472 0.59494248111627 0.162272512986751 0.100497726164028 0.127674332566214
"mb83" 0.627098691165425 0.183833861344896 0.0941785550344488 0.112267687170937 0.0519621563232125 0.141072798305581
"mb84" 0.656268065517611 0.182672399651178 0.353633267301167 0.124927305650877 0.0744311620069008 0.110227634983215
"mb85" 0.717549694914627 0.202112460873655 0.328598607643652 0.136149918572199 0.0926628804635281 0.137150794547767
"mb86" 0.720000250441403 0.194792269407764 0.404123591085917 0.134691391824645 0.0924985178040251 0.123591107562259
"mb87" 0.637863070539419 0.1599178614136 0.678700535460644 0.121691715926608 0.0540628015936054 0.0198485258729027
"mb88" 0.865312979329486 0.198036054232008 0.82131459938325 0.162120580285192 0.0783478920934416 0.0680025435768529
"mb89" 0.83748282967033 0.175763684592736 0.845154979689639 0.143639387127133 0.0704546263945515 0.0421188464831648
"mb90" 0.745372169428057 0.200105867969974 0.438452494515117 0.143495152019934 0.0931309296317933 0.121792576056634
"mb91" 0.640998115685491 0.181024123870588 0.296205390352242 0.113566293372384 0.0753190008020282 0.114173345796506
"mb92" 0.762516443550259 0.189092710715749 0.725953078157694 0.151610576028589 0.0703850647028547 0.0576090920344778
"mb93" 0.631595177860647 0.18531706519321 0.0965054660912673 0.113006796130623 0.0492803836262437 0.142990966663446
"mb94" 0.637293384444987 0.18770317833712 0.0986532742294068 0.118091115451958 0.0707245622256412 0.138800700666237
"mb95" 0.717422434367542 0.195215611417723 0.443351766863474 0.138522562810552 0.0811753547259746 0.106056094590493
"mb96" 0.646399359517295 0.186260121572487 0.188931391917934 0.116631363707718 0.0726935631535718 0.13350791353531
"mb97" 0.765458968121879 0.148121913784501 0.804654523321247 0.115284546548813 0.0544687717665073 0.00748965285418099
"mb98" 0.666486374376263 0.184558243466965 0.281667416787576 0.120301577472626 0.077340040384735 0.122518750692963
"mb99" 0.821771339833507 0.208031099273525 0.678293749203613 0.163384323283573 0.1032937866101 0.105124177148258
"mb100" 0.69481359299732 0.193670461601192 0.339750581533309 0.13169318348562 0.0893413276185664 0.122211379152529
"mb101" 0.651478753202221 0.185369310085874 0.166956959806772 0.124899343024551 0.0805467917493252 0.119102622799439
"mb102" 0.824719617811614 0.199716816456083 0.69014849997622 0.156943128756478 0.0962238490359761 0.0957295523456233
"mb103" 0.637839483394834 0.184169942004786 0.0986532742294068 0.117036599995206 0.0683955744549756 0.135035825414581
"mb104" 0.777072192513369 0.190633112206085 0.719293907562126 0.149611847631014 0.0694662098559515 0.0574046818041851
"mb105" 0.635675445392983 0.184055427751109 0.154791707464921 0.119745635379415 0.0757385150545119 0.13119333437252
"mb106" 0.636678495823441 0.179232658612681 0.153596408957359 0.112129324720148 0.0583971725969801 0.133542130971291
"mb107" 0.736388573328531 0.185671402905195 0.576265066680546 0.134274148592206 0.0803425837656237 0.0789294742150796
"mb108" 0.717779974579862 0.185348867348403 0.539944929538879 0.133331417496698 0.0793857064392905 0.0785646608019954
"mb109" 0.627642828397864 0.185675649653914 0.0825586953210707 0.112664579911145 0.0574179178955005 0.141228081022654
"mb110" 0.610357966699389 0.170890465421483 0.10605973594721 0.105901805292515 0.0438071641287144 0.125653710181249
"mb111" 0.64158871095608 0.185857855296178 0.633885156627968 0.145047026704642 0.0678771781124817 0.0518433784270114
"mb112" 0.631339071733045 0.184128361821452 0.0965054660912673 0.113781895145276 0.0516743486153819 0.141740679685454
"mb113" 0.631396408403122 0.176628984612151 0.153663160533433 0.108239904769811 0.0565480589169532 0.129737431104682
"mb114" 0.788988394891633 0.208143776959085 0.559168599404277 0.154676227110877 0.092274749430937 0.120319232104811
"mb115" 0.634322017969249 0.185790530709927 0.308105585183086 0.11708193522186 0.078926717608471 0.11352863027289
"mb116" 0.657107220650573 0.189606313247172 0.238813365810906 0.134021496217735 0.0861643518365991 0.110442542682012
"mb117" 0.738075497770241 0.19918534434112 0.390892363999183 0.136900095063507 0.0927423214549156 0.128274496391063
"mb118" 0.812183143219265 0.198904228445254 0.666303333436339 0.153764651369627 0.0927198177388996 0.0948113782049938
"mb119" 0.653040782152613 0.193503100733496 0.0950648880480372 0.118195637811503 0.0485404937214736 0.151998083172924
"mb120" 0.764214172753972 0.183953121745269 0.725953078157694 0.145884005181714 0.0680765861370397 0.0516361503918698
"mb121" 0.634127957931639 0.186580776361022 0.0826675081196142 0.113330141306419 0.0553494694269429 0.143489207493592
"mb122" 0.740780189056051 0.186289936242227 0.506453145984795 0.130966953311048 0.0862322184712084 0.0959397786224273
"mb123" 0.629038603187358 0.168526265245249 0.200725114504587 0.105220508997415 0.0598260749925769 0.116695496003716
"mb124" 0.768406614735644 0.195814830995848 0.618680832853912 0.151574677577314 0.0880902565435073 0.0913205503680447
"mb125" 0.749399579705794 0.195520726577694 0.714091613845084 0.15718896444107 0.0747362729873835 0.0650793710473859
"mb126" 0.816489567982626 0.182801133163847 0.785436577242499 0.145617043637678 0.0705211022003378 0.0502973739626053
"mb127" 0.829807166835819 0.194368141725762 0.773633838770472 0.157147734667028 0.073969424850022 0.0637399016660241
"mb128" 0.664166905714845 0.19041892481713 0.210771314589481 0.122090841232158 0.0733612701341968 0.137943684431964
"mb129" 0.627925963436437 0.17985726673625 0.106758008617841 0.110400221072026 0.0540655039096761 0.134223971841867
"mb130" 0.70177796642143 0.194672236907157 0.30460958532812 0.128217414968088 0.0857298176339784 0.129104809339239
"mb131" 0.651179118162417 0.186917361314786 0.200140200267408 0.118725041967706 0.0694276441774709 0.136227033021136
"tnt1" 0.6689672933299 0.203597973635705 0.299518697595602 0.148497613561659 0.0851779249605001 0.100189557157879
"tnt2" 0.720310933746903 0.192825887296758 0.428069994010021 0.133517562556933 0.0885599524831532 0.121450846481123
"tnt3" 0.696455418064068 0.187133290741568 0.356451000229807 0.128186287782155 0.0879017073861533 0.120988771460728
"tnt4" 0.629017867057181 0.185330488939419 0.0845790075903759 0.110527793377891 0.0536295994483 0.141583349803893
"tnt5" 0.522128689874576 0.143796792152548 0.269303214535335 0.0949632417001047 0.0501824225496764 0.0678645052154633
"tnt6" 0.509121532942515 0.137254814031834 0.261301326191586 0.0891779172362562 0.0458587500610996 0.0668019937677108
"tnt7" 0.674663197254927 0.190151204324852 0.319744849869751 0.128476967641804 0.0820169059367381 0.124268738647574
"ufb1" 0.67427226248734 0.187110400891393 0.225243395900463 0.125148463121708 0.0648417542575092 0.129070434727423
"ufb2" 0.722738164220945 0.205898754208305 0.442236136059456 0.143641697304634 0.0825113364937363 0.117560888010785
"ufb3" 0.763109225413403 0.194592640572411 0.511261175440975 0.142303024212177 0.0879042046277097 0.115880106037782
"ufb4" 0.612341568866222 0.165521306676434 0.310097152967195 0.106650422611935 0.0609608101637164 0.0975068014759204
"ufb5" 0.680325185508512 0.19401489365398 0.461016337986825 0.144683237290862 0.0784307625194835 0.0893621670248923
"ufb6" 0.6006799653764 0.161780670157005 0.212840211986501 0.103941618164695 0.0626841034153828 0.101913507173042
"ufb7" 0.59960251626105 0.167574192508171 0.1420877795601 0.105399374531952 0.049999923865208 0.120189702682707
"ufb8" 0.733268781185666 0.192818509851761 0.445139781556151 0.140832338164081 0.0887513455464764 0.113968524548225
"ufb9" 0.619940823138902 0.178154489724792 0.189087653923851 0.115332078693054 0.0723256630203207 0.124910095945442
"ufb10" 0.633508134279315 0.180290005552671 0.283716858322092 0.123030096699716 0.0718160998163529 0.107834003438267
"ufb11" 0.816001226147598 0.216524349155678 0.734728089806825 0.168935547134367 0.080527642550792 0.0894886015641113
"ufb12" 0.793296578279513 0.168473077742346 0.797356767395693 0.136247674919287 0.0657077568713674 0.0336461126698791
"ufb13" 0.666164888844582 0.184759257626053 0.39902156516715 0.129576904980673 0.0782111581105805 0.1048472860462
"ufb14" 0.718170266836086 0.191944634994519 0.449966516459339 0.139604048225045 0.0854295669861562 0.10210935226009
"ufb15" 0.640404892750775 0.182700192098903 0.166610723331183 0.118144221417796 0.0618420418736887 0.133460623957566
"ufb16" 0.674207641042965 0.183104372502911 0.273191114259509 0.122812650312655 0.0770877065981857 0.121135079444086
"ufb17" 0.608271386278135 0.175343191210985 0.129948587716018 0.107356260554265 0.0478140138953255 0.131058712702697
"ufb18" 0.630326325923584 0.177725927294574 0.143525319962157 0.110195355189036 0.0526344427872471 0.131956794947257
"ufb19" 0.674374909669027 0.182383887350603 0.296995778435475 0.123053862459161 0.0776510025518042 0.115852900029445
"ufb20" 0.647748551227623 0.185081275234754 0.201633384644975 0.120634170100332 0.0669332772692513 0.134288416615534
"ufb21" 0.707474184015672 0.17497107367398 0.565360147296272 0.124809288818503 0.0652476703510153 0.0674020448095825
"ufb22" 0.675313081847629 0.208101461172737 0.449170788675397 0.154242493832865 0.0876767785319294 0.105277797746028
"ufb23" 0.647503708412799 0.187748760439768 0.167143474544742 0.116785433418685 0.0663945583670682 0.137146980030845
"ufb24" 0.606703984260449 0.172441783504241 0.119490948962192 0.105924397976707 0.0491783544978405 0.128600473175598
"ufb25" 0.590407366618256 0.160576548609776 0.131772039537422 0.0999819642266905 0.0469808178287276 0.113868333338199
"ufb26" 0.728819643882826 0.201840835490652 0.674350916724628 0.161539481525159 0.0744680676231285 0.0724242466646481
"ufb27" 0.71585414320726 0.185512813863402 0.541962719445175 0.137595668953101 0.0800892353940518 0.0948326896523418
"ufb28" 0.637980643473712 0.179829745511989 0.614117410567896 0.134196404592022 0.0594875588422652 0.0468441941180596
"ufb29" 0.629843042488797 0.180033792022672 0.212853738138793 0.115766987920358 0.0706727852911506 0.126911151432125
"ufb30" 0.716818753073603 0.181865459606496 0.564158354299991 0.131038556266941 0.0785675636269984 0.0746246491017938
"ufb31" 0.650124918906235 0.190067885877946 0.152408139629764 0.123117955800542 0.0592374115771251 0.144984414052717
"ufb32" 0.69236251585247 0.185396649397719 0.437180392464216 0.126946758975107 0.0781669509019026 0.105595541663888
"ufb33" 0.663989990231982 0.187089078802321 0.283266656457934 0.124761791543687 0.0812362294629445 0.129012990967964
"ufb34" 0.937198395976347 0.213470033858928 0.916617394768222 0.183330740729745 0.0897402137989553 0.0859390478682039
"ufb35" 0.55339117553698 0.145590911079459 0.365431444406461 0.0946919943242963 0.0539316325691271 0.0617477342846736
"ufb36" 0.548250433165702 0.147234033955313 0.345668117224492 0.0959176792047616 0.054828716842511 0.0635818260744114
"ufb37" 0.721996936108858 0.166129023380023 0.691018898857041 0.127569261307462 0.0597226664095648 0.0309219843410042
"ufb38" 0.712183215526863 0.19302655236523 0.355801472530644 0.136188449461615 0.0889317918998763 0.114020163094001
"ufb39" 0.707883688384388 0.180379906659036 0.583118140447306 0.134284874865084 0.0800522807223516 0.0738800415249724
"ufb40" 0.465180381029591 0.14642673951927 0.590207824149109 0.111581854348012 0.0508991405133749 0.00650883100282771
"ufb41" 0.586708765599158 0.155979232621096 0.379110670537816 0.108120991091346 0.065909263863836 0.0623162309228313
"ufb42" 0.640654901704941 0.178310518789655 0.237417628001741 0.118396851316468 0.0751463413569392 0.122629468807893
"ufb43" 0.64700101100831 0.173458484118416 0.318354475464679 0.112658957251457 0.0748489648378851 0.110813694367342
"ufb44" 0.645834974140873 0.171758390943892 0.295771737505538 0.112472832341976 0.0754032521338258 0.112679851188102
"ufb45" 0.640559840674274 0.172085178844523 0.237193644329003 0.111474676841397 0.0683455657415463 0.116017716018661
"ufb46" 0.610670832061571 0.174013120802926 0.119392548414689 0.106849895334507 0.0492851754378168 0.130731740139816
"ufb47" 0.607794280240187 0.174441954498507 0.120905966161331 0.10548209230107 0.0477469401309153 0.130706127756304
"ufb48" 0.639733502816191 0.186725868932036 0.11766144402702 0.117038765179848 0.0496054897213679 0.14487323985021
"ufb49" 0.744514720698534 0.194181230628045 0.475620599260212 0.139405660536548 0.0763291774570833 0.104808103795313
"ufb50" 0.672980213375946 0.173231784261499 0.404090070150707 0.120769521594294 0.0751718303832582 0.0924316512956166
"ufb51" 0.695425538486394 0.190694700679944 0.30460958532812 0.12588121868605 0.0851863788453047 0.124803433763095
"ufb52" 0.586381773323993 0.154089040679533 0.36561101033839 0.107636363585452 0.0586271116499903 0.0596204006980576
"ufb53" 0.54234145135369 0.138480806472408 0.336996036536266 0.0928441998344759 0.0505411429193628 0.0538389845405894
"ufb54" 0.666156970680719 0.186703157804983 0.27544205479179 0.124364904789711 0.0775662493502965 0.125036129066414
"ufb55" 0.721064877933504 0.192925656733403 0.414546261946675 0.136434648835988 0.088210272517797 0.113909389318616
"ufb56" 0.52935825395349 0.142294880835552 0.165261040115675 0.0873226606095878 0.0441416449600351 0.0888339039884404
"ufb57" 0.55307980717729 0.155553463379704 0.21151194211283 0.0978713117337882 0.0561418943374888 0.0952417384719238
"ufb58" 0.566973635382588 0.162193523065887 0.214658108055507 0.103087830752807 0.0595649162963294 0.0986011721215089
"ufb59" 0.674130049444911 0.158149915775539 0.713974162163916 0.126306859493265 0.0579568954588217 0.0216491136201343
"ufb60" 0.613898949789417 0.175647429890534 0.110206354360626 0.108048713748412 0.0451578164284309 0.13197661364799
"ufb61" 0.720848367508581 0.162408947160979 0.761832435090276 0.134337591255273 0.0625260355502196 0.0265987206928741
"ufb62" 0.569651896756453 0.156931353823073 0.363198753918414 0.106775282435703 0.0543655765369973 0.0629955363206299
"ufb63" 0.640430588935917 0.17928631818865 0.200990235166285 0.117587941476848 0.0720404872602874 0.123682971248541
"ufb64" 0.668605402610831 0.190145490987459 0.485053034923305 0.144657880516882 0.0825421897907083 0.0849903437351002
"ufb65" 0.629900900594402 0.181978031116331 0.176406817062619 0.112942534667016 0.0655068139689095 0.128957855781768
"ufb66" 0.660453157641009 0.175434017895163 0.653941166719886 0.134528861829479 0.0610713316746298 0.0377901843047722
"ufb67" 0.598181958246668 0.14177867572533 0.583410984437611 0.103752060012464 0.0598047065545936 0.0294526399455788
"ufb68" 0.646110206831583 0.186978903025998 0.142432429357878 0.118805307067491 0.0606731223453833 0.140674782745116
"ufb69" 0.618103108391553 0.181576842629804 0.153369050820386 0.112812366813051 0.0628450811337141 0.134964719130428
"ufb70" 0.673309262878821 0.185637506017254 0.307159302312795 0.124354692216239 0.0802045399695901 0.123872576524086
"ufb71" 0.592194527021877 0.176527731231285 0.602054865450359 0.134198159426734 0.0607791601140329 0.0420672100745987
"ufb72" 0.649950851133544 0.174096087346817 0.412380304860677 0.122480037496228 0.070540786137139 0.082140556576323
"ufb73" 0.589752481218554 0.166944067903186 0.201133413736211 0.102021127439325 0.0624618141959233 0.115013718791636
"ufb74" 0.686298429561914 0.192902932090379 0.220367419692127 0.124457373388854 0.0720463779084804 0.135206411063963
"ufb75" 0.665223217509689 0.180959795048268 0.224262053722911 0.116213649055587 0.0624158556854525 0.125405736939353
"ufb76" 0.716359144599707 0.19824364953599 0.674350916724628 0.157489540825909 0.0736209833774079 0.0679266492875009
"ufb77" 0.630599529122028 0.180796076364504 0.169149273893494 0.111644001196435 0.0545326699169137 0.134168760615743
"ufb78" 0.639048224032059 0.177715579525159 0.212868196882449 0.116669609482661 0.0749565359660828 0.119031993206601
"ufb79" 0.622008032128514 0.189196526119065 0.41322036349162 0.140180810510616 0.0724807264561019 0.0839181610055191
"ufb80" 0.622140401977361 0.184748906878087 0.134499977085897 0.113096299558887 0.0622857744799361 0.139376068232912
"ufb81" 0.656986256544503 0.183852252918667 0.62922267862845 0.140784086290841 0.0621719169183705 0.0476136654405915
"ufb82" 0.715075056777267 0.197615399067794 0.281955174776093 0.13380184786709 0.0882077959612106 0.132287595142115
"ufb83" 0.633513592689455 0.17156039973575 0.200643900322885 0.107350393187802 0.0571615830787614 0.117828466132566
"ufb84" 0.610064943516867 0.168272141508989 0.12976393223668 0.103119521417941 0.042330926217774 0.124222663072853
"ufb85" 0.642872521769255 0.180886420929399 0.176214072740782 0.116985138799099 0.0586352648469456 0.132994572390742
"ufb86" 0.526864693676968 0.137046100849187 0.322603050070926 0.0860269526454498 0.0547933780425558 0.0603875629753215
"ufb87" 0.599608186607949 0.169051907086177 0.133109893362417 0.104567498935581 0.0459538504381649 0.123706042688204
"ufb88" 0.749864302514927 0.170385602424804 0.715737386948478 0.132956659370694 0.0623644310190351 0.0358687414411639
"ufb89" 0.730489869132434 0.198925437394275 0.343707284747551 0.136155973571459 0.0937707531598156 0.127991575102686
"ufb90" 0.600084584113722 0.167936470775688 0.141801905081227 0.105496512989985 0.0511859086392089 0.11928633033077
"ufb91" 0.618016882891124 0.179985530915718 0.110206354360626 0.109065966744559 0.0465596300740324 0.136550101381156
"ufb92" 0.642338709677419 0.174442430385771 0.439312543482156 0.126054747256549 0.0743284463342966 0.0827343002844737
"ufb93" 0.62065077793355 0.175380423031877 0.273317835654339 0.114023685401189 0.0745987067874633 0.116471579561838
"ufb94" 0.623353947896346 0.173992665595541 0.249385272543141 0.113264670991299 0.0686987413439522 0.117981487825602
"ufb95" 0.684672364672365 0.187659396286964 0.327741119191923 0.126740557919613 0.0846670985083038 0.115667597136956
"ufb96" 0.58906417774841 0.14767869759012 0.417356832374824 0.106029297495983 0.0529267478901686 0.0525850977137697
"ufb97" 0.536405431412381 0.148451109348213 0.638243851535339 0.108099154770351 0.0490671776023169 0.00943981973153419
"ufb98" 0.607191038064349 0.167831527469637 0.260626104687482 0.107524524645828 0.0700463528806011 0.104664609337581
"ufb99" 0.603759860159975 0.160796560917345 0.201025961845035 0.104059438898829 0.0604008891794776 0.103948182274453
"ufb100" 0.591071066076752 0.169791273861567 0.237088361750395 0.104163218252997 0.065576586066642 0.115979140807145
"ufb101" 0.682652337017135 0.159963077617322 0.728218408748786 0.123612687643327 0.0566902353326138 0.0205420239878324
"ufb102" 0.584084546068054 0.160853719029703 0.166082422896409 0.101359135674979 0.0527384755953713 0.111815582455779
"ufb103" 0.62456509426329 0.176902364273925 0.191381607686275 0.113451924100119 0.0618476208955874 0.127330769286143
"ufb104" 0.613035533689338 0.176006804868166 0.117638331133031 0.109194556856672 0.0447862133453701 0.132836912292094
"ufb105" 0.601041644386456 0.163217447582831 0.249171892600563 0.105973222265355 0.0599276960988518 0.095222531760257
"ufb106" 0.794544849761614 0.14657437112822 0.868995359996028 0.119945463791749 0.058405608969421 0.00819666575767715
"ufb107" 0.532656153880778 0.137555159541317 0.342279454476712 0.0895132984905745 0.0544944466196128 0.0610357571287694
"ufb108" 0.603256806387008 0.164286137242472 0.255585184665876 0.106052219585935 0.0553308703178389 0.0962411610204351
"ufb109" 0.631123947662146 0.18102423202427 0.117601256943206 0.112613245565801 0.0447162274290954 0.138927578730456
"ufb110" 0.625496127350221 0.181537549117698 0.097881569388922 0.111098484517561 0.0480174189912402 0.139014636485366
"ufb111" 0.619934575945947 0.180252648758979 0.100359591217227 0.108769076143088 0.0464410203983897 0.137303072661856
"ufb112" 0.658581896996594 0.177935598616287 0.65412383335177 0.130500255161686 0.0592915008813609 0.0414974469846594
"ufb113" 0.631016712170882 0.165948934278766 0.208420344288115 0.107609454952017 0.0629310669173671 0.111878634533989
"ufb114" 0.681838454154992 0.18506816684924 0.3448128704223 0.125312370994326 0.0813220783924179 0.118755604486357
"ufb115" 0.675114129470407 0.182410548425331 0.443402069146469 0.127921888365548 0.0753434432434817 0.0913133146491345
"ufb116" 0.611443844433535 0.162684708882573 0.375344694502367 0.105983454712656 0.0666310892458311 0.0805595929817241
"ufb117" 0.625977953823899 0.178443276299061 0.248652312837076 0.115589734201599 0.0750735543576586 0.122782813276072
"ufb118" 0.690506408645388 0.188522395219731 0.281766504434787 0.127398410781788 0.081461278625984 0.116607077345619
"ufb119" 0.608418542210404 0.167915981367054 0.132831798606173 0.102645605114964 0.0432442093866675 0.123249206963391
"ufb120" 0.622156294719207 0.170216439962216 0.271349465230304 0.11454150813331 0.0635495091320577 0.096870012825956
"ufb121" 0.592823805026878 0.156205821302697 0.321682937585129 0.0999491030163622 0.0603188027408471 0.0921104322956796
"ufb122" 0.65944362615537 0.192805091066031 0.152539040528598 0.12543861246815 0.0604121519125854 0.148740947878296
"ufb123" 0.522821148285832 0.145279413534451 0.61861264093836 0.109139656513624 0.0471902766183248 0.00669173877194695
"ufb124" 0.672612618890011 0.179917219589595 0.295655866048567 0.120728262865106 0.0757944663051358 0.113185514793581
"ufb125" 0.634682133955831 0.176988625063142 0.269697835051795 0.117254637267618 0.0657563420352601 0.110112721642113
"ufb126" 0.594374367001197 0.155926838520351 0.376304209357975 0.107651386192895 0.0601594023329001 0.0619483570240619
"ufb127" 0.703540433834289 0.185366754976981 0.390640029378232 0.129061744319366 0.0853416946978494 0.105610436527824
"ufb128" 0.623824130156688 0.174976225021964 0.224614893304481 0.109586625235393 0.0709308050978006 0.115974029530252
"ufb129" 0.667655752998168 0.169632287941883 0.504233176255605 0.1205154339191 0.0740888720740435 0.0882590487832309
"ufb130" 0.601241287886396 0.139444996862337 0.538936403318851 0.099142299240953 0.0668463058861285 0.0433003360098855
"ufb131" 0.611811240916199 0.156213295315561 0.678213591704333 0.123398416323948 0.0556999200410372 0.0193984820895252
"ufb132" 0.510501336245901 0.134367600465354 0.198939103437804 0.0828110322594933 0.043121618861451 0.0782101771832729
"ufb133" 0.513880606126062 0.134678756137449 0.201602561325584 0.0828098681179696 0.0448054630447916 0.0807294138213129
"ufb134" 0.594854329646615 0.166073111191336 0.29625789642707 0.108690477443032 0.0635076018480008 0.0922397485071515
"ufb135" 0.63677626833613 0.179811433527294 0.248083180965456 0.118974222377759 0.0741637535024125 0.1176095618638
"ufb136" 0.664842405972316 0.176876957505892 0.283239501753316 0.118729563391799 0.0769380132073295 0.114435255865163
"ufb137" 0.548143230791699 0.150488168201139 0.175852689167305 0.0939683110795625 0.0532522899791229 0.0954475770837254
"ufb138" 0.548975274442175 0.152486221169931 0.172156452048083 0.0946627142834794 0.0508544345016765 0.0950631103313968
"ufb139" 0.556520784880119 0.157041121708904 0.17275630256696 0.0984678329927025 0.0554098865748962 0.0968817658654979
"ufb140" 0.622925845102318 0.176123869401685 0.269497246256303 0.117120833606283 0.060628049727584 0.103366410384044
"ufb141" 0.608227218844404 0.18003845197305 0.281551928844014 0.123145884380965 0.0665896658796641 0.0997576208703116
"ufb142" 0.772805805114029 0.179411899336631 0.804702658496284 0.148690950723018 0.0722713664341825 0.0447001550425279
"ufb143" 0.667668384377238 0.183409098932996 0.389039403287883 0.127414244547424 0.0791802693795778 0.103499220376053
"ufb144" 0.612411613104255 0.162707779615832 0.167080283178337 0.101918241458699 0.0480940842227877 0.112268086585588
"ufb145" 0.639220978297184 0.18105281414101 0.119413681195005 0.113879631624654 0.0495912641395014 0.136347092846268
"ufb146" 0.649303068356999 0.182522533916173 0.190684653351002 0.116220508575789 0.0657229812330071 0.133265463902278
"ufb147" 0.630930656934307 0.139980672002341 0.74668655253172 0.106500366806965 0.0504071520932642 -0.000413376058384074
"ufb148" 0.587050712365908 0.158578790200276 0.131711881388107 0.0982631879779253 0.0463850603000055 0.112658961422134
"ufb149" 0.734341607759329 0.179039986902052 0.7140328880045 0.143548651885132 0.0648649313469926 0.0459263810174404
"ufb150" 0.61630511174624 0.180703040858492 0.295349001083987 0.125261446331599 0.0686802237890443 0.100669549040344
"ufb151" 0.724147212402878 0.190793727322624 0.427943105781869 0.134019590889061 0.0805881790003707 0.111709924650366
"ufb152" 0.608493399670369 0.157657487458498 0.424380307558377 0.113976529126786 0.0603132203219485 0.0638716951349409
"ufb153" 0.702469828795958 0.193906780225599 0.529854347834296 0.145368462992722 0.087082409538911 0.0891645711351448
"ufb154" 0.655253753003646 0.192566817174117 0.0834117364957567 0.119439144445296 0.0447794986199736 0.15025572651869
"ufb155" 0.674308520512345 0.154979956078476 0.749793458464084 0.126497948702226 0.0597292362007826 0.0179651644972118
"ufb156" 0.638938746206311 0.180555265204856 0.224368386405458 0.118064306080415 0.0728545324346259 0.12207433740147
"ufb157" 0.6094470823863 0.163058997347256 0.326161970177837 0.107514634888026 0.0629999661436353 0.0948524688359125
"ufb158" 0.602159944449497 0.166270950759004 0.122768503288158 0.105327300445543 0.0449945829489971 0.119880252791656
"ufb159" 0.641289458310671 0.179166916384885 0.283809516188486 0.119864681290252 0.0715784657850125 0.112395691166232
"ufb160" 0.755608103210843 0.192781845607822 0.495730971374152 0.134885133574287 0.0966423082955304 0.113817917749639
"ufb161" 0.579905369082791 0.154945553805648 0.209194181450169 0.0947354457591608 0.0505677576479045 0.0908039116107675
"ufb162" 0.620656773181947 0.182692706198012 0.142739121792391 0.109953840871331 0.0516666883970674 0.138080674745226
"ufb163" 0.610678029828299 0.163300150882367 0.166990757210842 0.102808363863877 0.0467192585962665 0.111151867725265
"ufb164" 0.620959823477878 0.17571191582023 0.153355275689842 0.108404082588215 0.0525805561020175 0.128773002480976
"ufb165" 0.653851316663291 0.194246609510438 0.106063963821798 0.119688929520943 0.0530419102750749 0.151559220507803
"ufb166" 0.528681255458873 0.146953059039386 0.17764973349245 0.0907062352834744 0.0464089981408766 0.0891402097838482
"ufb167" 0.655053807019976 0.179215949650834 0.293015829351694 0.115973905860524 0.0772301240968471 0.112200803047637
"ufb168" 0.635322848377574 0.181618110663189 0.200843318949895 0.113325185823916 0.0725579945418174 0.126090137087489
"ufb169" 0.640810159842347 0.189086039030019 0.119025982393103 0.117640481225244 0.050489108423983 0.14735482626156
"ufb170" 0.733859149051208 0.201765296026788 0.306725710826659 0.133726973372742 0.0923182653801562 0.136739366675675
"ufb171" 0.729114937925511 0.190315806435544 0.479289438965569 0.13460952124788 0.0728877317508349 0.100563034798214
"ufb172" 0.594650685076555 0.155896845301393 0.342777038780272 0.099271757454091 0.0607875991499516 0.073041884664844
"ufb173" 0.617504863193856 0.172095169761234 0.251384736518897 0.106545637705935 0.0642928295568715 0.109137367883339
"ufb174" 0.715185957844759 0.17679411986016 0.493389649441918 0.132254644462987 0.0773573848531962 0.0855438621315351
"ufb175" 0.518101311942379 0.141783866728136 0.212812432704106 0.0870243700022773 0.0468178226282272 0.0835051062105935
"ufb176" 0.725334984301066 0.181323741317283 0.494415417838083 0.128202843570501 0.084516638718743 0.0904221630942189
"ufb177" 0.615451730931607 0.190348056141317 0.409266812454011 0.136541130739853 0.0795907727564899 0.0852192108584416
"ufb178" 0.590076072640855 0.165848961944524 0.130040883844931 0.103608892716499 0.0478753926491631 0.120316038043069
"ufb179" 0.697616337680075 0.187131051287692 0.392284979438685 0.12808907549298 0.0786222995061583 0.115252439871627
"ufb180" 0.669092894186152 0.171169776526081 0.67863964279139 0.129272977604681 0.0619892318451341 0.0329765054807167
"ufb181" 0.707655558216507 0.194006835206836 0.306542816559892 0.134837745725661 0.0878288763568505 0.122577563087666
"ufb182" 0.689120373953287 0.186556908042935 0.255481125832081 0.122808039873103 0.0690634320267687 0.128463504403017
"ufb183" 0.655383833410105 0.187106426621297 0.270222836748861 0.124413350472289 0.0793180022078873 0.125347191979813
"ufb184" 0.616686549155244 0.176289130194508 0.224880047104179 0.116132717135875 0.0709141458277879 0.120482723786066
"ufb185" 0.597732525513844 0.157458981143875 0.153602834050643 0.101878231865434 0.0507219123439532 0.102880000340277
"ufb186" 0.613864460619351 0.178362768487313 0.123765600028358 0.109044333862511 0.0529733736524373 0.132621966749161
"ufb187" 0.605541575643614 0.173052191306607 0.25125364825857 0.107302252366231 0.0648498297061056 0.105572468977935
"ufb188" 0.64453056429507 0.173438089364743 0.208354706716304 0.11293812672718 0.0608204012853583 0.117352943662645
"ufb189" 0.535712282455165 0.146075091283631 0.16785438585479 0.0909535861767817 0.0437465122517836 0.0907357818967967
"ufb190" 0.564926057613914 0.154723043082059 0.213806618659409 0.0978721812234731 0.0523177984565645 0.0974751639009141
"ufb191" 0.693714285714286 0.170052428894907 0.641581922674168 0.12806018711814 0.0579529501902113 0.0354815458770112
"ufb192" 0.59042518221782 0.162230239615967 0.133340166017142 0.100034560214831 0.0469513548535983 0.115612769878662
"ufb193" 0.612915414815771 0.175934147000015 0.129115913856854 0.108995478559192 0.0525846074638687 0.131692425146374
"ufb194" 0.689158453373768 0.190106836940415 0.318621280750149 0.133201550777948 0.083709392691062 0.110739509190622
"ufb195" 0.539628071729024 0.148382361340715 0.674637975865125 0.112595805642092 0.051881233064932 0.00497400717182644
"ufb196" 0.655658432688917 0.190792353627538 0.0951321662310276 0.117087661552313 0.039509084414998 0.148746650615892
"ufb197" 0.644631152949457 0.185673252316614 0.0940219590052209 0.112136535987609 0.0378475996854846 0.143614670513651
"ufb198" 0.635729509999017 0.186173977297123 0.0939344657419491 0.113514372631541 0.0466462403000262 0.144342081523723
"ufb199" 0.584260877564162 0.161676561486275 0.367702774342787 0.11177928819625 0.0561609876462348 0.0681805464659043
"ufb200" 0.621595482344203 0.176954085470985 0.0946158264283506 0.109547872690229 0.0402178286312731 0.134444285614508
"ufb201" 0.639189233155115 0.187202396855587 0.0847810567565115 0.117433337568174 0.0521924433981651 0.145373094272208
"ufb202" 0.644457071117028 0.190898174918153 0.118961144195609 0.120335494667846 0.0541475624689054 0.149309100320823
"ufb203" 0.628776702466659 0.176399358351335 0.390384843700877 0.126775130045719 0.0729532835628224 0.0851053423232486
"ufb204" 0.62871435204836 0.1815670537209 0.179122721165751 0.113749503855763 0.0712848941731103 0.126035615884102
"ufb205" 0.671061103105742 0.180440337078776 0.294754222176151 0.120401734206891 0.0733200433892899 0.113657489861447
"ufb206" 0.643122970418333 0.191486260365773 0.0832060548615254 0.117406794896382 0.0466089811710246 0.149877578586209
"ufb207" 0.621173656528292 0.181076980305907 0.0730854424012851 0.10990395699487 0.0482766891796182 0.138983134019173
"ufb208" 0.611337657242925 0.176300306265067 0.0951191966002823 0.107045182891224 0.0465179296938516 0.133910215289381
"ufb209" 0.581534032490232 0.158022590272303 0.657863676933227 0.118519515142845 0.0537763605998725 0.0157562343685406
"ufb210" 0.626737490611836 0.167505763575247 0.361167677756312 0.1117598875866 0.0664892913138852 0.0857080827910145
"ufb211" 0.590936199693953 0.166809531879303 0.15397443432987 0.103480672642267 0.0502483553182036 0.121329041596878
"ufb212" 0.639072062858163 0.178048078863835 0.309061204325636 0.121012240585425 0.0824626667452467 0.119374171125609
"ufb213" 0.54336232442965 0.150244867040122 0.189462225207206 0.0928336073402252 0.0497411570911807 0.0951757834170608
"ufb214" 0.624518863710523 0.172990614673336 0.200923466078908 0.11386874528195 0.070600931700484 0.113969824005736
"ufb215" 0.596238253517743 0.160795533865973 0.110478143464932 0.100010924586615 0.0429341587268481 0.115737913772817
"ufb216" 0.669080893603999 0.173970942596214 0.637265248139154 0.129356494554904 0.0582869135886351 0.0368747764120484
"ufb217" 0.694847420568851 0.18815406629518 0.380538235683573 0.129467602136258 0.0831145837045197 0.116365915830186
"ufb218" 0.580788894052984 0.154001788124945 0.35350484306136 0.104823466810029 0.0625497295360309 0.0710748911360855
"ufb219" 0.607389342101182 0.168725262980441 0.132831798606173 0.103546621903274 0.0424592084435504 0.124101241743799
"ufb220" 0.657196401468356 0.194479842974236 0.0951321662310276 0.119428391509099 0.0422317735337586 0.152626064958519
