"quartet" "cluster" "phylo" "mutual" "shared" "clusterNorm"
"mb49" 0.732867353373975 0.197767476256754 0.575040929053373 0.152232281456034 0.0885805644803586 0.09614762292297
"mb50" 0.794689765967609 0.228606531244126 0.614635980752164 0.187087242444284 0.115021217195452 0.130703220211684
"mb51" 0.774450238402781 0.227468569055388 0.466241741572162 0.175009298366506 0.122372627951252 0.153487723231201
"mb52" 0.731344730745657 0.225850154950035 0.332753060648204 0.162902699237446 0.108451699933598 0.168353393466692
"mb53" 0.80327610647346 0.192605521677231 0.704390942493674 0.158837936403733 0.0953157392028908 0.0906862292457393
"mb54" 0.799867681111479 0.214883694150963 0.764482344159647 0.179802918554183 0.0906134305323364 0.0902314595850387
"mb55" 0.8508125 0.24565376795666 0.732268136482184 0.203861511899622 0.0982097049614339 0.126224351538136
"mb56" 0.809216140436426 0.216788656847442 0.75819465629576 0.182236743934033 0.088715192563852 0.0927601719201278
"mb57" 0.823145535892394 0.186043794886324 0.76898024608932 0.156293040535316 0.0972293138458781 0.0832293088850029
"mb58" 0.659645994416592 0.178359961951036 0.464413039548128 0.137970243591887 0.078227678055471 0.0899778398434058
"mb59" 0.812801194597163 0.195659820475965 0.809279427687582 0.166693623116353 0.0816714208907471 0.065802314133204
"mb60" 0.778682668952708 0.203416177323639 0.597011947944174 0.161279253635337 0.0878262693745175 0.103068830701573
"mb61" 0.807572443958447 0.214167640547047 0.64963898140561 0.171772938973402 0.0982436163395047 0.114329190106089
"mb62" 0.764425870745187 0.227962591410028 0.468879211880716 0.177018941190709 0.1190705566129 0.144131152790282
"mb63" 0.87619461337967 0.216883362673866 0.845041239672945 0.185464164722636 0.093171325393094 0.0910540092750137
"mb64" 0.9489289446186 0.212925451043383 0.941817380931363 0.19033089410421 0.0954167933201588 0.0878216872692839
"mb65" 0.710655651992053 0.210718686521069 0.254989189958103 0.162320219628482 0.101252063763719 0.125685737114089
"mb66" 0.583468182718047 0.156346884778503 0.127283474121669 0.103829401229796 0.0637764405900604 0.104935972885191
"mb67" 0.818994558175693 0.233273077061657 0.719209071795415 0.188305420650244 0.0916736560836375 0.108490286566074
"mb68" 0.629519607713175 0.187729740864367 0.114707866953557 0.122318704474589 0.0507914772416036 0.146268114560028
"mb69" 0.772392549453723 0.225688748121201 0.494979485616353 0.178364002650877 0.119126839324762 0.142036409898326
"mb70" 0.839653379549393 0.213679975937064 0.524129274782357 0.178778285847652 0.0863470339889789 0.0884646985626866
"mb71" 0.612447802509259 0.179851185276459 0.114641299314752 0.116318815530247 0.0461304559765403 0.138577537267328
"mb72" 0.821963659547338 0.18156105364292 0.813815069047717 0.151741458808997 0.0728717669453854 0.0506920767005881
"mb73" 0.622173044552746 0.184375850083584 0.114675021282334 0.120200340787062 0.0490836109822676 0.143087796074809
"mb74" 0.64952010902659 0.167379080085807 0.378032789978125 0.121228777837606 0.0776721379346325 0.100995700488878
"mb75" 0.644320297951583 0.150640918555157 0.712421421814058 0.119193492845991 0.0546084508215666 0.0161373507099465
"mb76" 0.629737306318402 0.189300859157305 0.160243174872287 0.121319202684841 0.0469071048657501 0.145263267950629
"mb77" 0.76411382560161 0.157308997347717 0.827452079467513 0.135808396129259 0.0630993297891015 0.0238613791095278
"mb78" 0.599873240376276 0.160267941910042 0.196888671169567 0.11368674502241 0.0662060860576617 0.0874273742231231
"mb79" 0.630470468375966 0.18812862295743 0.126152462063864 0.121250549668171 0.0479138956676594 0.146233171517617
"mb80" 0.719345994113141 0.172707133146637 0.550453118334738 0.130962035803296 0.0887035079953817 0.0938603518727573
"mb81" 0.585461514247706 0.16105573799419 0.103482960377903 0.105204612393879 0.0425379764100542 0.118846003124143
"mb82" 0.575447734799524 0.157258613583127 0.115049493324948 0.104249135777831 0.0488830042185686 0.114612599178098
"mb83" 0.83491641337386 0.23385602103802 0.725974578857718 0.197916495566478 0.0960955770877401 0.110632290014013
"mb84" 0.715228827325157 0.172190997631162 0.552820868535941 0.135606168800013 0.0948101772660446 0.0832990117346939
"mb85" 0.630632580368817 0.176080077110536 0.199001035677097 0.127485256170794 0.0701941326118052 0.0972336840776512
"mb86" 0.665039852028884 0.1991103935864 0.205528278011821 0.127645711758716 0.0656493055700695 0.150256585995897
"mb87" 0.702993938651809 0.167298709781219 0.547626640177587 0.129183809837528 0.0813626706790622 0.0776496270780081
"mb88" 0.633476764199656 0.159122347959566 0.674028132537243 0.130008115123644 0.060833804604366 0.0255863960349119
"mb89" 0.805172163300886 0.211371469082346 0.702119341424353 0.171521064976924 0.0822524256991293 0.0846343991663545
"mb90" 0.68869931389988 0.1680050489345 0.440663261015627 0.121431001370373 0.0798258803997922 0.0960953948086782
"mb91" 0.557374494143574 0.144523848054012 0.10411770251198 0.0966563810420493 0.0532910445010586 0.0957319678686532
"mb92" 0.668160786581839 0.176945676542615 0.395197247970149 0.128298613646182 0.0788392200572319 0.105691893960251
"mb93" 0.635183171438232 0.176569907392116 0.199001035677097 0.129220802413117 0.0748089126035505 0.0977428446408519
"mb94" 0.611182512843966 0.15427435178225 0.366550016404457 0.111605521545341 0.0731469302896598 0.0951110926205987
"mb95" 0.648257740290881 0.184915732650689 0.282522968591877 0.132981726746412 0.0903535583365506 0.124229130845497
"mb96" 0.78226387887527 0.189675888304492 0.646343909792703 0.150938927389526 0.0898894323144495 0.0862660296656407
"mb97" 0.75279221305309 0.2233966034331 0.3633065344094 0.166547553222463 0.115973458929999 0.156035598294064
"mb98" 0.721405931078871 0.215876662773918 0.329288890233278 0.157745683268399 0.103103927644365 0.153350426264916
"mb99" 0.58148820590991 0.154213117746969 0.128689104688541 0.102928877191768 0.0610154174140435 0.100560174339275
"mb100" 0.762067736185383 0.213140195669052 0.537862444949896 0.163959122417743 0.100923251523173 0.112239571941088
"mb101" 0.69056163384391 0.159838994161961 0.6349439112364 0.131086741986937 0.0822173087138947 0.0537506424889079
"mb102" 0.755643461164934 0.223681471632819 0.513448291935104 0.178756420839739 0.109127630357951 0.123465869974253
"mb103" 0.83062410511244 0.176762258836129 0.827338624725247 0.150049109368929 0.0705817236536312 0.04639523764291
"mb104" 0.558553545145805 0.147001263975313 0.198995833833979 0.101842461454762 0.0632465229441357 0.0789873919417941
"mb105" 0.799199339137066 0.217501839490264 0.737899002474962 0.181234100056776 0.0861994799183199 0.0925421263770556
"mb106" 0.703232374650038 0.163062109832994 0.755621522936464 0.136115626700255 0.0640337395312151 0.0305255481460202
"mb107" 0.56291882069614 0.152670483738953 0.103992321185198 0.100472803742019 0.0494360872694364 0.108970219088486
"mb108" 0.699732455237703 0.210678390668389 0.254597518096992 0.146878592050141 0.0797476391623917 0.155397536852752
"mb109" 0.719845360824742 0.206374680074786 0.678275549122862 0.173761523294199 0.0831094895587835 0.0776180194335468
"mb110" 0.656623131578172 0.157281981390085 0.56543102784155 0.124397746790922 0.0757036010974913 0.0508707519968206
"mb111" 0.665000713343082 0.196788483582521 0.228714274913586 0.131053692297416 0.0677981843182989 0.145783049613889
"mb112" 0.71412623443538 0.168478307036082 0.720562750816892 0.139017727181346 0.0638973689135305 0.0364281323804744
"mb113" 0.721876733526028 0.169452002166886 0.627429333399887 0.134172830607141 0.0822823587748868 0.0648261166639577
"tnt1" 0.686772742975077 0.202901208863103 0.228414990407204 0.142072372525132 0.0735105311474948 0.147121428129658
"tnt2" 0.671801807997677 0.197620105817095 0.23116266600752 0.135261514924559 0.0662373648916007 0.144268011438949
"ufb1" 0.69938684896751 0.180217217602042 0.470500863458735 0.136408351035441 0.0741269220026795 0.0923426632149039
"ufb2" 0.602351985876773 0.181224186804714 0.160133906405357 0.118879426343144 0.0543380831019543 0.131225676870622
"ufb3" 0.599813997512629 0.175017945949092 0.160115238255077 0.114055889453735 0.044345240583218 0.126395997520531
"ufb4" 0.606866789807411 0.176738264624932 0.150336653659293 0.113926364959056 0.0410616074781357 0.129683709514584
"ufb5" 0.619128088980375 0.182987197200651 0.159768385574606 0.117612494379159 0.0409998466272024 0.137546481326413
"ufb6" 0.551735273196978 0.148489340368086 0.171343269349654 0.0977387400693456 0.0548601295173351 0.103234021410696
"ufb7" 0.550783339584473 0.149106469955685 0.171334681026198 0.0974920355208926 0.0565778527865098 0.102962143539798
"ufb8" 0.571032601630204 0.151331001310906 0.228129530220553 0.100491282543403 0.0538516187341882 0.0974968289853245
"ufb9" 0.741882857234254 0.170029033027482 0.630823223200133 0.136624152053703 0.0835631254864359 0.0811108521347902
"ufb10" 0.633491159761374 0.186993131569055 0.171076465643869 0.120506089687385 0.0593936795681804 0.141812109538811
"ufb11" 0.622035014583379 0.1819026560576 0.148555600482698 0.114716401346837 0.0528548824232207 0.137494485520619
"ufb12" 0.608171630984472 0.176254197759191 0.13715045192879 0.110612148680242 0.0425345125232211 0.132425952243831
"ufb13" 0.590298609859318 0.16937371817906 0.137174033859409 0.105500818879466 0.0442946609502755 0.125926658942372
"ufb14" 0.640449763606218 0.187179133881577 0.183103105589244 0.11761311027174 0.0509218671135656 0.139319634201188
"ufb15" 0.678122288572449 0.201690595363273 0.227806802144766 0.135030323631245 0.0738368113492553 0.148609157246591
"ufb16" 0.672963213621023 0.201550902795899 0.22794820382129 0.132295848144597 0.0749037263892242 0.150847891357017
"ufb17" 0.67094972682411 0.16312268792087 0.400332074652876 0.114401576850234 0.0731748187370565 0.0965819519954733
"ufb18" 0.679128044929243 0.19559243234087 0.29936708908892 0.143475346969002 0.0885408226278322 0.118423101187668
"ufb19" 0.800300175102143 0.173840234950792 0.82569321653585 0.148975228566799 0.0714899205896847 0.0430104852761888
"ufb20" 0.628827673899902 0.189199709390429 0.23752638880427 0.128139931486678 0.0853114338595846 0.124298629508041
"ufb21" 0.578900414771314 0.170367004548192 0.126156561869403 0.110808808293797 0.0508034996433585 0.124227646844694
"ufb22" 0.693902842035691 0.185800257106289 0.682106319527411 0.148676271669799 0.068447887739613 0.0552661424897638
"ufb23" 0.754032617413778 0.211336618585085 0.471529888927739 0.1642751026505 0.104726335047798 0.126349574004355
"ufb24" 0.766105126165859 0.228921740796523 0.62469834543158 0.186176919157514 0.0876438296892049 0.102911018602459
"ufb25" 0.779414365478386 0.215551574367609 0.518863295314576 0.168566635814677 0.100602012114402 0.115484021455931
"ufb26" 0.673080299660541 0.169800056137175 0.470575609870878 0.130607566444825 0.0680731027586449 0.0808088603160381
"ufb27" 0.618794441671549 0.154055496234162 0.401381952297808 0.112522922537668 0.067563683566082 0.0808990733055733
"ufb28" 0.610121738746885 0.151266720690111 0.336176838905815 0.106190085824612 0.06289592421349 0.0836634691101378
"ufb29" 0.613829269528294 0.180836387321186 0.148652332177094 0.117118454909862 0.0408285197399347 0.135276047445589
"ufb30" 0.568413166222735 0.16412497021512 0.137284132220745 0.10188766655393 0.0478061117249988 0.122212077875547
"ufb31" 0.561407211775663 0.153755043174709 0.159794864336019 0.0978454998722433 0.047328055251398 0.11011246645219
"ufb32" 0.601588345440033 0.176249263999306 0.150336653659293 0.115554966577479 0.04715187466954 0.129187584295269
"ufb33" 0.574464702760705 0.166692010648768 0.137233489467282 0.103040179237183 0.0447566860562542 0.124952634537664
"ufb34" 0.557472524295702 0.158358690084223 0.138899340752406 0.0991059987885335 0.0512255406233523 0.116014510334802
"ufb35" 0.555391756671778 0.14972745417605 0.161614964025616 0.096627812676574 0.0507916172241119 0.10528395486219
"ufb36" 0.644821312094476 0.143994504074083 0.604352788606673 0.111693772962094 0.063753801617576 0.0358664309475139
"ufb37" 0.640044464541412 0.179118180705336 0.293477531698108 0.128067791208423 0.0827918592811382 0.107677473344572
"ufb38" 0.636386888790225 0.177207344889852 0.281748584313403 0.125911815144808 0.0806499005165601 0.111404993803793
"ufb39" 0.621112569986326 0.183973650297081 0.148773074628953 0.1176326175058 0.0445833916512167 0.140541810383084
"ufb40" 0.778899227251222 0.201674745268884 0.749823426092205 0.168608555978141 0.0783418676700526 0.0745215432938553
"ufb41" 0.72266041910712 0.174930485972665 0.619563152145593 0.139462439314515 0.081794305993579 0.0701506448149761
"ufb42" 0.649428116951977 0.183538992933421 0.295244136103916 0.131019415761654 0.08531479340138 0.112570741569394
"ufb43" 0.643433093868304 0.154766435509696 0.423760364598986 0.108217193354541 0.0684625535427481 0.0816945222176854
"ufb44" 0.564970990650266 0.145251254916993 0.263048066298562 0.0958741056647012 0.0630259606857131 0.0885735163756589
"ufb45" 0.57085645748206 0.15304214441408 0.347695635504163 0.108999077601767 0.0590231354860384 0.0720855948595796
"ufb46" 0.532105573423077 0.138853853122806 0.329887806714907 0.0961211015005869 0.05601939956299 0.0643538816399139
"ufb47" 0.559390405025185 0.148676358379761 0.196495709675573 0.0977581420077507 0.0421864140483408 0.105241775204467
"ufb48" 0.541078840746837 0.142580711017719 0.18476619534424 0.0933434651000071 0.0469118394489689 0.0960832145900161
"ufb49" 0.737444057682745 0.216816432671823 0.490350507101273 0.167462071888001 0.0951926318464595 0.11749872527043
"ufb50" 0.646945115636866 0.163030152468235 0.447544275216444 0.122892022168872 0.0757003007867841 0.083228411585969
"ufb51" 0.888048530686205 0.186348481238721 0.848633374619458 0.158370825212435 0.077001448175924 0.0576537215269796
"ufb52" 0.61786196669479 0.181716245633091 0.126103809483742 0.117141442127842 0.0463689538742166 0.139947665714166
"ufb53" 0.760360517011534 0.173441842811161 0.673967522711422 0.141608183048767 0.0895634216153411 0.0690711426135081
"ufb54" 0.567072914217839 0.147300920903596 0.251277187995744 0.0995693387046394 0.0560166039817893 0.0932111058675253
"ufb55" 0.564926624020798 0.146092287534053 0.262693268187326 0.0993100411950922 0.0626951798541193 0.0893788129495165
"ufb56" 0.592874104442776 0.154677005577063 0.411582921922991 0.115145109696827 0.0639095215449196 0.0740099225281529
"ufb57" 0.596423343355007 0.174913365540118 0.148615641486463 0.117272174391846 0.0484003421309581 0.126285253458388
"ufb58" 0.571669477234401 0.149591046874295 0.382814221868042 0.111051470226026 0.0610224394377078 0.068438623362903
"ufb59" 0.542025730088821 0.144703176209798 0.114480449109356 0.0903904864690144 0.0340226346661704 0.101664972175412
"ufb60" 0.752925877763329 0.143934001135902 0.83885316490164 0.122428552401834 0.0584111712911751 0.00836833324155919
"ufb61" 0.668332984410823 0.19616038031343 0.23116266600752 0.134011279797744 0.0713711676773199 0.142749983770737
"ufb62" 0.636918431914176 0.172406313970049 0.384623667226244 0.124461531209343 0.068018212309669 0.0831543304566973
"ufb63" 0.599434280343893 0.17670979147184 0.160115238255077 0.114597176149814 0.0478424853620058 0.128187555304112
"ufb64" 0.606529852616385 0.177610465376946 0.150336653659293 0.114123828299076 0.0441096155768638 0.130626552429827
"ufb65" 0.679796550829216 0.202704009529411 0.251050645835485 0.137512848537772 0.0776737644012714 0.14968995566379
"ufb66" 0.64849585417666 0.15830203561761 0.370429921941725 0.11067839894082 0.0692783927572982 0.0959523325625884
"ufb67" 0.599765014648437 0.145381003948598 0.285932957290153 0.0975166229596738 0.0602761712185686 0.0887177497205534
"ufb68" 0.572359752584882 0.147180678432049 0.240035719568081 0.0980738758496472 0.0568487286743539 0.0970685337316124
"ufb69" 0.588735980773632 0.156914064571462 0.228846638235564 0.104552233479598 0.0513090164563214 0.11210661767137
"ufb70" 0.597531493070716 0.160851019299921 0.217262784875409 0.106045531297353 0.0438776969887703 0.116988795945446
"ufb71" 0.603240448706755 0.173317413814553 0.171605722855023 0.112497206978714 0.0459966452486475 0.131725586553103
"ufb72" 0.610265273443054 0.177835691274128 0.171539863113706 0.115947344457179 0.0512011746774621 0.13661170127815
"ufb73" 0.614302602517747 0.179850393600529 0.125890858673644 0.116703862567422 0.0528112186327278 0.138770082137039
"ufb74" 0.609742975368909 0.179892391277911 0.137266813228328 0.115879190250466 0.0474930902791927 0.138762942326947
"ufb75" 0.594888193880281 0.178287343469065 0.160341461675106 0.115275711759413 0.0497887636808138 0.136335730510627
"ufb76" 0.593759285470681 0.175813778035847 0.160079402185093 0.110216049933695 0.0486384203540703 0.131055503597037
"ufb77" 0.612922919026048 0.177582987912225 0.332087772074981 0.130505198525382 0.0709839786417758 0.0988529074821654
"ufb78" 0.661573417509188 0.165715752015335 0.470575609870878 0.124516456165475 0.0674001356032779 0.0762867494819879
"ufb79" 0.614386910106755 0.131676019537892 0.755578482960788 0.107061438157591 0.0502774537365589 -0.00707534350359429
"ufb80" 0.623157323091211 0.160254295447242 0.36656785857195 0.115716564623979 0.0749553576506039 0.0978987619699701
"ufb81" 0.595730660618988 0.173037106721582 0.114606307660316 0.112662994824864 0.0471142723435264 0.13156570410134
"ufb82" 0.568220008046766 0.148394719381602 0.205226402698215 0.0996487910755587 0.05465845183087 0.0982977250617098
"ufb83" 0.572982959877348 0.150948350042984 0.239703359108149 0.1013152190996 0.0624413860975045 0.0970899047507568
"ufb84" 0.602188560921766 0.151486120763636 0.331863492917916 0.105881494814287 0.065698370598873 0.0951295343569125
"ufb85" 0.551367740758999 0.151672105845114 0.182905680749025 0.0993703464356817 0.0524365301725872 0.105655704863662
"ufb86" 0.622236245127484 0.157871447575706 0.331904103262366 0.110565583722976 0.0656467589859547 0.0953389751162887
"ufb87" 0.631694468832309 0.170397558974737 0.658557410579345 0.136125741920378 0.063322682213196 0.0365326933561542
"ufb88" 0.562647960244382 0.15227733086773 0.31360711068062 0.107437051703458 0.0606915565829955 0.0787617904490824
"ufb89" 0.54516165521096 0.147754024692744 0.16059127460049 0.094392887173466 0.0489222851180799 0.103803752293674
"ufb90" 0.544259661879456 0.148838542357091 0.160624351055553 0.0957367218037613 0.0513820611847923 0.104340348958839
"ufb91" 0.579882505513157 0.167225823902337 0.114642046684053 0.108511845549577 0.0445596821233731 0.121991559326538
"ufb92" 0.59198500084461 0.170945649256507 0.114604605851069 0.110593982543114 0.0439578677638663 0.126822213993989
"ufb93" 0.608379838315196 0.176606982373899 0.115891133394773 0.113700955416416 0.0369918457381797 0.133517158947961
"ufb94" 0.654964221824687 0.166541700103703 0.47623145855139 0.127021415013906 0.0578084307796826 0.0611341615509702
"ufb95" 0.675894001994586 0.167900771276566 0.50674735185935 0.12759964282145 0.0755522272735293 0.07857097632095
"ufb96" 0.562848032104903 0.150687082818 0.173322210171142 0.100508083177286 0.0463018993738415 0.107361227544025
"ufb97" 0.570336616375984 0.161800713469394 0.148873139866207 0.104304218561778 0.047081882692298 0.119770891395709
"ufb98" 0.546269841269841 0.144039531772792 0.217566245068498 0.0947314855028936 0.0476791668634802 0.0897196974249165
"ufb99" 0.691842465260278 0.181937788522182 0.666191789626887 0.148416786613778 0.0675989890803006 0.0523903585047927
"ufb100" 0.728688546337322 0.178747229442736 0.60830299890984 0.139950946911871 0.0801245625879902 0.0741294035609599
"ufb101" 0.586007241084757 0.161201732074168 0.171268808675967 0.104944374709404 0.0420676783095888 0.119143270183516
"ufb102" 0.720020425644067 0.1670607805488 0.579957797957724 0.132853644042703 0.0803949876003709 0.0776499312515997
"ufb103" 0.62801892727223 0.174625817854707 0.484414754881635 0.135058874027914 0.0752658108217711 0.0700695201524213
"ufb104" 0.648977096866525 0.183649179515128 0.296453694942952 0.132746673559048 0.0886532516949757 0.118431546940061
"ufb105" 0.746798562648279 0.185554745210482 0.563254968973493 0.144934165068642 0.0921683909504808 0.0978537410378008
"ufb106" 0.585373662621451 0.161447863770004 0.171221772495633 0.10515223455667 0.0433391494092329 0.119445898697419
"ufb107" 0.54560884950897 0.143746408935977 0.274493742737372 0.095341440310985 0.0554519821824489 0.0838405104584552
"ufb108" 0.606279434850863 0.137912090820181 0.744045928760661 0.112118734543963 0.0513823094392526 0.000157203068920383
"ufb109" 0.696300590219224 0.164968613410484 0.521996214957204 0.125238138696148 0.079146441979299 0.0854121126927791
"ufb110" 0.551126038501505 0.148756616508897 0.171317965358143 0.0966667626949696 0.054674394906533 0.101501401729348
"ufb111" 0.604718221423495 0.145908464307052 0.278254568930461 0.0979938879862277 0.0619904439061645 0.0862769439108342
"ufb112" 0.595994793800642 0.161201847417568 0.205669894323989 0.10576947247878 0.044076718990476 0.117951502417273
"ufb113" 0.56595214974224 0.159322839382056 0.309088085125477 0.110714069370873 0.0638209907370533 0.0863822872950811
"ufb114" 0.622006326253954 0.131117499757896 0.781450646133077 0.108237941355902 0.0509679986889034 -0.00647777516637612
"ufb115" 0.538790298968737 0.159287889761762 0.225488704156296 0.105793065848217 0.0663590467886547 0.096715849909238
"ufb116" 0.49860983770525 0.136218516547138 0.215029522808719 0.0874837552989623 0.05031082277749 0.0787446736643997
"ufb117" 0.569852221630393 0.152861944370658 0.161586076416499 0.100135045219901 0.0406292405961239 0.109998345001392
"ufb118" 0.624400455653703 0.159635320430961 0.336714269196958 0.112986953720722 0.0584050400333035 0.0927253293114233
"ufb119" 0.677210884353742 0.179500656017823 0.46593339467911 0.133687879963175 0.0802634403537475 0.0910137630436744
"ufb120" 0.688571999270498 0.195073316679805 0.346194680597503 0.145403491161063 0.0957024471177384 0.117854185139379
"ufb121" 0.551367318217882 0.140862860942936 0.182886298644721 0.0937690015297767 0.048079393300531 0.0931694388046917
"ufb122" 0.661404231061566 0.157658331771431 0.495116938168423 0.118992061069583 0.0673028333958179 0.0672289624029855
"ufb123" 0.569039784935076 0.139306970393044 0.425573489810745 0.10070320064832 0.0623632618693938 0.0571407751012656
"ufb124" 0.533588493425003 0.136809563228553 0.171386706691443 0.0896455657742597 0.0425546559727571 0.0909313222641845
"ufb125" 0.554974097061015 0.148865942435983 0.17335571146358 0.0977246478930068 0.0471332658239611 0.10437541789146
"ufb126" 0.601957603445266 0.177064100488789 0.150344543108573 0.115997188891585 0.0428439354565323 0.128538348177538
"ufb127" 0.639038248597114 0.190817310447988 0.193727251058433 0.124050807990982 0.0730182173131523 0.139441833687664
"ufb128" 0.538881021326964 0.140603225078041 0.274943257438767 0.0971326841182073 0.0461028940213283 0.0720672722988039
"ufb129" 0.693800792531399 0.198015324376682 0.658382088437081 0.161136307496888 0.0772702838889236 0.0683801417848515
"ufb130" 0.722861743289034 0.203218172375029 0.487159115585999 0.156165662609101 0.0952371232351956 0.101373200421048
"ufb131" 0.549117296653309 0.132854257502291 0.69728451536523 0.104024602000061 0.0486319035402736 -0.00570883235173823
"ufb132" 0.616937170636561 0.175468979100484 0.193389544173609 0.116266149444008 0.0720023952749667 0.123046112780456
"ufb133" 0.56913502299991 0.145431717605182 0.654847431563893 0.117816844619359 0.0496081980148695 0.0101032264399047
"ufb134" 0.567442019332582 0.134883741549932 0.539752655048611 0.104504338478688 0.059765162663435 0.0259032192448191
"ufb135" 0.639771422503335 0.159673881978635 0.389582020251955 0.115651652031053 0.0748295658622328 0.0868024218344319
"ufb136" 0.545873531417988 0.138910106885013 0.182886298644721 0.0927617259422267 0.0496391685642386 0.0911082811876823
"ufb137" 0.556322228978877 0.152928921782123 0.159807943659557 0.0971802811023307 0.0498682426091627 0.108642137395918
"ufb138" 0.551861651916547 0.150929867056368 0.17331886630887 0.0972997318473052 0.0540160765440472 0.105791309700129
"ufb139" 0.730917113142137 0.169206856165455 0.573120768697302 0.13345315428805 0.0830206998104443 0.0802005921061788
"ufb140" 0.564264521607147 0.147531024353376 0.194393523308849 0.0972888212277434 0.0531700186788987 0.0973832218411115
"ufb141" 0.580385374760625 0.154163624454543 0.231357827922357 0.102722808537111 0.0592209044139287 0.100507541413363
"ufb142" 0.573998845463914 0.157038441808161 0.159894302013271 0.100560607023637 0.0407072333402711 0.114815614633829
"ufb143" 0.591436797622365 0.144412953274103 0.735620684280242 0.11873451891599 0.0545648149767341 0.00892313171239289
"ufb144" 0.549558734507917 0.141112863810193 0.219640113741822 0.0937171557640893 0.0476563202971017 0.0905874352642062
"ufb145" 0.613912038947108 0.173245299679772 0.456526586621809 0.13073583629479 0.0642784031459629 0.0687977890095539
"ufb146" 0.633209844633985 0.159202394896636 0.525660692332994 0.123545808483957 0.0595724897250014 0.0525930844561088
"ufb147" 0.568883479030652 0.137428499934584 0.709103977108504 0.107565361364584 0.0482157178352251 -0.000403661848075457
"ufb148" 0.590094719591122 0.168379547899031 0.403535953982844 0.124846052188522 0.057299249162925 0.0630284923971448
"ufb149" 0.552143974960876 0.14706105854115 0.381237739041709 0.107145086832134 0.0564904194542223 0.0552422834437791
"ufb150" 0.60761714923377 0.149104877106614 0.297211866031971 0.104616819811534 0.0593921298326358 0.0859939156500455
"ufb151" 0.617932084147114 0.152611455607441 0.336289945057921 0.10714557450125 0.065960017277052 0.0851302440659859
"ufb152" 0.63364810175371 0.156796898844353 0.424579326206927 0.115370111654114 0.0720130916271432 0.0762634264104027
"ufb153" 0.536769271711168 0.150664953867498 0.63496927328599 0.119546600739535 0.0561078395212123 0.0159444118919979
"ufb154" 0.670507542238242 0.190739703598292 0.356704615947369 0.143385498141049 0.092489746218329 0.113128627828005
"ufb155" 0.700435334663523 0.201244632399665 0.334026144209254 0.147987511130553 0.0930041848011186 0.131934995533365
"ufb156" 0.681232814098425 0.198531005210833 0.249195047307926 0.140276758773236 0.0782645977215573 0.13899322844662
"ufb157" 0.738581895826135 0.220725440757999 0.355356195194619 0.162269667408114 0.113786311188965 0.158522140813853
"ufb158" 0.565133761236102 0.149824944275605 0.184705737324243 0.0976590752359831 0.0361190418958941 0.107050407718271
"ufb159" 0.534237111911752 0.138101425929235 0.1711301972894 0.0877561056543514 0.0376067149055913 0.0930509830245045
"ufb160" 0.543839444827774 0.143558340546381 0.193876192122504 0.0943313926747352 0.0466017690820632 0.0960009486970869
"ufb161" 0.554633104563644 0.150912406984189 0.173318696367816 0.0973001810564852 0.051926519012465 0.106520194661221
"ufb162" 0.675904205034838 0.180729937791943 0.425332974097168 0.130812424694676 0.0793881630990428 0.102518192590711
"ufb163" 0.645806344784595 0.165413777673189 0.412975674828412 0.119507584270451 0.0682800868653233 0.0858393059590144
"ufb164" 0.590764848217692 0.168953042259923 0.0927571373106277 0.108598163247916 0.0430943685643456 0.127276793287082
"ufb165" 0.539066900225808 0.147461777464386 0.148310263980533 0.0928437060407913 0.0414832110618667 0.103965941755912
"ufb166" 0.539976333127557 0.140274010053428 0.182344673031841 0.0925794008977966 0.0450041566088049 0.09364848519084
"ufb167" 0.579946411220273 0.155251243477789 0.367579172774065 0.11537032703838 0.0659661667574471 0.0746389585317735
"ufb168" 0.577563826346026 0.164124666889278 0.138805834721058 0.106261024915001 0.0440272596811846 0.1222566956751
"ufb169" 0.557180764655725 0.147742365169713 0.17136885000061 0.0977422543452281 0.0446654276162282 0.103796551759711
"ufb170" 0.630453754382425 0.159248298125605 0.367393656419274 0.113052017248093 0.0627724552019966 0.0923074922185783
"ufb171" 0.618357135030498 0.137781980489337 0.515343342216003 0.100867996826715 0.0630335704777825 0.045177749440764
"ufb172" 0.610098877225753 0.15435405567027 0.359918566445498 0.11126711524718 0.0665072116196075 0.0916307833882835
"ufb173" 0.577122182618965 0.151167514261294 0.219725592394118 0.100173326965523 0.0484533837407536 0.105165806638137
"ufb174" 0.675203003504663 0.188723144834307 0.314759984116962 0.142909036179559 0.0865001377617112 0.110781151702561
"ufb175" 0.660132004497004 0.193548457480014 0.207744130207213 0.126765188243057 0.0660698308771702 0.142370154182705
"ufb176" 0.570306074065473 0.150810488291348 0.197267170699922 0.101118595048574 0.0589538673913312 0.100856268243094
"ufb177" 0.562014495446943 0.127354746283109 0.597341099309692 0.100926162130757 0.0612099289268458 0.0174257805421032
"ufb178" 0.463499651429141 0.127555536528382 0.670418925208182 0.100219068386859 0.0454840061907583 -0.0131381253470602
"ufb179" 0.498780541284497 0.128945382925683 0.205909099652219 0.0826396739975255 0.0402076264862336 0.0805565585909702
"ufb180" 0.628925934813602 0.160504083450118 0.347908603035363 0.11027140425179 0.064778884296629 0.0877833311973714
"ufb181" 0.572746453207077 0.148422763645518 0.277865951000436 0.100842812538893 0.0664216279601553 0.0888482412466488
"ufb182" 0.609856346557026 0.177137619735718 0.115891133394773 0.114369055441145 0.0402050981431553 0.134085977785195
"ufb183" 0.555042756024713 0.146743619168771 0.28999947582668 0.0988721810708323 0.0585123515526059 0.0833707098484439
"ufb184" 0.612917300049026 0.179670716342277 0.150323334389055 0.115998714766183 0.0430866324555266 0.134063190574287
"ufb185" 0.541195050668381 0.148573925529511 0.137375951651574 0.0924512392017299 0.0420888067457797 0.105489273013066
"ufb186" 0.556213017751479 0.126243037192084 0.587957277271475 0.0957102611355169 0.0570669602338741 0.0155692270099524
"ufb187" 0.638964294720603 0.150374594274911 0.479881344293162 0.111875418420374 0.0753553090936352 0.0769592665245384
"ufb188" 0.579992897120045 0.15465236545536 0.228853849983432 0.0998809828557934 0.0536365013028019 0.107731937384166
"ufb189" 0.557342657342657 0.156131186361303 0.13890858802905 0.100470207968907 0.04434084058792 0.113674170277493
"ufb190" 0.553566552787379 0.151206502621302 0.251888492156449 0.100990566291124 0.0501837168093301 0.0918497771931727
"ufb191" 0.67845904298459 0.181425175327066 0.454086036352007 0.13349730821792 0.0799317646238296 0.0931458324690662
"ufb192" 0.624211579451042 0.1644344711825 0.295572182959759 0.110601745712728 0.0729055596573499 0.0977699356748815
"ufb193" 0.702122468894852 0.166033976838406 0.743973522147475 0.138899384227987 0.0642725660734652 0.0339680367343676
"ufb194" 0.698975672215109 0.200375666349188 0.485477879949095 0.15871779106755 0.0940854538163636 0.0989730592037205
"ufb195" 0.567502874094349 0.160881649053315 0.137191966491489 0.100508307304272 0.0444120000450955 0.117597723186524
"ufb196" 0.601083197498341 0.174843986501639 0.114641299314752 0.114581243710008 0.0467535145093613 0.133318353296611
"ufb197" 0.773955545211218 0.21669762289953 0.571881633830683 0.173086185484466 0.103961128965115 0.117252221199992
"ufb198" 0.776220950692752 0.212671275927689 0.518429082304966 0.166212416876581 0.106441589459973 0.127783226446906
"ufb199" 0.59970406185524 0.174215874194696 0.203131027271831 0.115926752301564 0.0695328313728244 0.112686812308411
"ufb200" 0.598197212936596 0.169309231648016 0.192917010889122 0.112934181720393 0.0668075157936621 0.111065123399044
"ufb201" 0.542659387661677 0.148687145767738 0.274934691049166 0.102631700655469 0.0493787520516966 0.0748420293594205
"ufb202" 0.598643708207838 0.172598142007054 0.093478157970161 0.111400383720337 0.0476115567440563 0.130959241983742
"ufb203" 0.600241779497099 0.15486705473066 0.452764241455489 0.115389876621015 0.0578300288179559 0.0641359547367602
"ufb204" 0.739524972045126 0.215919684837109 0.376679267701275 0.163820397301029 0.112652254531736 0.147879232346575
"ufb205" 0.566725036398406 0.150529474926983 0.184750852124193 0.098469686069198 0.036210990554525 0.107543348677541
"ufb206" 0.581149528789383 0.1510094494041 0.399985500458851 0.111819008395951 0.0607736780838268 0.0699923805387118
"ufb207" 0.568600662097543 0.146534170150071 0.388763920094791 0.10492364080572 0.06112139650746 0.0726734009923322
"ufb208" 0.60650759795616 0.178101579925708 0.150336653659293 0.114293943006821 0.0424999229036929 0.131124946808082
"ufb209" 0.649932252994418 0.157204887668977 0.393531299915731 0.11182547808085 0.068976619969986 0.0902052933281792
"ufb210" 0.532339762322229 0.140634113579674 0.674220711201206 0.108459954310045 0.048866225612972 0.00331418372040688
"ufb211" 0.579314643223895 0.165434779957596 0.16220017829326 0.106012040214052 0.0529653066328693 0.123632514232522
"ufb212" 0.602859234724425 0.175712096351579 0.150336653659293 0.116133148785282 0.0419406906094979 0.128598889308928
"ufb213" 0.540837762086071 0.147701363331881 0.222368448950276 0.0977741891449703 0.0481443736735365 0.0911131422696668
"ufb214" 0.532007436159963 0.141762222124862 0.217426521291219 0.0922367033013829 0.0439005327802311 0.0873358477969183
"ufb215" 0.69426344855315 0.20676354488539 0.254597518096992 0.144901989811016 0.0824395578569724 0.151254044647709
"ufb216" 0.572326001045596 0.151506555368076 0.24285599432991 0.100952890643294 0.0583337118921777 0.0951497527990065
"ufb217" 0.571331428247618 0.150758451349453 0.285950702928129 0.101663771181956 0.0656280149391891 0.0876959087999295
"ufb218" 0.56631977294229 0.145820215891657 0.437625030996167 0.108806242711654 0.061539557976729 0.0540070892351507
"ufb219" 0.537603068126273 0.139937625153475 0.17335571146358 0.0903855216476355 0.0422252824120984 0.0949696108325403
"ufb220" 0.533886401545079 0.139391191247078 0.171430166062474 0.0894918659070157 0.0435290366873755 0.0936370409542655
"ufb221" 0.541792764635367 0.143763621563709 0.196154986589066 0.0933821302798201 0.0460395958496947 0.0973116681991425
"ufb222" 0.55546890232014 0.157393371993216 0.35591190682153 0.111096092077707 0.0626848931827872 0.0843754422779084
"ufb223" 0.592554618616521 0.170003407865686 0.0934707032804738 0.108993761849595 0.0444871945494067 0.128379784966956
"ufb224" 0.49977758535261 0.127887111800196 0.194279639386351 0.0811839445078291 0.0358434588166294 0.0805734398857578
"ufb225" 0.506491164029117 0.132198943626237 0.263570924958481 0.0893476478377391 0.046151465810261 0.0677457746970066
"ufb226" 0.560590826135719 0.159312058147384 0.138854356644696 0.0986369679838287 0.0449245274075025 0.117157868998437
"ufb227" 0.550003576130521 0.146917284516137 0.161548627889453 0.0936631081012639 0.0448126619087573 0.102930693194997
"ufb228" 0.637664539778686 0.159085892524758 0.371292861655543 0.113666667109723 0.0588040712840537 0.0787359427667023
"ufb229" 0.545510707376008 0.148022272821974 0.185845377292141 0.0968430025928118 0.0530807190046849 0.100713718979987
"ufb230" 0.493571431131693 0.126163323824212 0.243418384692546 0.0843068521111208 0.0459775149679333 0.0650272634850412
"ufb231" 0.516642348883878 0.132658035830442 0.243404246372573 0.089607841361456 0.0468208544369818 0.0682467578700507
"ufb232" 0.542885045825822 0.144758221456059 0.186925647515341 0.0930795389624685 0.0450190921699982 0.0992923299987356
"ufb233" 0.54128963011889 0.143334211703004 0.184751786971554 0.093380914466009 0.0475559524341714 0.095778574629843
"ufb234" 0.556275168940237 0.144317226111258 0.251115620929319 0.0971615851269648 0.0541548995939648 0.0874858583405868
"ufb235" 0.622845088690769 0.15462651116243 0.371225844790311 0.112243192281771 0.0658644987544415 0.0813966182816533
"ufb236" 0.665837471658971 0.17211695857029 0.407147070769509 0.126808025382741 0.0768288809117612 0.0930829739545095
"ufb237" 0.669454035390591 0.176843124572871 0.516584712636268 0.136124996000632 0.0687097645900682 0.0731483143703518
"ufb238" 0.666860923519934 0.149576523007642 0.689613667899158 0.121508708368065 0.0729796262480866 0.0424468814156537
"ufb239" 0.59679807895021 0.173697270652241 0.148727797026215 0.109551252077307 0.0414075876953372 0.131056481450619
"ufb240" 0.675987064943697 0.200511866201892 0.23116266600752 0.135458895002002 0.0780727913719622 0.147390600203602
"ufb241" 0.660969444321256 0.192211828893083 0.296886035865719 0.141274934022676 0.0858684177453389 0.114646527139864
"ufb242" 0.540007614246518 0.143792510599516 0.171386706691443 0.0933380506943632 0.0434738246152549 0.0982854106122474
"ufb243" 0.67500631437151 0.168053396712361 0.447534852726342 0.127130181691595 0.0662733025428884 0.078874972125364
"ufb244" 0.57424927709985 0.153217764196364 0.240265597038456 0.0978230453284876 0.0602336015314696 0.0995453043472299
"ufb245" 0.577835708214152 0.155742554547358 0.231453434496398 0.0986302677628046 0.0618565791570588 0.104330399657148
"ufb246" 0.603278715850183 0.147759310050305 0.324747374949907 0.102590315361027 0.0612349822628262 0.0845485477741729
"ufb247" 0.541674613770742 0.14292384204604 0.344325423347076 0.10216770433204 0.0540874145174077 0.0687506273265112
"ufb248" 0.547436239548461 0.140032253305475 0.185570911218891 0.0938784234188136 0.0497694122287865 0.0894432560942447
"ufb249" 0.541303508952459 0.150362291871247 0.159912303645997 0.0951453657338065 0.0430874914460201 0.107007745459809
"ufb250" 0.655320970042796 0.166536914834402 0.38294910934657 0.121546619954447 0.0663011233987127 0.0868989156345599
"ufb251" 0.664489182615782 0.187058874138892 0.32677293576944 0.136416809058548 0.0907443683314067 0.11639657714623
"ufb252" 0.69243646098914 0.205990976010821 0.23107643516209 0.14184137694311 0.0802259296903292 0.150427412559265
"ufb253" 0.528166274839824 0.139509231747292 0.114531595529207 0.0870697289109286 0.0326784010157168 0.0963585536110365
"ufb254" 0.68112419821024 0.191473816946533 0.325009648449937 0.142712513458161 0.0880380567037659 0.11390937415088
"ufb255" 0.542661988454 0.143060376878142 0.184726647030114 0.092768353119244 0.0447417427334763 0.0941853701746256
"ufb256" 0.700711824008761 0.150065424404121 0.66618360994334 0.118959009440429 0.0704441272727737 0.0429973707536643
"ufb257" 0.586519096780756 0.167971525703406 0.137020265086011 0.105572279216722 0.0440596155270452 0.125043465131659
"ufb258" 0.736667194176294 0.176142398582212 0.752755810499318 0.147170779441418 0.0692786177904729 0.0439863671594736
"ufb259" 0.52627146833066 0.148022440590675 0.204037311916487 0.0961727376258974 0.0535431693480264 0.0846309583305443
"ufb260" 0.627692418473614 0.174242328367704 0.301779735928236 0.130667473623979 0.0711601852266309 0.0950248150368343
"ufb261" 0.486064406848932 0.129064808870406 0.182831433838177 0.0812380533161114 0.0405424569504853 0.0759547106277609
"ufb262" 0.643083328841697 0.192897988546043 0.271020243527804 0.132609415309608 0.0876482232398235 0.122642413484859
"ufb263" 0.398926483274226 0.136127639701465 0.569452237753364 0.103151062852681 0.0440222472947582 -0.00191238934564155
"ufb264" 0.56293766141885 0.154574358890959 0.15039314484242 0.0990164999146444 0.0466320222981867 0.111440958626205
"ufb265" 0.551889622945069 0.149403179882996 0.161616192564815 0.0957018493424926 0.0529376021587949 0.104196428842232
"ufb266" 0.529351500870812 0.134131174565325 0.697438903867826 0.109066010362871 0.0477953261673902 -0.0037003848021002
"ufb267" 0.776026776375427 0.204622538261168 0.738076577832169 0.173829514732464 0.0815444830263923 0.0788181748963088
"ufb268" 0.581644956285401 0.163092627628454 0.150522383705241 0.104238506297097 0.0437774356584804 0.121173046597541
"ufb269" 0.570085626625775 0.159193493279884 0.162284749934953 0.102120217838643 0.0514948871062741 0.117033135239886
"ufb270" 0.53955577269994 0.125462139804481 0.47624650070078 0.0969403520238112 0.0631034058147216 0.0314517810795894
"ufb271" 0.546203380062891 0.141403427398142 0.161609648988542 0.0925103787154354 0.0423252190594388 0.0948256385500398
"ufb272" 0.559630824060354 0.144943124392484 0.194393523308849 0.0956611219144864 0.0499966923784957 0.0946430846729218
"ufb273" 0.488107384262211 0.129270147556869 0.194396596441717 0.0811384858462094 0.0428552861279941 0.0761725709782032
"ufb274" 0.685038357690824 0.17086008238131 0.429557475327483 0.128197258261215 0.0675408361053304 0.0817298747182212
"ufb275" 0.531135193728908 0.136515308548433 0.182974275141204 0.0904829897792005 0.0399097056273696 0.0919818551352104
"ufb276" 0.519873288770427 0.131585621947217 0.196551152357406 0.08676538883447 0.0384659124231333 0.0861816778653595
"ufb277" 0.635201735105878 0.176693047946153 0.292003031661165 0.127582731849912 0.0816832327755343 0.110849566269243
"ufb278" 0.57090474066838 0.143884961831877 0.371369987564946 0.105079223128422 0.0633244608409526 0.0698672751187851
"ufb279" 0.494313893609484 0.132261207011829 0.208244487128706 0.0842029777836611 0.0455497487256325 0.0772105722164804
"ufb280" 0.586160682573384 0.171677372002799 0.171717758127828 0.110943421399112 0.0425735260698865 0.125621079461671
"ufb281" 0.581369565851641 0.170225298706539 0.171761092734456 0.111102028226412 0.0420604505413396 0.122813394066702
"ufb282" 0.572697962844997 0.162972117118142 0.289282082007108 0.117147395725611 0.0613517783794006 0.0902587252473097
"ufb283" 0.607773639112061 0.155613245514296 0.331891288216879 0.108905722428739 0.0681385479749631 0.0965436494891782
"ufb284" 0.575039931005171 0.157761643507142 0.171344685787656 0.102932118119238 0.045813735787555 0.115141084386179
"ufb285" 0.58650768045772 0.167727845086045 0.103511628363494 0.106970464675113 0.045891065735896 0.12599018804412
"ufb286" 0.534713552783125 0.138143527650612 0.217441890455354 0.090004333433638 0.0459299919609503 0.0874264350070315
"ufb287" 0.592356899244649 0.163163823616374 0.161989785186499 0.106916702100782 0.0412955282897615 0.121203496018848
"ufb288" 0.598993538397403 0.174067058690935 0.226465352792567 0.116560352701082 0.0760367026747678 0.112526908581888
"ufb289" 0.572343542397711 0.154924682125913 0.318492440959258 0.109891649782785 0.0645168375838234 0.081620626029537
"ufb290" 0.547965031772991 0.145946378551088 0.114425949561758 0.0917325631122484 0.0309135594792823 0.102719413376645
"ufb291" 0.710398706896552 0.188935357650612 0.66641120746861 0.148915575547513 0.0671588203592444 0.0578287698886165
"ufb292" 0.551547845185801 0.140860189395347 0.377356258080074 0.100991516087138 0.0594480068682877 0.0665083817354531
"ufb293" 0.759889445500086 0.180522380768587 0.73142260528446 0.147619551199655 0.0694962155938943 0.0477760843216106
"ufb294" 0.583937500121644 0.15715302910643 0.24327874886255 0.100980897417454 0.0640160124389719 0.107574495589196
"ufb295" 0.589692467444654 0.157416119516112 0.2289131826759 0.104540085956359 0.0554813306207286 0.111738351612499
"ufb296" 0.590695002146627 0.169249189443534 0.266556781994605 0.118094802043879 0.0712731631861526 0.0969679421198818
"ufb297" 0.508270183726573 0.133837819391263 0.251922530350469 0.0908200475115892 0.0440833647613346 0.0762740558700117
"ufb298" 0.547208917440464 0.152553424703168 0.301702858032282 0.107050532244772 0.0569251836196414 0.0850365015032805
"ufb299" 0.498530172804729 0.13632273230337 0.263560450053172 0.0918472667683557 0.049067885689712 0.0674454149074189
"ufb300" 0.662302256086335 0.157215690163747 0.457692843579689 0.115565402552083 0.0722687848384835 0.0843735074733575
"ufb301" 0.547179197363122 0.139107469286002 0.254670620387747 0.0963766216169337 0.0584538271356295 0.0788770176029638
"ufb302" 0.559101986679523 0.142973196152766 0.270113259010946 0.0993613984685921 0.0616645757249684 0.0793202506308228
"ufb303" 0.550171598801422 0.149323092672902 0.159814494414774 0.0939145179426407 0.0476065550721279 0.104099115426299
"ufb304" 0.652203738638312 0.15630200309461 0.440008241400367 0.11206786100816 0.0743114020619393 0.0892189494587148
"ufb305" 0.67344078486335 0.201210141432737 0.432009556299541 0.154204215087902 0.0844098297767017 0.100295550631318
"ufb306" 0.547585121184505 0.14320685306207 0.173296314749106 0.0937931928994844 0.04834953983505 0.0956248483894806
"ufb307" 0.576610341760894 0.154288600853201 0.255005786307934 0.103586874139273 0.061094827312246 0.0951196182691105
"ufb308" 0.482071689831748 0.125582124241774 0.240052495409742 0.0787679033795463 0.0396894116789728 0.0674581635477164
"ufb309" 0.649386968337231 0.159805863082667 0.454298968056902 0.117387643920937 0.0647614199700128 0.069429981941551
"ufb310" 0.536737729300942 0.146848378094628 0.639278759549049 0.113211526707279 0.0492945162833589 0.0105214389751668
"ufb311" 0.563393310737548 0.14262707170812 0.251535555045352 0.0927172035375709 0.0544207218733947 0.0883184417506536
"ufb312" 0.568622960078806 0.145997555603755 0.254455536470226 0.0963671655919938 0.0550749707835572 0.093990425214347
"ufb313" 0.556851429881214 0.144590986089902 0.254670620387747 0.0979878989185694 0.060014834353507 0.0847532775763318
"ufb314" 0.651775174217134 0.18107742521575 0.317110870536603 0.132341553752877 0.0851065107199283 0.109807229383475
"ufb315" 0.486843135074126 0.12749107890752 0.182795566207114 0.0790769237807342 0.039127897701153 0.0761345093719572
"ufb316" 0.564075329874586 0.149249958099451 0.365273753216719 0.111783019330569 0.0590214094093951 0.0680649853297186
"ufb317" 0.567872050513816 0.148816126449569 0.205226402698215 0.0983884081670856 0.0523618063063271 0.0987439220505132
"ufb318" 0.593731283689359 0.138504306220961 0.68939105209307 0.109291818674502 0.0482337663644893 0.0020787978253216
"ufb319" 0.53804783217082 0.14839152494378 0.161719856407501 0.0940805782197312 0.0435673214117646 0.104472364549857
"ufb320" 0.548593184267986 0.144577485963402 0.196551152357406 0.0947862063464805 0.0417970216970564 0.0998528050100895
"ufb321" 0.515929920167936 0.141342456046647 0.194989920591428 0.0912405427215067 0.0491706229775287 0.0811639434969363
