NaN NaN NaN 1 1
1 NaN 1 NaN NaN
1 1 NaN 1 NaN
NaN 0.5187469 0.8510426 1 0.6352879
0.7134812 0.3963115 1 0.6281097 0.3493656
0.2525826 NaN 0.4013389 0.7857469 0.5420927
NaN 0.6238971 0.3490256 0.6062078 0.4544594
0.5160729 0.2848285 0.4335492 0.430134 0.299857
0.6866803 0.3082133 0.3283759 0.4772759 0.4770488
0.2727787 0.4337252 0.1683504 0.1556641 0.5866803
0.3023512 0.3478471 0.2684293 0.2978295 0.4440596
0.3725283 0.2598293 0.3036171 0.1897631 0.4068823
0.3216502 0.3054443 0.3498586 0.2728664 0.2382229
0.3629366 0.3150992 0.1865257 0.3637542 0.4343905
0.2433586 0.2096328 0.2886734 0.187504 0.274157
0.1605155 0.2848204 0.2776621 0.2507452 0.2292478
0.1460216 0.1293954 0.09504246 0.1321819 0.1105428
0.2672039 0.146512 0.2165171 0.1685842 0.1626953
0.1932134 0.1652648 0.1176186 0.3258365 0.1576648
0.1681558
