"quartet" "cluster" "phylo" "mutual" "shared" "clusterNorm"
"mb49" 0.84921535551807 0.266539400661302 0.504149675348277 0.203891313379872 0.133784319070091 0.18522145036765
"mb50" 0.787631466235188 0.214987308362565 0.636601737618814 0.171172132574039 0.0976630019457148 0.11052064970837
"mb51" 0.790231839258114 0.236085394827086 0.753013166287424 0.189037017872787 0.0936173753812701 0.104190653682653
"mb52" 0.753633957182 0.222914655654472 0.433401993653127 0.169329992128792 0.106912428729544 0.136929753144238
"mb53" 0.942246502971724 0.255310018536958 0.903618493388788 0.213684584636477 0.107402337733714 0.128952190187753
"mb54" 0.730457746989244 0.227866636480027 0.0961074988938979 0.157103160557404 0.0869240160805903 0.190156050322876
"mb55" 0.8522110014536 0.269954150924871 0.600080775831454 0.205805010608689 0.13198732465495 0.172802259749999
"mb56" 0.761549122266708 0.213396911015441 0.551657266423598 0.160555275464806 0.0948530793267147 0.10865970317977
"mb57" 0.813414714182582 0.219456130193094 0.755998601576916 0.176904073503551 0.0862184336343937 0.0867770994705686
"mb58" 0.684637174599821 0.211596219168405 0.0839406054907913 0.141710165542486 0.076093900428516 0.174150992777832
"mb59" 0.814700046209465 0.202524294307303 0.681610487363627 0.160470150212024 0.0962191762836264 0.0957934384635701
"mb60" 0.842433491596955 0.204368743299607 0.685764613518064 0.162224135069317 0.123155010192176 0.127719807733912
"mb61" 0.712544802867384 0.223200682894323 0.525551671029854 0.178108048480354 0.0851706285417427 0.0907529089491746
"mb62" 0.773328393697105 0.229120511911756 0.263029860546584 0.169522800537268 0.097020463303614 0.173134753914941
"mb63" 0.731312044211298 0.213097935689332 0.227947490420907 0.156150490473026 0.0989229927426064 0.155967938636927
"mb64" 0.706559498116305 0.222852442111988 0.083994783528229 0.151780577878166 0.0798086361496129 0.185951136967605
"mb65" 0.68339301449221 0.197288235607191 0.286823604343467 0.141174782643121 0.0891542909884343 0.134230809698774
"mb66" 0.818302199101442 0.229369625270896 0.650327567739511 0.178625330141772 0.10365274293771 0.127088271123284
"mb67" 0.727005443203941 0.198110061368964 0.492199827223931 0.149917325644428 0.0844903059668005 0.109199574138817
"mb68" 0.637206633844348 0.194061911732023 0.245223556563188 0.141481926548497 0.0783857353580602 0.103863392595124
"mb69" 0.804072349182281 0.243986407121344 0.722739743790273 0.196970254732432 0.0960081674652818 0.11570720614304
"mb70" 0.914688081936685 0.197915678781281 0.855222748974417 0.163268483818235 0.104475283514446 0.0914596225381602
"mb71" 0.778434980722047 0.230139174121359 0.529817141474638 0.176335385924904 0.107044683733637 0.127959957783375
"mb72" 0.868319358366752 0.208168446705971 0.799913133676513 0.169156650993216 0.0816434557016915 0.0731235417764322
"mb73" 0.708034150072791 0.206592094137916 0.315687698807699 0.149000573587683 0.0980815153378356 0.13821862580316
"mb74" 0.711863256516922 0.22085324464234 0.0840019635675211 0.150801350799206 0.0826157986280045 0.183611393822501
"mb75" 0.605461417808748 0.178058245514101 0.183083641367192 0.128397522049121 0.0733919933451701 0.098290096052241
"mb76" 0.66340442190186 0.185118362293327 0.133287395736925 0.130194448826622 0.0889734147198971 0.137358591447888
"mb77" 0.826883251804303 0.249680578713035 0.432007556917825 0.189095560599285 0.12230618907385 0.177392974228931
"mb78" 0.866865926558497 0.184270472230899 0.865820283066929 0.153795439399974 0.0720327485535943 0.0454481687951397
"mb79" 0.780377747695481 0.232961655286708 0.298905404054346 0.173771035821162 0.106757313842801 0.172722360955272
"mb80" 0.782876097021629 0.204328580658781 0.707223748691353 0.161412174982896 0.0759941449805255 0.0679944522374547
"mb81" 0.891211639769211 0.181460656808225 0.891437093942166 0.151752839414161 0.074504920888697 0.0425721845598168
"mb82" 0.661726809695523 0.184292256676626 0.13489248649635 0.127549343427978 0.0877823871385394 0.134337436771231
"mb83" 0.719652306925181 0.221938384044048 0.0850069709352074 0.152551636964812 0.0743271648520356 0.184396614290129
"mb84" 0.902024351613542 0.219001644613018 0.78171170412444 0.176174122856855 0.114391263611271 0.115093631101791
"mb85" 0.831138837271038 0.212749713158792 0.608152401914059 0.164102128735826 0.113957312823715 0.125358029427023
"mb86" 0.85391156462585 0.260765805662494 0.707162232407228 0.20587960378721 0.0997453641815804 0.134996036379605
"mb87" 0.768404680788031 0.215372930448636 0.694971904309806 0.172088174791241 0.0780845900537497 0.0811669332610014
"mb88" 0.612664473684211 0.16078798186103 0.703518383407617 0.122284500863238 0.0563066665826767 0.0166233308140105
"mb89" 0.586326225215114 0.162298122494992 0.146090403002243 0.11395308120497 0.0709605974050291 0.0898041326369589
"mb90" 0.69560611662464 0.203735775804795 0.191796966327901 0.143751227646655 0.092918928691561 0.155056696559488
"mb91" 0.718977862444985 0.215293292631537 0.108425845903973 0.152243075088904 0.079533330552562 0.174794150301201
"mb92" 0.669291592381068 0.201561144002397 0.0839198178917739 0.133444283839108 0.0713343500768753 0.163382545556772
"mb93" 0.931276195982078 0.210427757304879 0.877909077075779 0.172148054921964 0.0851642739576793 0.0764543772471023
"mb94" 0.884079564925873 0.201086979760483 0.829072707906091 0.161206738791519 0.0789455329059308 0.0651219593961005
"mb95" 0.743938626329884 0.207255414397792 0.69509219519353 0.163023856239898 0.0750294366430768 0.0727437561699082
"mb96" 0.87317289236675 0.198345014232376 0.816863615613669 0.158411412986316 0.0776847929604862 0.0619133455728434
"mb97" 0.652292461826027 0.179845421923605 0.145487734457777 0.122510075666146 0.0849508753931104 0.127015591520442
"mb98" 0.804727482724974 0.197148506299457 0.565186569204299 0.150725293590117 0.109527098971432 0.127976679552575
"mb99" 0.658211046708724 0.195102256067302 0.0840401798584816 0.127871018583186 0.0720726230549588 0.155763591371839
"mb100" 0.73520348084616 0.211576567761081 0.279127525806514 0.155574479507186 0.0972730903482085 0.149648181371877
"mb101" 0.743237852070534 0.202125952089732 0.682703417587313 0.157862375889754 0.0719821481023754 0.0656541346043148
"mb102" 0.661424703364971 0.183373673559195 0.110298671113167 0.12789921783973 0.0808288774494066 0.13728740920331
"mb103" 0.666373537454681 0.198925648511423 0.0742171017518716 0.131876309036318 0.0745874036403185 0.160254443025955
"mb104" 0.662192302183299 0.181648721696735 0.108977078449866 0.126598665072143 0.0764781556554915 0.135483279474705
"mb105" 0.618447171705186 0.165973780069176 0.228591543631372 0.116374728218672 0.069681203367523 0.109244643090335
"mb106" 0.851011684240524 0.257956583815141 0.707162232407228 0.201665308028964 0.0978426330960004 0.132047820512412
"mb107" 0.657671206609867 0.183232013442189 0.0968510128655706 0.125533868243714 0.072844118672182 0.139930807368182
"mb108" 0.700808662797739 0.196517074943007 0.191000640767829 0.140229476959952 0.0726859599070941 0.147386817618902
"mb109" 0.650703237412888 0.180502708108299 0.0980137807946722 0.123575701343988 0.0731916204556044 0.135775936347596
"mb110" 0.833182946086172 0.249141032340973 0.719311175557864 0.197012477807989 0.0972652887210616 0.121393479738788
"mb111" 0.678874240198713 0.20562329804756 0.0733133680128046 0.137336055485727 0.0727376717905436 0.167639727058565
"mb112" 0.622439620911036 0.152769839709913 0.694971904309806 0.115117931289943 0.0513379747008362 0.00774326110363693
"mb113" 0.668653151049096 0.199448054167999 0.0850458293623594 0.131226318841361 0.0680874948705531 0.160806416352879
"tnt1" 0.668627422641673 0.186096380985654 0.400311928799448 0.137659384671269 0.077324245450459 0.0956303662621594
"tnt2" 0.791627118990029 0.231424627441304 0.359912915430024 0.171266632933071 0.103556735006918 0.165203499796565
"tnt3" 0.780157481520612 0.229701593386556 0.30359984253898 0.171826276231567 0.10266172374303 0.169206270357604
"tnt4" 0.715753771782777 0.201592408693179 0.316902902630386 0.150255110532914 0.0859863330845339 0.124680161171015
"tnt5" 0.720330693080376 0.203458797361278 0.311822390434979 0.15038035353482 0.0943846722513024 0.134832161228726
"ufb1" 0.73490813648294 0.185983359398688 0.707162232407228 0.145417069524554 0.0699133970659627 0.0468553591624621
"ufb2" 0.813330195586236 0.201080704861152 0.654093254459024 0.154000249711879 0.0983327437486966 0.0948150984588538
"ufb3" 0.704548989223474 0.198258801867378 0.196669078610278 0.144625715781729 0.085277681848142 0.143693323879364
"ufb4" 0.667312998732195 0.174486166047071 0.662486445367129 0.136125382420256 0.0625282131022755 0.0344142731426071
"ufb5" 0.720727053625226 0.18300865796209 0.536390614159432 0.135954090689607 0.0775825033284095 0.074262246219046
"ufb6" 0.773805291757656 0.230591862069003 0.298438437143659 0.167276097970154 0.101189257106243 0.164315504095069
"ufb7" 0.70857080675218 0.201896729525676 0.409421670205416 0.146474938747448 0.0781852187962266 0.113586182422732
"ufb8" 0.694849333957978 0.199931466610338 0.341220119425181 0.143592945835145 0.0883243611110971 0.12283121038076
"ufb9" 0.696169219810153 0.200160365782934 0.184618090906928 0.14314090185738 0.0889635543951119 0.148744356112359
"ufb10" 0.682088499143232 0.155017417651165 0.740516763917209 0.120629290887796 0.0573359781283426 0.0109434144761145
"ufb11" 0.748267669768363 0.153721792781062 0.816983913897241 0.122997030860121 0.0594882700637675 0.00970066068484491
"ufb12" 0.732823922463696 0.15871800943308 0.709224923769234 0.124538858228476 0.079417462160555 0.0467734091424758
"ufb13" 0.640438586791578 0.185719267691108 0.0972931041974457 0.121302007854226 0.0699649776677296 0.145314062337652
"ufb14" 0.699739534384146 0.200593669350711 0.347688320485291 0.143524621044155 0.0982200000905647 0.123557227655548
"ufb15" 0.926780172775308 0.184229508820049 0.927624729294777 0.156705924498942 0.0756066824896214 0.04581085103933
"ufb16" 0.64991498707095 0.174156824750825 0.386303545732139 0.127256450073341 0.0723830521686765 0.0945854608320287
"ufb17" 0.58776537329543 0.162110608502715 0.242218892416004 0.114470100825753 0.0624255133849654 0.0894907939987673
"ufb18" 0.791801948051948 0.190003682684653 0.787399998651992 0.151393627481415 0.0746625100035698 0.0501229502228057
"ufb19" 0.716706964952229 0.203042056650881 0.316902902630386 0.15363072285164 0.0930081449807934 0.126382917245087
"ufb20" 0.760310968185082 0.163788865897466 0.710653000848078 0.128891419419682 0.0782194323513424 0.0528033533170896
"ufb21" 0.817673431237425 0.181950264068429 0.686497842851465 0.142948319529144 0.0937223934258554 0.0914326300602371
"ufb22" 0.714224781403284 0.197208905731699 0.682865713248294 0.154954642198112 0.0732855105496401 0.0607482295540177
"ufb23" 0.642400243679561 0.190345995712887 0.464069546056013 0.143762199009046 0.0763431669276221 0.0822231312478806
"ufb24" 0.781788850100497 0.190703877315562 0.617009211748317 0.143477432198805 0.0905279404723243 0.0827966759919861
"ufb25" 0.636656786184201 0.175426023009934 0.168679086402624 0.11847065608639 0.075604003332746 0.131784160437621
"ufb26" 0.700812244075988 0.204889203572353 0.62635823717906 0.158810351348666 0.0730364864349591 0.0699760504019278
"ufb27" 0.738322843216128 0.210931084095923 0.493760111641356 0.157221652597043 0.092360771271715 0.106202488025689
"ufb28" 0.649918455325999 0.188710643178503 0.0961416681970314 0.123884895289063 0.0674578513111283 0.149556677714054
"ufb29" 0.634506152860017 0.172087797689515 0.204332908453277 0.119281483503416 0.0679571812639902 0.115718192323432
"ufb30" 0.61501134154245 0.165204208756764 0.196608927237292 0.113487776779805 0.0659056521915053 0.111516134793965
"ufb31" 0.656408843398473 0.177628810090227 0.206045387149253 0.123152425569166 0.0725198574614722 0.129462548893839
"ufb32" 0.61846289725559 0.162512150858762 0.251766423247122 0.112132249035829 0.0755833859594102 0.105438607973877
"ufb33" 0.759091691845265 0.220719932356978 0.262689063742999 0.158948098714084 0.0906174731890495 0.159519235305886
"ufb34" 0.648782024359513 0.181727362442289 0.487537283942809 0.133884417009214 0.0735559714855167 0.0721409460434684
"ufb35" 0.794067989961214 0.194250353580439 0.553095726261389 0.150127207552447 0.107215678532189 0.124828828702161
"ufb36" 0.645418618549149 0.175536567315751 0.248817309442532 0.123749874555586 0.0709692480600128 0.115594130821385
"ufb37" 0.707120104087218 0.17764700694107 0.476524762444463 0.131745838875725 0.0787534458297924 0.0861121772016829
"ufb38" 0.658881501529772 0.181884882887303 0.203198542880515 0.128333755838628 0.0800658220250039 0.126193921367729
"ufb39" 0.686408235718675 0.19427502090454 0.208372533839359 0.138156425651375 0.0828475009565503 0.142462714318672
"ufb40" 0.798568825281124 0.239734853423263 0.352232898308717 0.181481223275446 0.11174796053514 0.174246067269893
"ufb41" 0.650709227575221 0.176575272678352 0.230696691654938 0.124355261933188 0.0777460950473227 0.126109184893259
"ufb42" 0.589116818320501 0.164400673416003 0.278873925077585 0.116217014113364 0.0576508981369415 0.0831613730333285
"ufb43" 0.848282908381115 0.195535952208736 0.707117699684659 0.154951450145663 0.106804281587546 0.106521581746535
"ufb44" 0.621745437997197 0.170333895566462 0.0961315255100474 0.112826796495849 0.0622215563278982 0.126379302851941
"ufb45" 0.655869218837181 0.179740829186327 0.169625341414391 0.123842959716107 0.0745330031237897 0.131695995003208
"ufb46" 0.609189539885468 0.1615665516784 0.263804351034973 0.110879924505763 0.0736752051577786 0.10047588196349
"ufb47" 0.795127126893276 0.185276077242061 0.585122126074669 0.142468155686395 0.0985876597754069 0.106908033742209
"ufb48" 0.718625571780634 0.204288265992291 0.19609489674387 0.146566375193626 0.0799411813855002 0.153125431837092
"ufb49" 0.66130306985996 0.17656058599489 0.376473166186335 0.127139690728242 0.0667448532891309 0.097098835447774
"ufb50" 0.627879541709677 0.167089663510161 0.342008859467977 0.119333734419486 0.066387404550156 0.0952240403556234
"ufb51" 0.620047758601975 0.165032190850853 0.348886313978946 0.116981265993097 0.0722148456753955 0.0993647946129855
"ufb52" 0.591502207218904 0.148037868331584 0.565304987451654 0.110383686199974 0.0647745236668903 0.0339500499680766
"ufb53" 0.712004992534896 0.200196010775753 0.205361694908132 0.147642884082078 0.0707045439267753 0.145746881638794
"ufb54" 0.665524982863242 0.185551634046916 0.191155735146092 0.134939380639323 0.0649407493506329 0.1331772555312
"ufb55" 0.631596165999151 0.177140266428675 0.179312880512838 0.125610129141379 0.0604103769025657 0.126821759601411
"ufb56" 0.755336396912549 0.186857468213894 0.474691251985169 0.140619769858795 0.102970866997246 0.12290483708082
"ufb57" 0.685825231303825 0.171016520979639 0.336387448470918 0.122767340933873 0.0858391336626271 0.114528023577923
"ufb58" 0.556613436190492 0.155515957983457 0.0719310218494469 0.100251033589134 0.0530982671633809 0.106079509165016
"ufb59" 0.614536199095023 0.148988520163342 0.719431473841436 0.117047313752919 0.0542439424482165 0.00416187130548636
"ufb60" 0.741581988443913 0.189228578153191 0.551711844778318 0.143051217857838 0.0858033915208678 0.0813100748190946
"ufb61" 0.703214135862332 0.198184061112818 0.183094396641977 0.145277503784808 0.0845833547877908 0.143661425400255
"ufb62" 0.693063874537058 0.195622875815818 0.175154031942149 0.140353771873322 0.0840488700945013 0.14394802645102
"ufb63" 0.68603997819813 0.209728731990188 0.0600285324088029 0.141597730200189 0.0694889364333283 0.172346279912105
"ufb64" 0.584361566725103 0.155821274078162 0.23017548860077 0.10807103077549 0.0644833994132838 0.0891818834908517
"ufb65" 0.690287312011741 0.192609275412609 0.189879569096625 0.135487983501177 0.0712513833081443 0.140694628796307
"ufb66" 0.714920526934257 0.217246080658516 0.0956963108495699 0.150325655935246 0.0804286862079628 0.178428424049312
"ufb67" 0.607244183847172 0.14647585554792 0.719492990125561 0.113887005225793 0.0534262806338441 0.00145007453407418
"ufb68" 0.75273194771802 0.219151067708691 0.614176837732439 0.170388749020727 0.0787786086566658 0.0866578452817132
"ufb69" 0.717765490504731 0.220977490464742 0.0850069709352074 0.151380713448697 0.0697961211701289 0.18339590537879
"ufb70" 0.718999073722406 0.209855627959475 0.191842748389248 0.152820925676687 0.0917165803955521 0.156126646446726
"ufb71" 0.723260299415252 0.16630348522819 0.524132828158648 0.123017517545264 0.0808804982048108 0.085979289185648
"ufb72" 0.748509239661348 0.183009460296844 0.43788734485603 0.134501709739918 0.0903585228853532 0.118769627940288
"ufb73" 0.8023074158049 0.245688237769861 0.364145447173848 0.18386715041958 0.113235984703578 0.173041378729055
"ufb74" 0.567571488413337 0.157155844179664 0.0728388124775914 0.100917315054763 0.0526938000631987 0.109629517041543
"ufb75" 0.740218580352305 0.210740026160941 0.22973729139232 0.155708435164491 0.0792467002732017 0.157077036557044
"ufb76" 0.706931319608505 0.199216717413197 0.23176630878092 0.145466174198596 0.0930265496455873 0.13636667548002
"ufb77" 0.715477669733207 0.219944420775024 0.0839954626100076 0.15113832140609 0.0654269153195568 0.182312998366056
"ufb78" 0.612137465236393 0.148518286906104 0.731702082417983 0.116352021423143 0.0541708591857682 0.00354570520492205
"ufb79" 0.654046830296642 0.183539488313136 0.233562287263817 0.129209546059336 0.0777458841656249 0.124163800755908
"ufb80" 0.653503086270684 0.178128719850955 0.208576103986668 0.123510592842389 0.0758397780037984 0.129969750879644
"ufb81" 0.725828495937805 0.222321565527367 0.0864268258879629 0.154172983913914 0.0783884742740603 0.18375707767372
"ufb82" 0.715268206039076 0.192255830569753 0.37139370475538 0.139709464263503 0.0963142198730857 0.128659426081652
"ufb83" 0.675926946926541 0.20109134752232 0.0840028062239921 0.1346737651726 0.0503197062667625 0.163300318511202
"ufb84" 0.789193335627437 0.232103799341402 0.371697179638056 0.173061826220431 0.101215594227046 0.15812280502988
"ufb85" 0.663721249208694 0.183006666004979 0.18427963422259 0.12697988310508 0.077153003219886 0.138418700519842
"ufb86" 0.809005374274319 0.183461624398615 0.66228798900433 0.141604272538889 0.0922939295483309 0.0931112232067341
"ufb87" 0.597230907218969 0.165327169862012 0.288212495134158 0.114433259523887 0.0714210157505259 0.0930007542568749
"ufb88" 0.585581700403403 0.165779447980707 0.291057699972096 0.11766666889111 0.0638446575242877 0.0846940236210389
"ufb89" 0.641531010359209 0.147614334979726 0.629512834253313 0.11321586951671 0.0689690022577523 0.0338180013197281
"ufb90" 0.726294542102419 0.180897130494948 0.399024496989206 0.131483017615688 0.0936832290351513 0.121283373922941
"ufb91" 0.748939318117534 0.221731205573589 0.505687599637041 0.169094442099163 0.0957134865629222 0.118436047745499
"ufb92" 0.697548577519062 0.17834912913077 0.666483077397489 0.134332726812083 0.065084292791184 0.0374791791920188
"ufb93" 0.705858891233198 0.204570217806936 0.144593867937833 0.145118874918136 0.0773505635933162 0.158071282398911
"ufb94" 0.742619335562353 0.219667511327847 0.614295692061523 0.171382937705599 0.0789691322091518 0.0872619182443612
"ufb95" 0.784518977065151 0.230003499385124 0.327663259919245 0.169083929036962 0.104500677132449 0.163659926101651
"ufb96" 0.70904055595509 0.218639338272187 0.0850035764027081 0.14974468813263 0.0708568278554449 0.181291666603837
"ufb97" 0.599350283447355 0.15893861837532 0.238937584194907 0.111039801381498 0.0696763330685594 0.0975259761956916
"ufb98" 0.73024012170013 0.182647493732062 0.443779256587631 0.13403802831698 0.0808855096701707 0.0920245857071971
"ufb99" 0.733322406162924 0.184261944824793 0.694953140114806 0.140990585957961 0.0679765626566647 0.0448397282847499
"ufb100" 0.830637722157309 0.180051617604107 0.769791565278283 0.145408462377159 0.0904779060777903 0.0709457589794836
"ufb101" 0.766243758976814 0.198682531616289 0.430806982736009 0.148811697623437 0.101121817497339 0.121408616624251
"ufb102" 0.801789062740155 0.176957214638425 0.721283055083714 0.140469986028811 0.0865361819633243 0.0674396014451606
"ufb103" 0.617580153654663 0.16933440911423 0.377028895241229 0.122348459243612 0.0674173160203033 0.0768118853762299
"ufb104" 0.64785955400982 0.174099653151232 0.251917029815664 0.119915037795595 0.0829000190607417 0.120899712042239
"ufb105" 0.663379245163194 0.188547310731171 0.132894184717581 0.130603481391393 0.076109849115095 0.141062698335089
"ufb106" 0.703560481018628 0.199663728527783 0.193117286595656 0.146714282404462 0.0654184657872567 0.145226274631541
"ufb107" 0.685522874112273 0.18215387006852 0.323940859683024 0.12787907712755 0.0920572715405744 0.122566158027801
"ufb108" 0.859603509912252 0.194323940508123 0.7313890404332 0.155857400646858 0.107568709310782 0.105006198373445
"ufb109" 0.638211646818633 0.178055550984974 0.233380990503347 0.1246271775333 0.0740766001810369 0.11835150342057
"ufb110" 0.695768293315356 0.190747838487066 0.527595582149358 0.142922232558731 0.0756100475356226 0.0830554785768061
"ufb111" 0.671035384000819 0.201914438856618 0.0996420041059853 0.132901029339907 0.0699004649037391 0.163755911330888
"ufb112" 0.716720905005424 0.17655523040899 0.698674080719741 0.136450523987632 0.0645340721501717 0.036834413101076
"ufb113" 0.669613621480026 0.205076509095463 0.456424940880612 0.149440117834642 0.0824213520147218 0.098920787747802
"ufb114" 0.627305253560624 0.182637634697691 0.332698683238385 0.132468293998633 0.0734420887706192 0.0917963296687397
"ufb115" 0.691001644112811 0.156673224262155 0.607544621120657 0.11840770634327 0.0676721489893054 0.0441369558633072
"ufb116" 0.814567586139197 0.158112391602466 0.865820283066929 0.131408948527676 0.0626209794402625 0.0152622223250143
"ufb117" 0.677450903685158 0.200472163196619 0.0840028062239921 0.134087775438627 0.0537555836814807 0.162651844713239
"ufb118" 0.60051940188366 0.165693509207579 0.242615829530389 0.113667361441532 0.0755199163659325 0.0998443298889218
"ufb119" 0.796421872745636 0.205271732336313 0.743851025568619 0.163206758262884 0.0792361890689245 0.0704234860467355
"ufb120" 0.775881281765553 0.21219558258141 0.542087836778107 0.158042713016003 0.0846723853895253 0.107634816149943
"ufb121" 0.596059380682281 0.167774108505407 0.448927821033948 0.1213899172476 0.0643262337531323 0.056285330524307
"ufb122" 0.679694903501676 0.172654204785269 0.311459627342318 0.119954751288871 0.0809314558884853 0.11249828984355
"ufb123" 0.662706056101746 0.185224911458745 0.245491986365622 0.12947378769205 0.0745344532733095 0.121133558304296
"ufb124" 0.627981882234524 0.155562725899838 0.69134256421654 0.119045205645522 0.0530693171520076 0.0105004504313434
"ufb125" 0.641042680897161 0.184142092900992 0.109534528919957 0.120634095209245 0.0683490442288265 0.143648697146051
"ufb126" 0.623768716641581 0.177809625320545 0.0961340100902021 0.115516083863968 0.0660341900690259 0.13625052122538
"ufb127" 0.769355034284217 0.22176137925561 0.291263463418268 0.162132414984167 0.0935452102933307 0.160631595963162
"ufb128" 0.661229608511651 0.194950862748792 0.0984740110650384 0.130203947341763 0.0714474222200745 0.156461277897769
"ufb129" 0.647120287642053 0.187317588472354 0.0973136955871599 0.123471449899398 0.0678825273399383 0.148091978886593
"ufb130" 0.64274705529055 0.180468787465896 0.0961850736414257 0.119768750081114 0.0655322182924767 0.139021650149068
"ufb131" 0.636244062842528 0.177371733299708 0.0984875775010964 0.117936222875984 0.0641029312814069 0.134859297518609
"ufb132" 0.625241061302969 0.170948537013625 0.109547859450547 0.115087345124038 0.0630576736504694 0.127008730834672
"ufb133" 0.569193555853896 0.157516988806746 0.120773898105592 0.102964522290008 0.0598656373221919 0.106022498383498
"ufb134" 0.561421467964965 0.149996165603317 0.109957489068653 0.0991728982691815 0.0561742059214536 0.100274240260203
"ufb135" 0.680839408760706 0.2041441919917 0.0597599155060916 0.138153899477541 0.0619635067545834 0.166502284188075
"ufb136" 0.670186015497023 0.197096816209931 0.048747560304462 0.13260175107378 0.0547670860715898 0.159168986260366
"ufb137" 0.578411440091575 0.13915042794186 0.475262624513795 0.100877803632589 0.0643388992255312 0.0432734409939368
"ufb138" 0.630760280979819 0.17845692596543 0.0961327880284082 0.116838112825479 0.0625418919152633 0.137691357905195
"ufb139" 0.74496644295302 0.212383733488948 0.650423900249592 0.165851816917364 0.0755436628506936 0.0787422404030299
"ufb140" 0.691205138829881 0.194062140083709 0.168964396787167 0.13762648414175 0.0726993147205415 0.146932442587665
"ufb141" 0.696602270713221 0.198404701365576 0.178816837717324 0.143778807327421 0.0619151007356772 0.143881610674477
"ufb142" 0.61907186781884 0.161441515719598 0.230595836861809 0.113525222818609 0.0722582854857114 0.10742149359743
"ufb143" 0.551514617823177 0.166560364303903 0.634110634232236 0.127142186177187 0.0583498049305932 0.023894410581858
"ufb144" 0.66225366754644 0.194614105041315 0.109522718570627 0.130462120498568 0.0688086434404534 0.156104123266283
"ufb145" 0.655768988598607 0.179989394873062 0.263903507072364 0.128294044482854 0.0686175019132562 0.115569661093766
"ufb146" 0.586965873243476 0.163974041547816 0.297309100260665 0.11549889403873 0.0630965132091128 0.0828390423293857
"ufb147" 0.715292992426349 0.202304509084968 0.283678708561472 0.1493995283625 0.0945467054646289 0.133666143049232
"ufb148" 0.691800561859774 0.199600774235007 0.155306418462821 0.138936628600382 0.0816360810996769 0.157239488100945
"ufb149" 0.691103561270737 0.162782854071591 0.474333677369389 0.116432411095675 0.0818514311455013 0.0905419614130073
"ufb150" 0.616388240360859 0.159700849785188 0.206275761433193 0.110927307193866 0.0635806568375281 0.108209046454204
"ufb151" 0.645791078150371 0.186328188551822 0.0996548098498642 0.123817051375928 0.0712224231450439 0.146564019370308
"ufb152" 0.72642730521399 0.19754627469419 0.475342518787746 0.147419373947781 0.0822517097169578 0.108561104086742
"ufb153" 0.736311486493515 0.2104906749916 0.205474915048895 0.153763444915703 0.0859473419548193 0.15675112427065
"ufb154" 0.669532375696576 0.191789170053468 0.0718728285387761 0.128269492240191 0.0460012919480925 0.153562832729764
"ufb155" 0.674009903588405 0.195861550801365 0.0849902310600993 0.131045739520085 0.0489547346798825 0.157875255276291
"ufb156" 0.654775667240883 0.185540856275234 0.181198606026654 0.133158571065924 0.0608486935390194 0.133206743563531
"ufb157" 0.595092893286006 0.153966760467732 0.334742783104622 0.110898198067678 0.065093341011301 0.0721588453064435
"ufb158" 0.686111470136286 0.181101390844824 0.348079420909276 0.126927822412159 0.0897460528666325 0.11654456062642
"ufb159" 0.622981348386534 0.17237869076445 0.38043914898159 0.11840041401321 0.0687198816834784 0.0799877033770722
"ufb160" 0.621355174593246 0.163887714737727 0.37291894500442 0.116245688579178 0.0684252920953763 0.0917458192958145
"ufb161" 0.733061720730509 0.206415254305039 0.215109786068991 0.151220099958301 0.0800522364047366 0.152437027219239
"ufb162" 0.743473006559296 0.215980947081165 0.204055040894768 0.158691054372604 0.0948943416226719 0.162653361454521
"ufb163" 0.705127139299629 0.203531117088601 0.156598546311279 0.145567564638153 0.0856642484392202 0.154860316236541
"ufb164" 0.610303585676254 0.161921972770397 0.243057356181977 0.112354181390973 0.0664793153748481 0.10098969010872
"ufb165" 0.677347525480566 0.193655034805137 0.107355209063168 0.134153229799285 0.0739433953488136 0.152036580771856
"ufb166" 0.618684686815036 0.161642845443028 0.354271952557935 0.116177111276923 0.0575787803627429 0.0807217739790508
"ufb167" 0.583896906118537 0.149648489396435 0.330252924561868 0.104032755977364 0.0593288395897843 0.0761677712587403
"ufb168" 0.740938902312737 0.185265241196675 0.699869700514769 0.142278038966141 0.0662778399349282 0.0438052383963642
"ufb169" 0.694613544530516 0.194852712636606 0.191503366079107 0.139826916016003 0.076773770066788 0.147765544953042
"ufb170" 0.694559442169243 0.18633932986846 0.29900385316365 0.133301182961016 0.0924385363020818 0.127161087711732
"ufb171" 0.694907902843986 0.170235684498867 0.357387806027481 0.122566108131617 0.0837820045697245 0.109914767636086
"ufb172" 0.667072781597192 0.174421673786296 0.436518153547682 0.132272029718009 0.0841498082986511 0.0823951689176792
"ufb173" 0.647967586797549 0.187146279467842 0.109535720856049 0.124458958543129 0.0672775641911218 0.147906434629576
"ufb174" 0.708419076299622 0.219019594057258 0.0850035764027081 0.149629542980958 0.0666759921129369 0.181694934994476
"ufb175" 0.575843115700208 0.149549948628373 0.206020699080207 0.102649349793145 0.0582286166834654 0.0874592011146537
"ufb176" 0.607351875501656 0.161190946669955 0.193291879204436 0.10763724388919 0.0641931203180747 0.1040802962627
"ufb177" 0.643250673509509 0.174039202656667 0.181834187071722 0.117554149089458 0.0682617651642472 0.123454336818959
"ufb178" 0.732974683544304 0.162564356769855 0.660718000247774 0.124727256705707 0.0746193691283034 0.0511315680002649
"ufb179" 0.708677308475066 0.19826970075847 0.254756627009536 0.144746936841949 0.0875611092763652 0.135274164229896
"ufb180" 0.587288977159881 0.143767824556 0.694953140114806 0.110717881640462 0.0500537934268216 -0.00171808908814688
"ufb181" 0.696194492429631 0.206307181349285 0.167648250551669 0.14302820834818 0.0936442651496272 0.159890571090736
"ufb182" 0.651995244736916 0.165757242290573 0.398780879629302 0.122318585104655 0.0755996036160594 0.0850871446445268
"ufb183" 0.703981876162878 0.194583526582249 0.192951980900354 0.139329818940036 0.0714361228128773 0.14282959067534
"ufb184" 0.640015259021897 0.172148916949573 0.264032102118644 0.116265193063467 0.0821243377445931 0.115682361283398
"ufb185" 0.691636453867468 0.212843159965586 0.0839857415714607 0.143727797628116 0.0695300323511018 0.175612690700407
"ufb186" 0.630259387036124 0.1641477817322 0.371025500117586 0.118090312221631 0.0570905274599308 0.0834800023235797
"ufb187" 0.62200791825609 0.17158957992605 0.107736879947788 0.112872583723346 0.0562823261182657 0.129682154393832
"ufb188" 0.718168100749926 0.214377441725918 0.0974544460776386 0.150906164044139 0.0743961415627949 0.174698329980103
"ufb189" 0.583999879038965 0.153528798204742 0.394753773800024 0.109507228553072 0.0620568687598278 0.0592457886266969
"ufb190" 0.59251586171177 0.177134198881034 0.441966216278971 0.129577746099694 0.0699576900288322 0.0668993413179792
"ufb191" 0.689868317997667 0.189599115249881 0.266750950726625 0.137461362428309 0.0809952548163492 0.119720497700415
"ufb192" 0.784888432654384 0.190074189146888 0.629370559318552 0.143822417893547 0.0910693699926243 0.08208302858258
"ufb193" 0.693203293083511 0.211858302699111 0.0487284390828955 0.143373809135786 0.0655457653198735 0.174581140722534
"ufb194" 0.906083440544018 0.174636093341845 0.891437093942166 0.144900011581778 0.0703186813478499 0.0345896398656661
"ufb195" 0.6470280934782 0.186041743135779 0.110864306381245 0.124102751804592 0.0705306785316794 0.146255609723864
"ufb196" 0.623390806917008 0.174008079947266 0.108252506120172 0.114083293622404 0.0619011027875015 0.132244554776112
"ufb197" 0.766106797021724 0.184567159283024 0.511044562406447 0.142267926242658 0.0980264604605359 0.114205650712026
"ufb198" 0.733522377914473 0.208023248230481 0.210584187866896 0.15191278508738 0.0801702162124615 0.154154394039927
"ufb199" 0.824136955291454 0.201412206586537 0.7588085248138 0.159733236497311 0.0768180178039673 0.0659090820196377
"ufb200" 0.624417509215808 0.176273016743272 0.110849436621803 0.115370570133674 0.066527152323178 0.134637788403488
"ufb201" 0.683105054203002 0.1749834865291 0.323354927254568 0.120193940542771 0.0816028134843587 0.110104687941281
"ufb202" 0.827879571083522 0.190899060930965 0.709706838367376 0.151537676735194 0.107651114289879 0.101201634545637
"ufb203" 0.755175849221405 0.179961468801834 0.474239426927138 0.134690825460759 0.0889448698111011 0.109217158906887
"ufb204" 0.730673444541746 0.205709055559533 0.27605938498238 0.150418394376828 0.097254145742046 0.143298062421127
"ufb205" 0.643170035043925 0.180957408463977 0.191804232636387 0.121937826139417 0.0804966683775341 0.133071932874847
"ufb206" 0.617626930303984 0.171672802918058 0.0721075684255993 0.112567966219401 0.0614211590620517 0.130562994021369
"ufb207" 0.577013419021973 0.156831030932949 0.0720731067737502 0.100290931707249 0.0543670304982071 0.112146971326669
"ufb208" 0.650429216819623 0.187853258899022 0.110854943408889 0.124450875665065 0.0659279718064203 0.148651954866542
"ufb209" 0.643229103356396 0.179145706976296 0.245592214334853 0.125145056652577 0.070426942261502 0.114663085617057
"ufb210" 0.69388508170796 0.1932096168366 0.155661663145927 0.13841897960382 0.0787488535379309 0.13834872417504
"ufb211" 0.687473964045731 0.195178192062614 0.13195221966149 0.138037415492969 0.0824275407913161 0.146008499844487
"ufb212" 0.539071447449564 0.148746887789749 0.641847781336732 0.114078268100183 0.0515070934174411 0.00281201584950779
"ufb213" 0.713104282708931 0.209959718051891 0.0864280814069247 0.147037317041253 0.0713012624373701 0.170055768612451
"ufb214" 0.60577621593832 0.163519277486989 0.0961273886151227 0.108816406887783 0.0572315953425116 0.117902090873325
"ufb215" 0.597347628802008 0.159076237045174 0.109495327138554 0.106826189849285 0.0549541263593654 0.111662521646717
"ufb216" 0.643799043506524 0.170591410915418 0.275456849644105 0.119482310353128 0.0817808384158059 0.110281535128456
"ufb217" 0.695057456058593 0.198022149661154 0.121972629288821 0.139419941552902 0.0698136683982786 0.152857063699986
"ufb218" 0.658310077017859 0.181063099148662 0.215508300321658 0.127531593512735 0.0794862495607794 0.125265369370992
"ufb219" 0.565654224718488 0.153331891785857 0.0721020474418503 0.0975795910689895 0.0500446968113559 0.108460232562905
"ufb220" 0.693448135626142 0.186365207531059 0.299792254542795 0.131969026665727 0.094342389345089 0.130870277794014
"ufb221" 0.639616248085437 0.17396551941523 0.184116633958679 0.118415828929859 0.0696923404256545 0.12737361209117
"ufb222" 0.618694273718837 0.167472422144725 0.183276759894785 0.111614546204572 0.0678741016499832 0.11393104966046
"ufb223" 0.721726650910791 0.204334597856974 0.180053496369672 0.148915490962212 0.0813402009463481 0.153208101018689
