NaN NaN 1 1 NaN
NaN NaN NaN NaN NaN
0.4696975 NaN NaN NaN NaN
NaN 0.915272 0.8748784 0.9254587 NaN
1.304734 1.521239 0.474111 NaN 0.9780884
0.4093273 0.3279801 1 NaN 0.9200258
0.8467502 0.7139031 1.061675 0.5669579 0.6222931
0.9074245 1.33587 0.5139492 0.6911152 0.8237835
1.099973 1.018866 0.3675235 0.7466048 0.774366
0.7026086 0.233357 1.081177 0.4745671 0.3726431
0.6803198 0.2983636 0.7435572 0.7282125 0.3911481
0.4889008 0.5163842 0.5268097 0.5498192 0.9745099
0.4480325 0.2728123 1.112218 0.7641111 0.5681643
0.3443044 0.6365325 0.6852503 0.441539 0.6783481
0.6117855 0.4954048 0.5098086 0.6167516 0.5567469
0.304279 0.5984126 0.3408209 0.3543534 0.5920735
0.4647282 0.2177961 0.3004992 0.3130243 0.3145862
0.1956955 0.292606 0.2017341 0.2242889 0.3553061
0.1696325 0.2124367 0.313557 0.1809473 0.2311776
0.1961819
