NaN 0.2525826 0.2537769 NaN 1
NaN NaN NaN NaN NaN
NaN 1 NaN NaN 0.5701736
0.6882599 0.5138667 0.8132282 1 0.489194
0.3494962 0.5705909 0.274906 0.3769188 0.592346
0.7213149 0.8361643 0.1433648 1 0.2662257
0.5706922 0.4496639 0.384285 0.6695979 0.3843914
0.4490872 0.3100793 0.4019045 0.5619134 0.4676737
0.3266027 0.5380338 0.2537769 1 0.2513512
0.4495836 0.7093325 0.6149333 0.2810567 0.2187843
0.266073 0.1608646 0.2887649 0.4220927 0.3140345
0.2977139 0.2946829 0.2946654 0.3457282 0.2309204
0.4731119 0.2575103 0.6287784 0.5755737 0.203673
0.3872879 0.3479571 0.4158637 0.1587622 0.3290731
0.186041 0.1836904 0.1519705 0.1304121 0.2920283
0.2539152 0.3282366 0.3197291 0.226681 0.1718117
0.1918007 0.1402399 0.2641641 0.1501101 0.1499281
0.189037 0.2327105 0.1868377 0.1936586 0.2331884
0.1483934 0.09469024 0.1369321 0.1713581 0.1997833
0.1847862
