NaN NaN 0.7555581 NaN NaN
1 NaN NaN NaN NaN
NaN NaN NaN NaN 1
NaN 0.1854223 1 NaN 0.2291985
0.2223971 1.391528 0.8837046 1.217693 0.7667008
1.291532 1.122421 0.2683063 0.7747342 1.566221
NaN NaN 0.6968815 0.3780522 0.4247599
0.6391543 1.137169 0.7274855 0.9245649 0.7954221
0.2486723 0.7825283 0.1836234 1.28136 1.067603
0.7142165 0.6215167 0.9165272 1.139736 0.3019956
0.552946 0.7155244 0.6754642 0.6377911 0.979578
0.3429547 0.5066394 0.553327 0.658764 0.6738374
0.4492793 0.7075457 1.187508 0.5068568 0.4165122
0.3822193 0.5488263 0.4538718 0.4331034 0.5780355
0.4990055 0.292588 0.522201 0.5011642 0.439076
0.5752884 0.4669219 0.3463593 0.3179069 0.47893
0.1878904 0.3031991 0.2413475 0.3728725 0.2453763
0.3071447 0.2629986 0.3408734 0.294552 0.2719816
0.199497 0.2443436 0.2396471 0.3419823 0.2175317
0.2474008
