1 NaN NaN 0.9579798 1
NaN NaN NaN NaN NaN
NaN 1 NaN 1 NaN
NaN NaN 1 0.6992541 0.5656682
0.6608048 1 0.7659999 0.6522559 0.5305824
0.7799747 0.605953 1 0.7214875 0.7017211
0.9905567 1 NaN 0.526547 0.4672769
0.8845414 0.8264724 0.9614157 0.5019666 0.496806
0.5234834 0.7218687 0.6095426 0.6170547 0.5099512
0.7533162 0.9223357 0.9197746 0.8363474 0.5477765
0.4441906 0.6043028 0.8768488 0.6108118 0.6586571
0.8298159 0.7922971 0.778745 0.517511 0.8659431
0.5615524 0.5073708 0.77481 0.7514555 0.479868
0.7562851 0.6150513 0.5874875 0.6356921 0.6841225
0.5704815 0.4852505 0.3990187 0.8223227 0.5447429
0.5070167 0.6431702 0.5520468 0.624549 0.6089375
0.3981426 0.3073616 0.4401892 0.5254325 0.4597557
0.421909 0.5718178 0.5650658 0.3423893 0.5716041
0.3746482 0.5248525 0.3598601 0.430594 0.5618544
0.7529354
