NaN 0.3727812 NaN NaN 1
1 NaN 0.203887 NaN 0.8113811
1 NaN 1 0.3693528 1
NaN 0.6976126 NaN 0.7110696 NaN
0.2249841 1 0.6524184 0.837233 0.9704533
0.783524 NaN 0.5748321 0.5084995 1
0.8778279 1.101287 1.251234 0.5487477 1.194132
1.264122 0.9545653 1.13823 0.4826151 0.7521038
0.7870356 1.368802 0.4673275 0.9952668 0.634603
0.8660116 NaN 0.5359782 0.484777 0.3533659
0.692096 0.555728 0.1704894 0.7715902 0.4171998
0.5728099 0.3760298 0.6963849 0.5426851 0.4787541
0.7011843 0.7034827 0.5231468 0.6413168 0.406486
0.263784 0.5219204 0.5459489 0.7126302 0.2861711
0.2697557 0.2954923 0.2431289 0.2462464 0.6246167
0.4845441 0.2450789 0.3962491 0.4111631 0.4354373
0.2689378 0.3307318 0.248563 0.3040549 0.2245957
0.2257953 0.1670696 0.3168896 0.2587598 0.2295369
0.2140915 0.2907284 0.1449322 0.3088403 0.19278
0.2758625
