0.8281184 1 NaN NaN NaN
0.9994605 1 NaN NaN NaN
NaN NaN NaN NaN 0.06871609
0.722175 NaN NaN 0.4642149 0.9992326
0.8093373 NaN 0.02645862 0.8538879 NaN
0.5172095 0.7326655 NaN 0.9528336 0.9600785
0.6175156 1 0.4343098 0.06083721 0.852648
0.8784139 1 0.5218391 0.9767527 0.9651786
NaN 0.7792912 0.6899617 0.8441527 0.7690418
0.6953871 0.9333589 0.6386364 0.9709781 0.5105451
0.4546512 0.4661659 0.3663637 0.5510968 0.898589
0.8556304 0.963419 0.8452343 0.4378339 0.8095496
0.8229214 0.4097984 0.357365 0.6130508 0.424241
0.9263956 0.503725 0.8669355 0.6972836 0.6104951
0.7881646 0.9492302 0.3789455 0.9304655 0.7472442
0.8022409 0.7226741 0.4450714 0.5070357 0.97386
0.7580969 0.3820505 0.6063962 0.4249856 0.4609492
0.4799122 0.4424036 0.4029679 0.4756807 0.4163607
0.4905426 0.3706161 0.4686066 0.5415539 0.647097
0.3819888
