1 NaN NaN NaN 1
NaN 0.6999521 NaN NaN 1
1 1 0.8182751 1 NaN
NaN 0.57108 NaN 0.7075906 0.3972191
0.5862471 NaN 0.5338043 0.6511195 1
0.5334157 0.5262026 0.4973709 0.4750284 NaN
0.5872227 0.4682991 0.5107174 0.261894 0.4436973
0.2309917 0.3850487 0.3174395 0.3997477 0.6695979
0.6026532 0.7360579 0.7016988 NaN 0.3609386
0.3622829 0.6485537 0.3191135 0.4746684 0.2651701
0.2219812 0.3155313 0.353522 0.2500071 0.3212467
0.482384 0.2851315 0.4340472 0.2005903 0.360948
0.2175137 0.2776827 0.2741 0.3714537 0.3205284
0.1954722 0.248258 0.3691784 0.1766943 0.2556589
0.2785334 0.292584 0.4245158 0.2611412 0.2606755
0.2007154 0.3600546 0.4124546 0.2599938 0.1648973
0.1572353 0.0959074 0.1602236 0.1407685 0.1366808
0.139613 0.1506324 0.1417169 0.1797383 0.2205778
0.1354024 0.1543807 0.1047338 0.1661427 0.2217862
0.1285352
