"quartet" "cluster" "phylo" "mutual" "shared" "clusterNorm"
"mb49" 0.74758688507621 0.213194402966914 0.551930769703444 0.163596390381212 0.0862618235507635 0.110691015919123
"mb50" 0.628032184316412 0.1747078236871 0.121149486017303 0.109079212581003 0.0541855471966972 0.132799280966816
"mb51" 0.709573309252593 0.1868449740336 0.377484667976157 0.126205701424429 0.0745216488125879 0.1252549590961
"mb52" 0.791342576936084 0.178664641962006 0.780349935515482 0.142674217832816 0.0682796088407258 0.0461449107514245
"mb53" 0.851379638439581 0.242701824009899 0.759375963621594 0.191819585404442 0.0945437299372 0.117865215914723
"mb54" 0.786912170205072 0.198312726573505 0.524070201541517 0.139353934861595 0.0845048946292645 0.109551717823768
"mb55" 0.880349897473932 0.282976073568474 0.658319749095662 0.213765569487714 0.131294655798696 0.190271870620556
"mb56" 0.869047981257797 0.205303768854223 0.779319300822719 0.163675911720511 0.0997821657359872 0.102122439482894
"mb57" 0.814453278753051 0.214457066240386 0.743731569016528 0.166657885663769 0.0823603882600323 0.0877123237701853
"mb58" 0.715087604223167 0.20100879448619 0.30712988625328 0.145652727516085 0.0907325817683765 0.112646261658779
"mb59" 0.725760952845302 0.195184292005744 0.463178614706134 0.135401905899377 0.0816410026285791 0.106076910028882
"mb60" 0.781217524476289 0.242090630063803 0.47523306907099 0.170586606032269 0.0980828761163677 0.158176612158937
"mb61" 0.808947970268725 0.198370289013037 0.609418984922162 0.144406789446623 0.0887242972557404 0.0947273829997564
"mb62" 0.93967223933128 0.294172495016639 0.841320411837867 0.238628350892678 0.122260398459466 0.180289572132533
"mb63" 0.940350877192982 0.216679253667437 0.91350659703089 0.177375405616764 0.0887730514934207 0.089834601331286
"mb64" 0.857967154904572 0.220205640899434 0.804702045338914 0.176498506027421 0.0871399521446702 0.0943884118513765
"mb65" 0.685428118571477 0.172524710750002 0.573003869421271 0.125073778394763 0.0741086036728972 0.0655402234529185
"mb66" 0.813149896016637 0.21026297990227 0.583700544147651 0.152163930216001 0.102351802827984 0.122873812304912
"mb67" 0.754594820384294 0.217392614442692 0.525420636107255 0.168398539454298 0.0777345256324218 0.0883561722421782
"mb68" 0.777861317111514 0.186800322595417 0.631989378826912 0.133510423889892 0.0749116794154212 0.081417853885192
"mb69" 0.87223441986151 0.200458098540063 0.851908216557992 0.164182800542056 0.0781034371991326 0.0707212065186362
"mb70" 0.758037694013304 0.180300048384859 0.768203947858369 0.142992315165494 0.067434414949612 0.0480441845671229
"mb71" 0.712187678809842 0.197268320770725 0.536380387816993 0.143682535437272 0.0839262234839785 0.0934829410075293
"mb72" 0.708150834233096 0.183894354630268 0.389735199552693 0.123893451505148 0.0764999129832549 0.117374351430897
"mb73" 0.623065002072082 0.169319264871292 0.109177654647862 0.108730205209212 0.0511291892781273 0.126048340816026
"mb74" 0.698508103466781 0.156174658442078 0.787391374192082 0.127014353558035 0.0590749766354467 0.0185527470842956
"mb75" 0.735129291952323 0.185813895203601 0.450775997056597 0.128131289572852 0.0768745610525312 0.105942420495816
"mb76" 0.620212181979095 0.164397637698087 0.157993489174248 0.104335397461928 0.0455856549278156 0.118589481649456
"mb77" 0.64898829487151 0.182069681044102 0.2670457078747 0.121877630579942 0.0657132841931284 0.120130436348328
"mb78" 0.861671249618087 0.205840549944235 0.76808367883996 0.160611034644873 0.0769197111401505 0.0777055611972085
"mb79" 0.676161732723803 0.1800909969884 0.211102382624309 0.124838552566693 0.071724452756015 0.0997583198443583
"mb80" 0.810103618977339 0.202827556604647 0.631989378826912 0.150835695880428 0.0879442207406955 0.099462097759399
"mb81" 0.643670894680316 0.165910300347937 0.171860893586573 0.11046093607038 0.0638470314113246 0.0919205595623274
"mb82" 0.722421240569026 0.178970774653394 0.520849687048657 0.125544705490569 0.0793942289890666 0.0979518864230515
"mb83" 0.642293930097971 0.169224160809552 0.135048156072972 0.107251361993225 0.0608942003789182 0.117962379068374
"mb84" 0.586307504294395 0.155331358174715 0.0728848917477123 0.0907409018663087 0.0439736819512288 0.108983433967062
"mb85" 0.762582613116421 0.197232851233215 0.703512063702826 0.154112518470432 0.0703727234267626 0.0663653964012065
"mb86" 0.627714253789713 0.157489823641332 0.456507622139678 0.109754448581498 0.063411468993661 0.0640038903857007
"mb87" 0.820742753623188 0.184693173974829 0.790005466671936 0.145691821945883 0.0697035335093625 0.0517814954227283
"mb88" 0.625342252838118 0.170819367081704 0.109161331041467 0.109095237497417 0.0544622532976592 0.128460578676157
"mb89" 0.573425778140306 0.16784981207104 0.230077863433836 0.100961411424963 0.0595914527131559 0.108538858762344
"mb90" 0.618814252551678 0.153824127780674 0.412891307326314 0.104167561123539 0.059625185345445 0.0706626815490062
"mb91" 0.628303059656242 0.172717201587737 0.0854294127501918 0.10170088360863 0.0469989064734808 0.130696435409555
"mb92" 0.597779922779923 0.152021875618304 0.316209627350508 0.0997735327855694 0.0631234477393736 0.0876550629251554
"mb93" 0.624231110449195 0.169481927405532 0.109171092135825 0.10943752476408 0.0516437103832411 0.126694147256094
"mb94" 0.767945172538175 0.162812273068017 0.76808367883996 0.123915306787018 0.0567418275860687 0.0277348148043828
"mb95" 0.659115900593798 0.148727967072539 0.728224464551143 0.114143157236124 0.0520288340060837 0.0100493964902972
"mb96" 0.767965821611382 0.168328016525105 0.707012147165774 0.125648138416408 0.0771102541831717 0.0608009375810852
"mb97" 0.588070821931953 0.154902526159757 0.0728962974170971 0.0908477843799306 0.0444584303557385 0.109475775543249
"mb98" 0.633928761523558 0.159410771245524 0.163406358607446 0.105764718652707 0.0575012054050352 0.0908972542329675
"mb99" 0.615136420635896 0.155363221856863 0.219145387918168 0.0993796518425313 0.0481995753418826 0.103319438160639
"mb100" 0.60562673709218 0.186868960985096 0.243908280002801 0.111427843088677 0.0647588815203765 0.120495621430654
"mb101" 0.609751881228391 0.161694390526826 0.0729296279669748 0.0978832848247366 0.038512317690916 0.119270609924018
"mb102" 0.584324088155474 0.14665261869932 0.320130075064089 0.0966514266191249 0.0606107123775302 0.0858398766012301
"mb103" 0.684112410485513 0.170179302579151 0.408912492679279 0.113479270512246 0.0704203696245075 0.0962066903266303
"mb104" 0.851648351648352 0.164951015947653 0.890144900503139 0.134579872200523 0.0656089669235023 0.0302186367418783
"mb105" 0.715501142761581 0.183610850153007 0.426406937605582 0.124233983418305 0.0753196687779526 0.111121039206992
"mb106" 0.587555699735579 0.153896492410537 0.07379541315187 0.0897436713905906 0.0431779565820614 0.10918703015169
"mb107" 0.613200679446736 0.131925970592764 0.777588392365146 0.10127361934675 0.047447209770996 -0.00970625660131221
"mb108" 0.595122125155999 0.151088227459393 0.316522859647489 0.0986103363166451 0.0631887115725362 0.0938316157674215
"mb109" 0.565222805600431 0.160796701459114 0.160784741505006 0.0954817408207741 0.0540393328720956 0.104159809775748
"mb110" 0.778720572331753 0.186009197631399 0.731525446850211 0.146691624869702 0.0707261442603609 0.0546744860764848
"mb111" 0.586911226367314 0.149760316506824 0.3283938859571 0.100554875001388 0.0651801059574239 0.0802881738101771
"mb112" 0.618616917366673 0.153457483670671 0.456507622139678 0.105067226260342 0.0608799372133833 0.0597302034835026
"mb113" 0.742020031826266 0.184552660658418 0.670494836018621 0.133765104008164 0.0638761480795841 0.0529829417021187
"mb114" 0.631311672623069 0.166394990971767 0.219357417279736 0.108095690517386 0.0516416035934403 0.11287437691074
"mb115" 0.592381155631436 0.174026608043932 0.289704544676264 0.113522379382705 0.0592770524655858 0.100590788077818
"mb116" 0.705147142370185 0.155664124434923 0.777649266247778 0.123466289664978 0.0557258941451654 0.0192880686276201
"mb117" 0.633560419717064 0.165926744413455 0.150884592772736 0.105861124202674 0.0638465934546216 0.11230206472805
"mb118" 0.677490148335629 0.188348785844544 0.390395976023746 0.128095822281718 0.0700351191986075 0.0979965682408385
"mb119" 0.594414996103685 0.153414938076862 0.345992382325273 0.102144318764109 0.0597185801099617 0.0781512960591245
"mb120" 0.637159256984305 0.167024302686785 0.134976716251642 0.106153520779045 0.0602281549281993 0.117403753278236
"mb121" 0.605351353420044 0.169912932727344 0.169267300960482 0.103864896515507 0.0553089996027556 0.116623499987546
"mb122" 0.805403869827341 0.187667528492156 0.68100626132435 0.14063744958364 0.0875224858216358 0.0823363428146048
"mb123" 0.805750552937783 0.196613546349072 0.755997825692051 0.151767713475063 0.0704713280474978 0.0669898112278106
"mb124" 0.617913241831525 0.166410359247338 0.109161331041467 0.105355055183506 0.0471169343123623 0.123826336167319
"mb125" 0.615037311742358 0.164737589940364 0.109171092135825 0.104843052342986 0.0464673736539717 0.121705384443528
"tnt1" 0.630514621423517 0.168698884714656 0.135140223757906 0.10496677052304 0.0658585115805443 0.112614312259644
"tnt2" 0.658419871910844 0.174659636442734 0.201165280054666 0.120529647976849 0.0632790266248394 0.0936869723201125
"tnt3" 0.581675665473458 0.15179229417004 0.0737871757004485 0.0883510799013883 0.042518742706907 0.10620189237185
"tnt4" 0.677196115637906 0.198062288681276 0.357596675622574 0.134422389201598 0.0666539741392188 0.119428883394463
"tnt5" 0.622731804586241 0.174854264931813 0.646262995213599 0.134512914016497 0.0585820657494357 0.0417197420470268
"tnt6" 0.594344815863282 0.153303530052036 0.0729339236577291 0.0924301544298827 0.0374498606024742 0.110297489765658
"iq1" 0.560782697288091 0.15035004469204 0.11933815338562 0.0881045950470135 0.047277288655084 0.0979110668036586
"ufb1" 0.766498456714517 0.202767622258276 0.549725943637934 0.152526328252554 0.0879528029195455 0.0996932485610994
"ufb2" 0.709803531789418 0.16232196646424 0.597211157720736 0.115187568214987 0.0655582273855246 0.0540183638042977
"ufb3" 0.658521775749444 0.161214344644272 0.337487858274943 0.103754907079097 0.0704384531569242 0.0975134719796518
"ufb4" 0.720299757549041 0.181862538885246 0.707233471535984 0.138336414713088 0.0628468623546456 0.0498587777185197
"ufb5" 0.562857734369291 0.144679293015126 0.145797905596066 0.086198713452885 0.0458819626963932 0.0953020927466602
"ufb6" 0.549934848187352 0.139142876187177 0.145802842235881 0.0837251597822017 0.0436692655112523 0.0878816154551893
"ufb7" 0.552212538753869 0.14158413207744 0.147505191451371 0.0846438870039177 0.0468751581686278 0.0886315430473592
"ufb8" 0.691343106180666 0.163469200041147 0.559203203907601 0.116483852418459 0.0666783004431127 0.0706898746278907
"ufb9" 0.703122106588645 0.180275559880382 0.41416160716743 0.121321437566408 0.0716524654764561 0.11346059212623
"ufb10" 0.620557031502352 0.168071733514266 0.109161331041467 0.106528276272207 0.0463626190301744 0.125572581930566
"ufb11" 0.665789088781629 0.167741689294483 0.523964194512179 0.122744274346004 0.0625997999307184 0.0601388039560348
"ufb12" 0.606184461791015 0.150955889078699 0.412052723862325 0.105147140533336 0.0589415450404141 0.0568396914229067
"ufb13" 0.613135483177662 0.149761615187337 0.388803305890554 0.0992687261631089 0.0604092708173989 0.0741479741429488
"ufb14" 0.599023414519355 0.155252710066088 0.0737445756832606 0.0946663874716691 0.0372518872215942 0.112344804888182
"ufb15" 0.540266780439447 0.144088165791429 0.107347323010817 0.0847797275361765 0.0399963804103681 0.0912984338496126
"ufb16" 0.820750389872489 0.184095052551824 0.814778741402885 0.148842083291339 0.0705565486349268 0.0524515000478857
"ufb17" 0.61189434917712 0.169311258429709 0.40086458080236 0.119889710203586 0.0577145625693264 0.0613642868461166
"ufb18" 0.60151212107117 0.15292203250881 0.320130075064089 0.0994231903466264 0.0657863739488819 0.0925413331095463
"ufb19" 0.596361934205656 0.151002285199317 0.262985947341435 0.0966856425827921 0.0591555529791204 0.081715105548432
"ufb20" 0.645865282529197 0.148188278753491 0.724841298465028 0.114613627333777 0.0517496507355015 0.00864456478040407
"ufb21" 0.567630952285501 0.152250032230561 0.10779808588208 0.0884517910627996 0.0405536522812377 0.103309773474775
"ufb22" 0.753841259742325 0.191662216600966 0.585142241254901 0.139356014122874 0.0767413680966999 0.0871520222262317
"ufb23" 0.658824446349638 0.176339541085294 0.341049880705452 0.11647612907894 0.0622913257356874 0.0955386343583733
"ufb24" 0.613862143124914 0.162593465107367 0.0729144982879597 0.101433579590766 0.040864137348684 0.120220380097536
"ufb25" 0.588059200554328 0.151403425359106 0.0737097878713461 0.0914367256886918 0.0405666251287068 0.108042904296346
"ufb26" 0.568272975175842 0.154777048036909 0.0960179236899431 0.089697280567208 0.0437918929418679 0.105965772071459
"ufb27" 0.627916291178532 0.152279195447705 0.504095199002014 0.102646780539569 0.0577575024880066 0.0583126981889321
"ufb28" 0.717118307997356 0.182339129529164 0.426406937605582 0.123336249852098 0.0726280087856741 0.109736398430284
"ufb29" 0.7268885208051 0.180595394425743 0.463071400985525 0.122237985423145 0.0682135754129528 0.100211985959281
"ufb30" 0.610187274574086 0.158223526150469 0.158018482190337 0.10000054187472 0.0451366923306958 0.113004409426046
"ufb31" 0.608276071673979 0.159364659092373 0.109364182218681 0.0941582818674887 0.0407762982291597 0.116403555561755
"ufb32" 0.651573877571768 0.157680286400387 0.494617173760074 0.109322186102777 0.0687542482076696 0.074779279446058
"ufb33" 0.619978109955378 0.165836289932936 0.283576374393943 0.109774708874066 0.0586140718535851 0.0917922689818812
"ufb34" 0.808356807511737 0.196661207558273 0.765353939706251 0.154446389727135 0.0711333871359302 0.0670451624147665
"ufb35" 0.591819241868918 0.155341768553297 0.0970847691813259 0.0915994700064393 0.0389972159518255 0.111802790784747
"ufb36" 0.626452848849207 0.161225429674976 0.219769470501845 0.102258424296882 0.056989107291519 0.11279227237065
"ufb37" 0.625696453359613 0.159323824780149 0.219502927935766 0.101705599864638 0.0560687530517277 0.109251631568253
"ufb38" 0.604701005413766 0.159137280343765 0.0849014545060849 0.0981750195914163 0.0424287936929767 0.11658931108752
"ufb39" 0.591555440342436 0.153070171762012 0.0616908180970732 0.0940098129095761 0.0437609753507876 0.110263863909369
"ufb40" 0.571781706254086 0.145751899981524 0.0847478602364107 0.0878789769405096 0.0437838218193292 0.10210138078764
"ufb41" 0.558696674865191 0.139914606370697 0.0846901958509929 0.0834642344158961 0.0423010637636997 0.0955883968803045
"ufb42" 0.578437708895775 0.154226916641872 0.0871301700672367 0.0897988094491715 0.0389445502833869 0.106699083526324
"ufb43" 0.708015102170216 0.174683165324704 0.54290086501758 0.128949278210495 0.070190651683127 0.0676665985435969
"ufb44" 0.617179953321214 0.162756888146065 0.13355569566716 0.103605110271101 0.0445731418119171 0.117781297620818
"ufb45" 0.613048697120549 0.163055935452862 0.0737991251703122 0.101219227894749 0.0410665169951096 0.120706678000965
"ufb46" 0.566706002897219 0.143801294922893 0.0857096534123719 0.0868361083263702 0.0410155663106343 0.0996735633603537
"ufb47" 0.579642856574599 0.151010222089561 0.133357457752985 0.0901960996001832 0.0438025946119033 0.105373853668678
"ufb48" 0.562855524427322 0.141803318063119 0.133341600152093 0.0849968339501972 0.040991792522971 0.0947127018594668
"ufb49" 0.598079657977723 0.144850286602025 0.255577993599064 0.0957559763270154 0.0499076763015816 0.0800949034534799
"ufb50" 0.650234507534178 0.158367093812765 0.456350891956896 0.111991056996718 0.0647594927453522 0.064987815713185
"ufb51" 0.561591720272855 0.146039677456882 0.0952384733825658 0.0846540935486416 0.0375316932748548 0.096715212365534
"ufb52" 0.607942463586156 0.148611867308037 0.251415672207349 0.0934564670810322 0.053161462535357 0.0879846816280872
"ufb53" 0.553557570198956 0.150519242308022 0.135239124991452 0.0896987913551226 0.0484456115165393 0.0958884001711243
"ufb54" 0.640122869046825 0.165944191582796 0.241351976081409 0.107936269350065 0.064240354515594 0.109718348379861
"ufb55" 0.611892012494422 0.152383629606496 0.65797189404964 0.110912974093676 0.0476620090454918 0.0121374373164953
"ufb56" 0.536190330555343 0.130981153855037 0.401484595269214 0.0860550048748608 0.0473749223252862 0.0456484912845388
"ufb57" 0.577544068911665 0.143744905121258 0.268331026846081 0.0920596754317051 0.0495296346334189 0.0886789403226574
"ufb58" 0.638565043755435 0.168059491318462 0.219340333004499 0.104640284647682 0.0628418670737676 0.114546056967875
"ufb59" 0.605832471381 0.149673041999896 0.242273354000918 0.0948498652811602 0.0534652397523364 0.0852040200974697
"ufb60" 0.605268505995221 0.156317308443943 0.281900591707202 0.102869746724865 0.059436787151246 0.0813603684998523
"ufb61" 0.63003391343793 0.170530347761736 0.258396458422208 0.107185993729968 0.0676930172215025 0.111434306472911
"ufb62" 0.653714267737673 0.180339464559296 0.277124267311627 0.116150854487151 0.0736011868481032 0.113472130561596
"ufb63" 0.61259474679263 0.165889882056999 0.218380743796226 0.101586061045217 0.0543160284468592 0.112325802071516
"ufb64" 0.605929713170271 0.15720031543187 0.145821216341057 0.0986958956614748 0.0401149022304357 0.113294654545197
"ufb65" 0.54713820851096 0.148623005251665 0.107994852366748 0.0877825258081067 0.0449194936708198 0.096089150330924
"ufb66" 0.580388160856892 0.172324454075395 0.225034849642238 0.102655762715823 0.0597251492744751 0.109496386832316
"ufb67" 0.62139948595027 0.17002804699647 0.279119443859009 0.112999215628316 0.0595354562679428 0.102395035611603
"ufb68" 0.5560003221109 0.155156135119251 0.146414528174411 0.093547629545578 0.052797294673032 0.0981723888136641
"ufb69" 0.641170693009463 0.166713809767787 0.325852282207347 0.116926127106817 0.0634356071839427 0.0850408986075965
"ufb70" 0.599016367240365 0.156988135347268 0.0737445756832606 0.0950202163697745 0.0416074429666452 0.114173313343142
"ufb71" 0.592269213756279 0.152688424686559 0.0848008316895409 0.0924143670409589 0.0374428257199383 0.109651141508463
"ufb72" 0.607744965550854 0.187422578177376 0.244018581286975 0.117047101744638 0.0592006212624301 0.115141765469159
"ufb73" 0.557127825976674 0.147019530207229 0.107448517785304 0.0852535844646911 0.044595790929424 0.0961970131612253
"ufb74" 0.700201207243461 0.173243759834562 0.570621885863083 0.121033766196078 0.0663008872099824 0.0658046235431082
"ufb75" 0.673146392575591 0.165264445939436 0.536436401129196 0.111974631988831 0.0690342391757076 0.0724800903506083
"ufb76" 0.633714381308203 0.169148273890181 0.353312286402061 0.108253377530806 0.0626285655495627 0.0872961131258204
"ufb77" 0.773753280839895 0.193967542020618 0.617047851923544 0.145242685380976 0.0868202763660419 0.0894532483398938
"ufb78" 0.624352701885548 0.168864351505396 0.308326260731503 0.112376712174737 0.0604654807208298 0.087364390443182
"ufb79" 0.611812216052499 0.163818326755649 0.291030238687314 0.107532938269829 0.056858642073344 0.0895951825629881
"ufb80" 0.652108580015198 0.180482463253572 0.254232860797624 0.111633404580405 0.0660667510178274 0.113594834341206
"ufb81" 0.649524572114903 0.194768368781707 0.316628621758361 0.127326653823217 0.0616458441320784 0.115775325928386
"ufb82" 0.601825978638701 0.149035343992548 0.194680687769658 0.0949132670762103 0.0428351607977078 0.0984075051641824
"ufb83" 0.605877387688749 0.152414379643804 0.206902075402416 0.0986264897577083 0.0430216345325697 0.101987575336837
"ufb84" 0.67025069322619 0.16308659607952 0.51951242736577 0.112877040530846 0.0688151568937883 0.0697116090139557
"ufb85" 0.64978801843318 0.170618721064528 0.305034979484297 0.116642315606631 0.066970697822746 0.0893285421242703
"ufb86" 0.604511912291798 0.159029118060253 0.0729144982879597 0.0983736537899472 0.0419774859695028 0.11647567575186
"ufb87" 0.626102433625794 0.170514285294802 0.279119443859009 0.115656884425644 0.0613548125776113 0.102920896646882
"ufb88" 0.689054975922954 0.190030364703706 0.469824369233456 0.138726228351984 0.0759871310708148 0.085083059129191
"ufb89" 0.711866461070224 0.181636988176679 0.426315077880536 0.124909695878797 0.0804931356217278 0.108971911695197
"ufb90" 0.594013761203548 0.155037183758344 0.0728950448150861 0.0958695928093431 0.0408968523506381 0.112275663027628
"ufb91" 0.521574477851733 0.152677460094472 0.617079534616348 0.112750911484132 0.049134589530047 0.0158190020648325
"ufb92" 0.579032961802388 0.142303671296304 0.570631002422772 0.103029512759921 0.0586597469514351 0.0311028110486167
"ufb93" 0.563504378646335 0.154553459412152 0.108389465028387 0.0944274251076833 0.0488746283904039 0.102439869106101
"ufb94" 0.88295993306684 0.180024261662423 0.876498869641046 0.147766137180974 0.0711817038766923 0.046971692896929
"ufb95" 0.662291289478978 0.161127951744668 0.370926955657701 0.10517432967534 0.0691776725465049 0.0925912087495756
"ufb96" 0.599144507765939 0.144139276194586 0.474998562893098 0.0974032015240782 0.0601107368618588 0.0600986657109243
"ufb97" 0.561217630113224 0.154732937667762 0.11226298322968 0.0899623125130882 0.0461281092098957 0.104399720734352
"ufb98" 0.704029167056184 0.16250230803262 0.58500333051931 0.119507318938561 0.0670549595123516 0.0542220217792007
"ufb99" 0.567838266384778 0.136414932379455 0.415259719739719 0.0871212011568524 0.0526875189113333 0.0517367414633817
"ufb100" 0.572070328341481 0.151050968642896 0.110648383184728 0.0874471461274017 0.0398674458832445 0.103359509574042
"ufb101" 0.557147368975137 0.151838991326674 0.0995666563218811 0.0892715359399922 0.047234523117415 0.0972666332429017
"ufb102" 0.592440735365264 0.148677590789269 0.158129478574131 0.0932597039856984 0.0433282590840563 0.10089573139816
"ufb103" 0.616708648194794 0.16732742758182 0.418551684451216 0.119084349000071 0.0556792477119738 0.0592603321985711
"ufb104" 0.603857582959727 0.160753716792743 0.097213651084751 0.0947409703503272 0.0397770036043141 0.117500868731858
"ufb105" 0.550928977107523 0.140114248109279 0.182969873072607 0.0838824921154255 0.0463814932426046 0.0888719709528746
"ufb106" 0.636777445266971 0.170388288985178 0.328803392854951 0.111977342364516 0.0611125149364174 0.0967244044255473
"ufb107" 0.631804050224154 0.170710637164867 0.271184934851178 0.112508201762388 0.0595922703810472 0.103133248898906
"ufb108" 0.601826649730841 0.146166136659281 0.456507622139678 0.0979010905332062 0.0531554610682703 0.0516315749580766
"ufb109" 0.604565561143516 0.156774302510891 0.158038964098575 0.0981917903598172 0.0415246222564934 0.112233187541964
"ufb110" 0.616472974409722 0.165123143854681 0.328687367100968 0.103713358743578 0.0624472260923501 0.0908228841328906
"ufb111" 0.583170873786408 0.147065625951882 0.206841398713208 0.0887498606972042 0.0435185871103084 0.0978765930955084
"ufb112" 0.582146556996468 0.145967504034271 0.158129478574131 0.089135645762133 0.0406256786594575 0.0980335366017618
"ufb113" 0.585756678377202 0.149604327671257 0.145543244898051 0.0944440871565686 0.0448672470071283 0.103927965427489
"ufb114" 0.602192265893208 0.159257516837421 0.145521561674292 0.100185685640969 0.0495864826998148 0.11485203441503
"ufb115" 0.615632707738118 0.166139320246429 0.0729240134645502 0.100559215811915 0.0423053269259149 0.123993565340139
"ufb116" 0.598812417805763 0.138150257597202 0.562942417747128 0.0986043790712106 0.0565004172879112 0.0256908288330102
"ufb117" 0.602253782817292 0.154715151005207 0.328294765275342 0.0995594103095979 0.060642046184872 0.0856478623467717
"ufb118" 0.600950279533795 0.146391419568314 0.369008352414818 0.0942520665835718 0.0567535699283447 0.0767427374820563
"ufb119" 0.592517865924344 0.151883868215438 0.0616908180970732 0.0934667714834285 0.0390165904910688 0.109017601115727
"ufb120" 0.662483005930684 0.161002250390137 0.519917761987988 0.113439668015911 0.066756922729818 0.0677441339012116
"ufb121" 0.616952457963707 0.173445342171082 0.317141338328843 0.112850106256123 0.0565406809740046 0.100081283958986
"ufb122" 0.560607377895043 0.144447540784985 0.182019313920472 0.0872356789405343 0.0464463488360594 0.0835407743453702
"ufb123" 0.52574438704004 0.133847966549556 0.0963258681384967 0.0808297396433958 0.0428506329979642 0.087272158681977
"ufb124" 0.636128721611428 0.168598278213835 0.254964755836278 0.107510587037951 0.0612161204793263 0.117374006081929
"ufb125" 0.575279146827054 0.14700147542681 0.0847779628928861 0.0882044061012246 0.0391386651789782 0.102548564949511
"ufb126" 0.539601661362307 0.141831285415529 0.133787322921563 0.0821822655941648 0.0406941183793013 0.0888982120860465
"ufb127" 0.54998629357063 0.143533687377565 0.0993478544127241 0.082626654134473 0.0404888490482425 0.0925106843390807
"ufb128" 0.583068759294026 0.149481142140664 0.0736615188234885 0.0901108334357226 0.0396251384980665 0.105647739785491
"ufb129" 0.606472477884256 0.151535817139758 0.2483558711341 0.0978246773049491 0.0543336432532709 0.0823559114489103
"ufb130" 0.708151296480649 0.181883960098086 0.401948403360061 0.124267183617425 0.0725736048036659 0.115200091532177
"ufb131" 0.550140322912033 0.144919381391422 0.0868351181895067 0.0839532567814683 0.0386615531227969 0.0939820368556604
"ufb132" 0.548049271074023 0.143254821707219 0.301453779985022 0.0952900874894176 0.0426337463591744 0.0481007353036934
"ufb133" 0.575242126464364 0.149744165767974 0.316775186745583 0.0948785661132106 0.0584979268907689 0.0742472232978582
"ufb134" 0.556924327117429 0.140041459288953 0.0856434532893785 0.0836936786815263 0.0396995612203529 0.0952238731565189
"ufb135" 0.619159467891231 0.16613393180355 0.109171092135825 0.106488699041572 0.052092468032183 0.12317366498045
"ufb136" 0.593045897079277 0.167151637828646 0.328989424151682 0.113076147593415 0.0503865950229366 0.074439774484617
"ufb137" 0.613923015749143 0.165675016576832 0.218358586583533 0.109174354161392 0.0531380123128044 0.106327356753328
"ufb138" 0.572622844594304 0.142075454685659 0.133794272499041 0.0897134063021734 0.0211468926235512 0.0967491539396381
"ufb139" 0.583513438553158 0.147496511477855 0.0729085512086106 0.0919377486044249 0.0192754315189093 0.104205347743745
"ufb140" 0.540995498891859 0.145503227713695 0.133011386777601 0.08748427320035 0.0462092718901923 0.090585857564611
"ufb141" 0.545480961898529 0.143804809493595 0.0988686495923335 0.0866125450106287 0.0447128801969758 0.0909929799009849
"ufb142" 0.689072891523318 0.172803070808232 0.426439512564889 0.116795171879201 0.0680558638308238 0.0916552371384106
"ufb143" 0.621678138886469 0.148974425410612 0.3919395765702 0.103678903933796 0.0612147475746709 0.0654381317522785
"ufb144" 0.580645969580796 0.143019686804549 0.393278985171671 0.095465675887427 0.0515436811589248 0.0588354837908337
"ufb145" 0.600026327914171 0.150529961734364 0.21916642264067 0.0961924557168838 0.050634294280288 0.0959740734578642
"ufb146" 0.611479875685838 0.141709009825958 0.582739517780733 0.10287380587235 0.0602110835160465 0.0298564560518218
"ufb147" 0.738672286617492 0.177759436086005 0.523097087236722 0.125925916784564 0.0688457113791919 0.0863354597972677
"ufb148" 0.63806859392809 0.158357149222536 0.682761092694144 0.118507564082281 0.0538040010125547 0.0225608715281602
"ufb149" 0.657994923857868 0.155387522942341 0.541293955652692 0.10914418352176 0.0606055242019784 0.0617118616745388
"ufb150" 0.629560984146429 0.16481935752513 0.219340333004499 0.103121654513908 0.0609584347780075 0.111095641860493
"ufb151" 0.609130881372425 0.147681137314033 0.44370959631479 0.100245148116926 0.0631079867923579 0.0718182355109569
"ufb152" 0.595428757827141 0.150708809582893 0.181486289604019 0.0943366519737302 0.0544294488949319 0.105044111034872
"ufb153" 0.585351020498555 0.144753772097595 0.181362657754409 0.0908949135862128 0.052197145294047 0.0978106566656017
"ufb154" 0.615021973088069 0.149538766426267 0.426661818587368 0.100397886454254 0.0642017505586125 0.0800713342661935
"ufb155" 0.656582086315333 0.18714295711711 0.633996738538076 0.139161371958016 0.0635357905175254 0.0559911738884064
"ufb156" 0.60688365186227 0.1581972732359 0.169466523628088 0.0980065297713166 0.0561726689279144 0.114317423636418
"ufb157" 0.647626144347456 0.172301765623791 0.243946032722598 0.112283520716002 0.0684951129783423 0.109573795469368
"ufb158" 0.647057622411892 0.190690123680477 0.312157904173134 0.127063401637565 0.060722279998851 0.111148025738749
"ufb159" 0.600336766638402 0.165543689004133 0.157241684270663 0.103402782143931 0.0540070801695045 0.117422556194317
"ufb160" 0.557841652213309 0.142192669276729 0.205345348465071 0.0871433226700008 0.048568550988058 0.0772702935191725
"ufb161" 0.586195455626275 0.156358241345779 0.196360043647309 0.0952606348031168 0.052580476000363 0.0876338660463564
"ufb162" 0.537083338516335 0.12946023086971 0.193509296341685 0.0795546915415673 0.0474699699080245 0.0675016495464666
"ufb163" 0.528925306323736 0.133828629490269 0.387227207188379 0.0922719341164511 0.0518031100528058 0.0380913860777116
"ufb164" 0.798866855524079 0.235911467843406 0.682761092694144 0.18001871615665 0.0849053594818577 0.112628321791638
"ufb165" 0.609715637022483 0.159744779917706 0.37854418443933 0.105928994172595 0.0634018286138912 0.0771982115437436
"ufb166" 0.599219335924184 0.153021655035627 0.345899232106248 0.0991270428647695 0.0563463152603529 0.0777230491195669
"ufb167" 0.619569213254855 0.16714072534627 0.110683270817087 0.0992212943075918 0.0452249898526411 0.124575715737821
"ufb168" 0.54736909353713 0.137395846612048 0.0843087903248268 0.0833810400385585 0.0377975874834224 0.0917942053160615
"ufb169" 0.600803553026457 0.15486532638986 0.0616908180970732 0.0966924342860768 0.0390165904910688 0.112149750896713
"ufb170" 0.648001552192472 0.143498120580782 0.594658424638043 0.106337239563449 0.0596116822897785 0.032254287658761
"ufb171" 0.610554970035259 0.163680780740975 0.0859315117754951 0.101731707142163 0.0457761948975453 0.121360714523946
"ufb172" 0.5326793783754 0.144281765150732 0.674801237883385 0.108950885054163 0.0495068017942601 0.0044962562814139
"ufb173" 0.71291249263406 0.182826154107241 0.536380387816993 0.126397371818472 0.0727721014819785 0.077173543000675
"ufb174" 0.580318843562469 0.146917472881601 0.0847478602364107 0.0885646317547592 0.0366655507039791 0.103321471544234
"ufb175" 0.640955256656602 0.144636908041211 0.585589649404701 0.10301007081564 0.0686942819742809 0.0497791984586458
"ufb176" 0.464849531327084 0.132254741949232 0.633936604028872 0.0972809429782183 0.040747234292429 -0.00775307243591837
"ufb177" 0.588212862202377 0.153461375092744 0.0846114908904484 0.0898116779900262 0.0422697476666837 0.109347442278226
"ufb178" 0.586975101395645 0.15386291988925 0.085550750522474 0.0904671866153446 0.0435631880418783 0.109148789152846
"ufb179" 0.585357846355877 0.150992491917688 0.65360548762208 0.112787356012485 0.0485142564232829 0.0105991942265788
"ufb180" 0.634600327332242 0.162504061424837 0.210172132151627 0.104616768704102 0.0580886604650638 0.108668107356222
"ufb181" 0.611827023946745 0.148846102789753 0.233696342071478 0.09607994986531 0.0515864768005659 0.0843794865326512
"ufb182" 0.593122878117279 0.14535260944256 0.368814858449269 0.0958984271330618 0.0536117488967453 0.0693762618199502
"ufb183" 0.619971800262218 0.164531065515196 0.121187358727652 0.0993255163337373 0.0435081723960586 0.120983279420687
"ufb184" 0.557386317744932 0.143324154535258 0.145598954172547 0.0836112518426285 0.0444231606221775 0.0962779243033468
"ufb185" 0.722254294985368 0.180797108979209 0.45086077151198 0.123471373479966 0.0718127457815087 0.100433488665308
"ufb186" 0.608679497659211 0.156859659303775 0.219469631365766 0.0989912752392452 0.0454272819574612 0.10006215663414
"ufb187" 0.632018620982138 0.190441240553895 0.258798400732227 0.124251786566307 0.0591677539820379 0.111052439894836
"ufb188" 0.609061846797 0.137714725391386 0.517711962987776 0.0932746509617278 0.0613127284424975 0.0416877960074919
"ufb189" 0.610404088445658 0.15780197185034 0.145787088928749 0.101167882047564 0.0434425567203433 0.112560209787521
"ufb190" 0.560711807681319 0.126789004291613 0.595174352984428 0.0926858399320155 0.0515725645278889 0.0135621332161074
"ufb191" 0.601007260121656 0.145372314511295 0.419485046862652 0.0963475939846493 0.0592398072478378 0.0615335297863283
"ufb192" 0.66012509821633 0.160856947453588 0.341967822772182 0.105210705263035 0.0685918361775103 0.092247364085645
"ufb193" 0.606796786691172 0.157717392252665 0.13357339064009 0.0991385785460957 0.0409316066270645 0.113226093446527
"ufb194" 0.607175503687435 0.158026883193521 0.133586866037771 0.0988306623618942 0.0416100352903346 0.114164282365492
"ufb195" 0.678028143658676 0.189623452971133 0.447434220340634 0.130012833208535 0.0645794741443688 0.084049291872404
"ufb196" 0.72934514040435 0.17409613598045 0.504252441024104 0.121948933817481 0.0687309313410793 0.0821815665412194
"ufb197" 0.565389995841053 0.16686226428133 0.160274554732776 0.0977204360560802 0.059422864211331 0.103691539948705
"ufb198" 0.633789912501718 0.167451093254347 0.236845707414303 0.105128388894599 0.0646550375481085 0.111315649908115
"ufb199" 0.611846801355703 0.160481349623312 0.133596579806971 0.100152155141486 0.0408228726127401 0.117227288142707
"ufb200" 0.590930579346852 0.155013076153458 0.0964791171960125 0.091140589893245 0.043483170109016 0.110980003956903
"ufb201" 0.594974495710642 0.150896691240957 0.305769992093649 0.101383605522079 0.0597960542757596 0.0755848712656783
"ufb202" 0.629474199254771 0.165452973277361 0.305034979484297 0.113486088402825 0.0613354369551342 0.0836944668610588
"ufb203" 0.53814857781634 0.15062414364982 0.108106831516483 0.0905899131564406 0.048461165371595 0.0933961468241785
"ufb204" 0.591914027896641 0.161134828363797 0.206244368537947 0.107427175574702 0.0450626032736456 0.101464213395769
"ufb205" 0.598001469328529 0.154834867887926 0.255800938891033 0.0992486956505826 0.0475604233541206 0.0978717738004917
"ufb206" 0.552590020785193 0.134010901426978 0.121779313848194 0.0838843911285177 0.0205015622701813 0.0888952113200445
"ufb207" 0.498259636457393 0.132625756326843 0.666382588547719 0.0940511827325207 0.0422839859367029 -0.00889229602877619
"ufb208" 0.572541382667965 0.131604984948929 0.607306391013509 0.0906657886229526 0.053446216871609 0.0194127454582887
"ufb209" 0.576779424627095 0.162086027076695 0.243000980872886 0.102068207727682 0.0586917929079879 0.0936794790124532
"ufb210" 0.598022690354942 0.155949745575297 0.0728950448150861 0.094162837592885 0.0391197172145627 0.113235248133295
"ufb211" 0.589588126257115 0.152935772033887 0.0737445756832606 0.0924942870643835 0.0423758456205052 0.109915138912227
"ufb212" 0.563902366936775 0.15991297668156 0.110335698159705 0.0981287089213253 0.0535833321424429 0.105935221006562
"ufb213" 0.57394367695299 0.166469151916205 0.145032655395142 0.106705459445962 0.0516956247464038 0.103366324846783
"ufb214" 0.56543321299639 0.146563642076994 0.632636478794057 0.108393222078236 0.0460963535124993 0.00624529723881948
"ufb215" 0.592324747310075 0.149668551074333 0.333464993314962 0.0988590824836513 0.0577753143947347 0.0802834867152618
"ufb216" 0.592420708662625 0.154650640828303 0.0977471454872829 0.0919270577139088 0.0404095100629865 0.111077024411571
"ufb217" 0.639597003658324 0.166372933101697 0.462144972440051 0.122257581821698 0.0568204175163248 0.0584161159872647
"ufb218" 0.580465461747957 0.128985507259248 0.752997739282092 0.0991585315294387 0.0451081247635999 -0.0115497872814089
"ufb219" 0.57037093719511 0.156872231038971 0.243031685029043 0.098989791734827 0.0604326766528077 0.0929229285564965
"ufb220" 0.605782132531033 0.168162017441077 0.169360052038992 0.104491230653433 0.0549777025985406 0.116929167098078
"ufb221" 0.577806726669825 0.133624332996654 0.703451189820195 0.0974365442820939 0.0449097112015849 -0.00616250242333085
"ufb222" 0.582314546738007 0.145826280225077 0.320094288913494 0.0936857389585861 0.0579168074367922 0.0810074638226759
"ufb223" 0.655471856036828 0.153199587561878 0.707113202517575 0.113992206261857 0.0545318396990642 0.0165711544290649
"ufb224" 0.604265075004447 0.159115654850515 0.534783527781799 0.107583900348269 0.0662788408783067 0.0658534793306481
"ufb225" 0.601805214727803 0.156766354947845 0.0849043901583611 0.0956462437870348 0.0218007762948111 0.114098005737181
"ufb226" 0.567388204599235 0.164510994753457 0.242005676178654 0.102811654708045 0.0517097628762477 0.0903443532815386
"ufb227" 0.549630559598254 0.155754169938805 0.157370275757902 0.0905660716753885 0.0540413884774433 0.0956361636068474
"ufb228" 0.559005167415872 0.127144948260307 0.616977543121364 0.0888400449444547 0.0513504795641308 0.0143764946094813
"ufb229" 0.560340999911198 0.162849960744532 0.582152873931768 0.120616005035473 0.0530374055349953 0.0264719683798882
"ufb230" 0.555158311210422 0.143674841675603 0.0956261990538137 0.0839950074063943 0.038613897490465 0.094222187918759
"ufb231" 0.587502674074327 0.155061959456547 0.0487071391381095 0.0959109237028 0.0388292079491965 0.11235632237306
"ufb232" 0.602311175172884 0.157343213178802 0.110668709879408 0.0935358182801115 0.0450984070505611 0.113905003644804
"ufb233" 0.535963099173786 0.143906465862673 0.0861052694196256 0.0841801637504075 0.0390924009315379 0.0889016021722311
"ufb234" 0.606116458461328 0.157150626317619 0.262814852252369 0.0997515652447178 0.058618034996513 0.0822496881123186
"ufb235" 0.770514876180296 0.183708036810516 0.598581888115036 0.137285468134274 0.0794179986642961 0.0928313026698241
"ufb236" 0.594836916912447 0.158899762764518 0.206338707805406 0.101393717041982 0.0539192619356039 0.102262621255396
"ufb237" 0.596380983080421 0.15388350657632 0.157963141661201 0.097837490816539 0.0440665458971932 0.106386358859083
"ufb238" 0.552914016979063 0.145037900918334 0.0950462310659399 0.0846541908458286 0.0375541081095063 0.0940973138908009
"ufb239" 0.550463782048004 0.155067957668512 0.196001078366934 0.0924026085285362 0.0527089359254518 0.0980870741663347
"ufb240" 0.617645412209791 0.166501256059569 0.157816738889246 0.108192403850612 0.0576655510962889 0.119721455234163
"ufb241" 0.641014333909886 0.17275978957515 0.246874866047642 0.110356344678797 0.0690232254747272 0.110017152503338
"ufb242" 0.682959323868604 0.146709727081199 0.689489127448499 0.109041406966664 0.0665419040206296 0.0360801146950016
"ufb243" 0.551772069299705 0.137851622541361 0.194382924233316 0.0844041712761702 0.047637098485286 0.0765547547766791
"ufb244" 0.685842182961093 0.193145709815797 0.4497757720674 0.14417674960947 0.0796620728510428 0.0886020577379084
"ufb245" 0.628510625077669 0.175097591794691 0.356736447426927 0.120846527260522 0.0567847116999838 0.0832702642577764
"ufb246" 0.618131388390882 0.161161052621332 0.219469631365766 0.104033848889761 0.0453819839559845 0.104653310014933
"ufb247" 0.610000893764503 0.163986016740818 0.217929154286569 0.103603109133696 0.0700300492641908 0.107675691177527
"ufb248" 0.586106305073834 0.143821407844092 0.412211402758174 0.0931517181876345 0.0497810096320607 0.0490815417327637
"ufb249" 0.515004838367071 0.131972720427407 0.0961284527358487 0.0769813601218093 0.0427619592738457 0.0831648044454592
"ufb250" 0.511872520963918 0.135693468054669 0.130435543758538 0.0846555463564256 0.0365030044416681 0.0741828154625108
"ufb251" 0.540943150715664 0.134265980595569 0.289324071617657 0.0884787958278965 0.0466032999498523 0.0491383467142624
"ufb252" 0.567139276346432 0.142082996461154 0.0965795620425213 0.0862174313353493 0.036037420236145 0.0967463554381667
"ufb253" 0.589801079898401 0.155124882942259 0.194182793742658 0.098235041697511 0.0498270341453979 0.100869506614457
"ufb254" 0.576909659213995 0.146857781728225 0.074569794649583 0.0885543240510131 0.0397961685522939 0.102891002341677
"ufb255" 0.551327955398229 0.144420763760716 0.11051797788494 0.084924852295489 0.0389305014928795 0.0934634116310384
"ufb256" 0.583768262668226 0.150201552128658 0.097655822867789 0.0884257376983312 0.0395222481988629 0.105906857851165
"ufb257" 0.552488365070152 0.144268447984626 0.108964336560925 0.0834115725608647 0.0420932316646304 0.0948477502574509
"ufb258" 0.671920904343518 0.17312298868079 0.292162229681905 0.114322329453591 0.0582462384010849 0.114295744332342
"ufb259" 0.619514979114847 0.161828780739845 0.170563758420447 0.103833989488351 0.0495847279955826 0.110201824010769
"ufb260" 0.609513984749278 0.161535313757515 0.157826595659415 0.103905081707165 0.0542905352491082 0.113183027374945
"ufb261" 0.597763133737048 0.156872731983894 0.145543244898051 0.099318685814546 0.0489762585751761 0.111586769502402
"ufb262" 0.636615182777745 0.171276282723291 0.341049880705452 0.108447234233846 0.0664380140836972 0.0899786714839531
"ufb263" 0.549802998348783 0.137086002941345 0.184411027344073 0.0840942428031084 0.0475256171357071 0.0789507458361717
"ufb264" 0.584416217569473 0.151757270514899 0.0848008316895409 0.0939476429549348 0.0450838265196896 0.108675963943679
"ufb265" 0.576260617327243 0.142503776381394 0.157950592610826 0.0885975574507922 0.0403385380477937 0.097212760259323
"ufb266" 0.794704958492259 0.194502191412341 0.621696267491384 0.14296044613689 0.0838828411821046 0.0903591780919275
"ufb267" 0.669644621480796 0.190994583415198 0.345236164381772 0.128234957012608 0.0595429497216494 0.1116313330618
"ufb268" 0.608815345547485 0.164261970386106 0.230551733662615 0.103186316366647 0.0527727946918412 0.107985903691162
"ufb269" 0.66261231645847 0.160569743282188 0.703572937585458 0.119619379400586 0.0544155080150106 0.0251304602882033
"ufb270" 0.536044648251987 0.134061496787867 0.0725604253233155 0.082920594519867 0.0396084830452324 0.0894209726228404
"ufb271" 0.593549267272252 0.159763713727145 0.341017626290185 0.0999864884065627 0.05688587782613 0.0769870239487274
"ufb272" 0.586079197270154 0.158277911001852 0.157185347298869 0.0984859979769774 0.0479597136669276 0.108217587227859
"ufb273" 0.560501542494737 0.139059124301366 0.345745037920578 0.0933536166089713 0.0558484325596642 0.0688314165688643
"ufb274" 0.654209284028324 0.194408927234882 0.316628621758361 0.127358886496802 0.0601493519653538 0.115380623246242
"ufb275" 0.594400880238036 0.175214891400742 0.292167616176572 0.10792465380115 0.057356583654968 0.101979576349514
"ufb276" 0.557289007277626 0.16269258696806 0.24327560134455 0.0946226507997256 0.0524985756274052 0.0944444476373877
"ufb277" 0.615420173875303 0.162433032852501 0.122589318529969 0.0977284693195996 0.0466508254866584 0.118158487454536
"ufb278" 0.528337316156715 0.133717881639863 0.0960927162018852 0.0798330323734116 0.0389143917014325 0.0850306315368799
"ufb279" 0.564131935944277 0.142251256239885 0.242174603675911 0.0922424259075378 0.0564623810157721 0.0772558382068358
"ufb280" 0.636936629857956 0.162124117893916 0.258727397941894 0.105921795386163 0.0595067135893287 0.10570409468967
"ufb281" 0.63132844605915 0.163510191982717 0.254933277806037 0.104398034695038 0.0565914735454984 0.1097932953526
"ufb282" 0.560638358398604 0.14504338891256 0.0833077786000406 0.0833145144804394 0.0390949253748277 0.0969926610157291
"ufb283" 0.632253552118697 0.171670873732787 0.296031111917181 0.114066897296845 0.0613340260131938 0.0981208739864142
"ufb284" 0.617538130699693 0.143529947547794 0.614949554580273 0.103140103975094 0.0630515878459244 0.0325700247731589
"ufb285" 0.556999684014094 0.158245915044419 0.2779249928234 0.0998907871757372 0.0537736353117005 0.0895604793720108
"ufb286" 0.541133628664436 0.140751842435539 0.110264069522219 0.0829302932895333 0.0394716673894523 0.089586322064241
"ufb287" 0.709248554913295 0.163578857329906 0.523915372788741 0.113185997976452 0.0713971187102311 0.0709721928313059
"ufb288" 0.635542373650304 0.165153622528198 0.255291268017459 0.109518845532233 0.0604657300569746 0.108914836332729
"ufb289" 0.6707868681605 0.173420592125479 0.304265058752507 0.113319459611529 0.0560224087626739 0.114614520442761
"ufb290" 0.579473188968671 0.150158992659311 0.133397360573245 0.0876365481406513 0.046899181348463 0.105226296314205
"ufb291" 0.646818587411627 0.166302211969227 0.595244171610301 0.120088777860095 0.0668522122364737 0.0582633950560895
"ufb292" 0.611535399771133 0.152756500312455 0.438284160329637 0.101250389504099 0.0617985605424911 0.0693708949115659
"ufb293" 0.622227320250622 0.169295426470083 0.206131306779037 0.110273697180976 0.0555619826775465 0.110205295617946
"ufb294" 0.552592838671435 0.139334881955882 0.172014389795942 0.0839295012148737 0.0443759096708192 0.0813511337613934
"ufb295" 0.675328841835098 0.188148722021746 0.432815785030113 0.136435344025935 0.074533086816129 0.0829576130737215
"ufb296" 0.566903769154952 0.141316063373166 0.2375208751554 0.0906338920148989 0.0488684100193746 0.0883196795440631
"ufb297" 0.565482605211528 0.146154752056004 0.0996553859402351 0.0843873664034606 0.037217538440806 0.0993203632291952
"ufb298" 0.560996859545075 0.141193906637167 0.17007560290896 0.0842191993379443 0.0457366158141824 0.0860191564700653
"ufb299" 0.584464819705138 0.148532686902395 0.0737097878713461 0.0905080525953108 0.0364908155737279 0.105017894461446
"ufb300" 0.675052428210505 0.164722712984485 0.401437812732529 0.111213113007403 0.0717099105987226 0.0903454267231928
"ufb301" 0.58604829771079 0.150460683162073 0.097655822867789 0.0904801990048054 0.0393529124690978 0.106177158627504
"ufb302" 0.719771528998242 0.178808121543136 0.694967214860461 0.132637359590118 0.0627776835060599 0.0463115402862727
"ufb303" 0.73184129574989 0.179742186788398 0.560726586852049 0.124617805169466 0.0715096679844496 0.0736908487751395
"ufb304" 0.541838361500929 0.13844594637622 0.109006280452735 0.0831425782048855 0.0371603838831841 0.0929005673149724
"ufb305" 0.588250945337536 0.15304581820244 0.074646356692361 0.0915084939351357 0.0343395359735887 0.110026122715628
"ufb306" 0.571709718476487 0.151236097457576 0.229452484473176 0.0938581315927407 0.0526274135684828 0.0820193112744348
"ufb307" 0.741311628912018 0.173684612325885 0.627372816724977 0.125645634543958 0.0668462676862793 0.0666024799715447
"ufb308" 0.54701353846341 0.133715021919367 0.244010093844985 0.0840741702429407 0.0476062712941866 0.0780059652132316
"ufb309" 0.504156817996577 0.121212182813446 0.540409981712046 0.084048500950876 0.046696733994929 0.00734626853066766
"ufb310" 0.744775362445568 0.185348643631434 0.559436196250343 0.134339690875142 0.0816212967293152 0.094876883709866
"ufb311" 0.703788881919762 0.174142077328274 0.504866745835342 0.124346076054216 0.0821611211826093 0.0927868399868666
"ufb312" 0.678024983369059 0.170358913060068 0.429822952687296 0.118173544691115 0.0776110168377351 0.096464463312106
"ufb313" 0.594127266041264 0.138943212428323 0.366400576946341 0.0937181157595965 0.060861905814574 0.0624575415533942
"ufb314" 0.593385248889872 0.139987119078609 0.341286849825358 0.0913786042303227 0.0615246023168515 0.0697729214993122
"ufb315" 0.638963987465652 0.161270723386103 0.289293506733287 0.105274269344659 0.0663190478848411 0.104669098498307
"ufb316" 0.554320268603536 0.15559004747691 0.205870725638281 0.0928043258464367 0.052839575747291 0.0986322730487725
"ufb317" 0.597007560597172 0.146782051125154 0.262163846440529 0.0971999970408666 0.0525867956181115 0.0773131622563423
"ufb318" 0.516876994227943 0.12696214727326 0.348950123974116 0.080819130022412 0.0478347341038055 0.0493117869351015
"ufb319" 0.615536924723511 0.163536262128501 0.399399081725421 0.105405193581914 0.0559484257793853 0.0704219387052141
"ufb320" 0.580402667015296 0.170925437793261 0.199970641744211 0.102922446707725 0.0560653236684449 0.108058941852156
