"quartet" "cluster" "phylo" "mutual" "shared" "clusterNorm"
"mb49" 0.82091009326044 0.213157976995408 0.640267999309531 0.164580201859514 0.115757413550546 0.128497268635257
"mb50" 0.882700666473486 0.252676466957252 0.80708321779853 0.209539603619096 0.103261127541367 0.134179854904802
"mb51" 0.774063632702376 0.213911679497647 0.618901426538586 0.165895267453967 0.0945912480921798 0.114593973225059
"mb52" 0.88431100595578 0.21184682452275 0.784267693857254 0.170108041403046 0.107308611996528 0.111958060794029
"mb53" 0.72063164703205 0.228153348522317 0.131761845345242 0.146081627082763 0.0707755338083936 0.18940337959127
"mb54" 0.77581813304721 0.227110049522496 0.542912788251722 0.181858699470304 0.0867770168944944 0.10433002909152
"mb55" 0.819707724425887 0.207189442909842 0.650991067383054 0.158342406166527 0.0975076532882711 0.106523394306041
"mb56" 0.843522845275182 0.22751873603973 0.761980339096005 0.190146276789763 0.0895162697371242 0.105401727916577
"mb57" 0.765579513494844 0.220818604204459 0.664484601007636 0.174938511903035 0.112243046669875 0.122084878803236
"mb58" 0.955149283177693 0.233309587014081 0.91660748886595 0.198510390393039 0.098196614592199 0.112108020376006
"mb59" 0.77572202166065 0.217154676197292 0.714176448346481 0.16912251808845 0.0812157923138658 0.0933992749647973
"mb60" 0.711132642612554 0.218557550491444 0.178159258906436 0.144121093270978 0.0786410022409079 0.179010434619725
"mb61" 0.784711009502036 0.209222439171596 0.568543952245333 0.162360240671992 0.107004566191899 0.123605305273821
"mb62" 0.735607982632804 0.226345495654874 0.288044407946999 0.158885884780008 0.10045881677605 0.142702160632307
"mb63" 0.833845933767256 0.219673150477901 0.794899613327127 0.176643255970615 0.0885268434712101 0.0963158799943733
"mb64" 0.692910622367805 0.199258729343782 0.227837376939369 0.135206587933131 0.080207211571698 0.130510476376255
"mb65" 0.916048997425295 0.20325578605417 0.855223256466207 0.168468551672056 0.0812063458536457 0.076999282918688
"mb66" 0.757718318141723 0.205367957253123 0.675069987631748 0.160332130313828 0.0762058676384856 0.0762069673604122
"mb67" 0.70237053371464 0.212822778463322 0.201693409634557 0.139565568693484 0.0741652185524412 0.172562987222499
"mb68" 0.724124074667029 0.231540616190138 0.144933763591821 0.149369136555826 0.074204174801798 0.193178491413372
"mb69" 0.707259035707549 0.202602368797543 0.47097727045616 0.14914359758346 0.0994554653555098 0.11630082707208
"mb70" 0.816936404539655 0.203106700266494 0.69912893915385 0.163426954021274 0.103179096061846 0.102214231851494
"mb71" 0.739687532485824 0.199325231739447 0.364377987162542 0.141342703294744 0.0928417506089137 0.140870423592089
"mb72" 0.796720165503169 0.202963194571649 0.569864541540065 0.148035672211769 0.101875218161872 0.127229137876908
"mb73" 0.720642048359843 0.230672179204696 0.166303919336908 0.150519258684772 0.0807171449464549 0.192263043724558
"mb74" 0.743392897839978 0.199059337536348 0.375475983730595 0.140965484737985 0.0933391611725844 0.136138327348393
"mb75" 0.698797275613161 0.206552031144095 0.167617636023488 0.132532399587735 0.0667093804854393 0.161885106572212
"mb76" 0.686559431652686 0.201332464570037 0.236398822195288 0.134131832869574 0.0746992955925286 0.15848484940931
"mb77" 0.797091341186196 0.209168151266576 0.609645034677591 0.1644528353452 0.091978808202979 0.108927768724074
"mb78" 0.807099745870394 0.174772401027764 0.797508891712879 0.142243411165894 0.067807687241461 0.0443170358186397
"mb79" 0.716010350576427 0.22304772848118 0.168213665020686 0.146897076917106 0.0712291815514912 0.184042164704553
"mb80" 0.697201506791909 0.20313155751162 0.191557176147856 0.136976693484116 0.0781567642534243 0.153393347337433
"mb81" 0.825111406457666 0.197892200582422 0.768044905654933 0.160637003954511 0.0754005447678691 0.0699845855727804
"mb82" 0.7296300314636 0.18205838755858 0.562336877296572 0.139928998896369 0.0794474982953986 0.078317573671768
"mb83" 0.660710996500276 0.165354529666946 0.686675034184414 0.12990649024603 0.0594317091261459 0.0328211073110539
"mb84" 0.786643298588691 0.161302567178819 0.804690910099426 0.129185901258037 0.0623630462794387 0.026233938118242
"mb85" 0.689696285140562 0.201750013950872 0.242522701205682 0.137359459737815 0.0792593608131987 0.125813791368761
"mb86" 0.814144958833851 0.197114898684719 0.755923771459453 0.156125837547325 0.0758764212977917 0.0674830033085247
"mb87" 0.763858379635612 0.163203958561017 0.710958897489419 0.125826440671861 0.0745905407269439 0.057336467102326
"mb88" 0.647635795391953 0.168335921862312 0.343760255179265 0.113959442895235 0.0723888729338245 0.107546370196588
"mb89" 0.746374714639401 0.183851743354056 0.53900230668648 0.136023297289578 0.0861192851414253 0.0956714062687026
"mb90" 0.68344025225617 0.181391314345077 0.391235406672785 0.128126281023436 0.0830400091475296 0.111324731388018
"mb91" 0.651476465080104 0.170676722589571 0.36575645581683 0.118994571807526 0.0754455945905006 0.105469678816525
"mb92" 0.697487391020753 0.204734126745869 0.167641291089831 0.134010899061256 0.0701203223474379 0.158619662381024
"mb93" 0.709484304599155 0.21958372008289 0.131759765616471 0.140236271353818 0.0658786527444466 0.180087473933379
"mb94" 0.69738004076307 0.205615212018833 0.155631224094107 0.131065398135811 0.0651522567066995 0.162022218769076
"mb95" 0.814335229873782 0.202860730915184 0.756044076979299 0.165373398285614 0.0793241715213066 0.0741565437768532
"mb96" 0.688398766582454 0.17645880008531 0.416421386750686 0.131129887480832 0.0716943930934563 0.0979644574614207
"mb97" 0.703867761452031 0.204296138743731 0.26677497132625 0.139698622873134 0.0786413858240614 0.128498303072163
"mb98" 0.778720009455147 0.188489562512172 0.614285618514235 0.143853012331596 0.0758969688353222 0.0856686544717621
"mb99" 0.657662458781601 0.155316530615437 0.586243748437966 0.117999916132757 0.0652982756983967 0.0483484316740176
"mb100" 0.720693417383925 0.181788536233806 0.55934661037096 0.133817212425974 0.0681790420908194 0.0784122568670509
"mb101" 0.713331196740169 0.188280877818526 0.337260058352328 0.133268927936303 0.0787890426368288 0.132538129329575
"mb102" 0.687969156295485 0.197484082635626 0.17955015147783 0.130931832548381 0.0704158303141792 0.149353582705678
"mb103" 0.786928333625372 0.169642682437767 0.795077927092507 0.137666814971403 0.0665646477095351 0.0379502199206793
"mb104" 0.695253903848518 0.200777766854963 0.181700999530992 0.133875963955271 0.0709674815979794 0.152821036711723
"mb105" 0.633466914280129 0.155977416046355 0.686675034184414 0.120015780090491 0.0539655551680438 0.0225508624851888
"mb106" 0.70391061452514 0.153754967590163 0.768059176406678 0.123501430513192 0.0574348186772912 0.0185118087664188
"mb107" 0.784797494396168 0.200853038376453 0.521329402243074 0.148922399896732 0.0999467452228856 0.125117359318078
"mb108" 0.762618070794772 0.155631500108615 0.829051909433844 0.127309484326378 0.060977100892879 0.0211453593691632
"mb109" 0.700134470570155 0.211210337725393 0.143749304569018 0.135017229418061 0.0666593123395736 0.1703258330036
"mb110" 0.690497645619956 0.205262371588733 0.155623795891296 0.129191526200322 0.0606867251883231 0.163405152427363
"mb111" 0.809081803005008 0.194992641789851 0.743774097516356 0.158701126768696 0.0769947006819748 0.0677337752151883
"mb112" 0.676441929686623 0.195998310486107 0.248196630491296 0.130180222680881 0.076765301887863 0.151899038046029
"mb113" 0.702245841813113 0.212245044827281 0.145341996698585 0.133294855169224 0.06020061611857 0.171415491629626
"mb114" 0.659310251356739 0.170056868206642 0.343775982804611 0.11827542414543 0.0754813472355868 0.104884234521634
"mb115" 0.730492008774679 0.159974001198378 0.595758651879591 0.113334180678904 0.07222006125869 0.0693387169617722
"mb116" 0.656174181608299 0.183055424770816 0.271990636160805 0.122656889600312 0.0720970866741602 0.135713742913175
"tnt1" 0.839540250690076 0.204685109677423 0.6650829566238 0.15477130705685 0.10535867584718 0.118819274739149
"tnt2" 0.683646085347755 0.186994385600453 0.409145012114417 0.132820392506557 0.0836073551355959 0.109657626013576
"tnt3" 0.669957898508532 0.186073663668752 0.234624297634717 0.127288329625132 0.0794503710647253 0.135396791093696
"tnt4" 0.654523227383863 0.168713887143513 0.37413523935098 0.119556557112001 0.0721389276649956 0.0973398927098687
"tnt5" 0.643444015444015 0.165210630021426 0.349712694493738 0.113722135524149 0.0730589487533121 0.0995390736562107
"ufb1" 0.780032260803124 0.193854991781802 0.719381436795499 0.152439895283791 0.0692514426761344 0.0657614668736799
"ufb2" 0.737015409297186 0.191770963413486 0.374155225318407 0.13578364836633 0.0861334420468027 0.122552437925235
"ufb3" 0.686212417525169 0.202549996076516 0.180521163699419 0.130555781494731 0.0644580291619783 0.160548676847601
"ufb4" 0.627561202419886 0.176189182422318 0.286373084886437 0.119974571969527 0.071694376956938 0.111351267997616
"ufb5" 0.614945344615551 0.163751146748742 0.238100650648551 0.109571168633791 0.0619187591523973 0.111606828103535
"ufb6" 0.710849994766042 0.18352435626158 0.380253965500346 0.128340337144495 0.0852002707009694 0.119308876801609
"ufb7" 0.688533705200843 0.19199518995545 0.224267929890385 0.127885426447924 0.0674232168626326 0.147716088206091
"ufb8" 0.680508357507943 0.171427321413637 0.5137230291189 0.125154134020128 0.0705188802692193 0.0663381527817124
"ufb9" 0.687437368174921 0.178458394343731 0.454306195644429 0.13412055969674 0.0785328640095525 0.100213936040819
"ufb10" 0.710312539760242 0.220223163462453 0.168213665020686 0.143911456884169 0.0712350159219376 0.181070463556597
"ufb11" 0.708788099280459 0.198863466190522 0.473063492806952 0.150079149358713 0.0755277162999791 0.0973613914249564
"ufb12" 0.727168856606545 0.170290868095431 0.699789546396184 0.133209695936831 0.06228654118924 0.036875098737043
"ufb13" 0.700867180301875 0.206985115183612 0.204583795630073 0.132440563029306 0.0650984086956012 0.163468763402822
"ufb14" 0.695311659494352 0.202697462843426 0.204598827309431 0.131658605984469 0.0593158821212334 0.157815556239883
"ufb15" 0.689271801185574 0.197000643873638 0.228556943330736 0.131036502633031 0.0614307527015223 0.150440478333355
"ufb16" 0.707060032291208 0.17241590458311 0.481277443346563 0.12389970123423 0.0775290271020159 0.0830100136210182
"ufb17" 0.66333923005644 0.181766634532333 0.240708849882184 0.12242674958924 0.0722259107006653 0.132760095262321
"ufb18" 0.681426489637306 0.189147689538874 0.224073193592422 0.126090756140036 0.0702333069360435 0.143574664792016
"ufb19" 0.687306103539194 0.204238366910954 0.189610529656669 0.133300870975771 0.0666127549589928 0.163003873321812
"ufb20" 0.696491304560366 0.207608628961534 0.190084913099956 0.131026094168951 0.061514631630286 0.165875739315731
"ufb21" 0.643289388372596 0.137508709887561 0.743638020611513 0.105412407233405 0.0498165368527531 -0.000963324853744267
"ufb22" 0.700853107734211 0.217598780435009 0.14267398583626 0.140777821846121 0.0659003767438599 0.178666820731742
"ufb23" 0.625689023337969 0.171642320620932 0.374949826828734 0.123312589925295 0.0722266660212224 0.0928037492287908
"ufb24" 0.631673163839718 0.161991144836154 0.380009760265203 0.1058775515274 0.0655782741668782 0.090351711983294
"ufb25" 0.775789231123742 0.193977186372591 0.722748993247404 0.157917927738271 0.0718226290727013 0.0666554929807706
"ufb26" 0.762929450021207 0.190559915634346 0.624325074550921 0.147601589182852 0.0900906430941906 0.0876295883717089
"ufb27" 0.609960248665734 0.163915018049914 0.243337554566715 0.110226465117684 0.0618762956174799 0.10939289713307
"ufb28" 0.785880315391277 0.195240295695714 0.569522417375864 0.142446567242031 0.0926455991098732 0.108354755420291
"ufb29" 0.627152358413579 0.168015151271244 0.384420887869767 0.119114811517664 0.069987667152259 0.0886431177819189
"ufb30" 0.703033958339549 0.215512451549515 0.154401218949963 0.138461963246255 0.0634960736985456 0.176478524863967
"ufb31" 0.754906522869734 0.202571583083403 0.551478003335177 0.155199563536598 0.0781979019964314 0.101314715395868
"ufb32" 0.712515527009422 0.192070105607644 0.443493831428671 0.138307859591334 0.0828630294747517 0.104716048643123
"ufb33" 0.776257762577626 0.173701455427506 0.780316395001544 0.141694205698577 0.0681543902022189 0.0431727062060151
"ufb34" 0.674110889208371 0.191195454115754 0.28537919406578 0.128302971541451 0.0757479460162112 0.135507979769235
"ufb35" 0.702185141040922 0.207825611336359 0.204568151828647 0.132887735722833 0.0635806430529495 0.165310307433809
"ufb36" 0.766268642774854 0.193554692983459 0.485385436626739 0.144974182887917 0.0891914579778935 0.117127344969454
"ufb37" 0.604788619515127 0.159080526490077 0.654627149769945 0.121332833402523 0.0542695106376991 0.0261445253616274
"ufb38" 0.763095543032787 0.19017768664885 0.54582369648769 0.138677226556518 0.0903716993718584 0.102745563934113
"ufb39" 0.710400792287325 0.177395932147021 0.426820013447432 0.125376973142333 0.0779716821678508 0.0992324863841617
"ufb40" 0.735205768530166 0.186632491309978 0.432211810713285 0.13362120102348 0.0895623498151741 0.1169523162668
"ufb41" 0.658924244871588 0.175921228680162 0.428441289614857 0.124945170252118 0.0679893411332836 0.0871513242349688
"ufb42" 0.693041821347613 0.201096706710683 0.240605781228601 0.133092392818363 0.0699331631565338 0.153182872144038
"ufb43" 0.701759095678675 0.212579159447411 0.177809550397454 0.13942869807493 0.0655894475002769 0.172729490107431
"ufb44" 0.647243571353074 0.174792612693372 0.415983505346214 0.126405744134743 0.0771951251892655 0.0856110615916882
"ufb45" 0.643748954907753 0.182377292867485 0.466984330536275 0.138013315217363 0.0767849605374927 0.078844860249279
"ufb46" 0.663285559030772 0.182781945804304 0.288541735891158 0.12339092429827 0.0714002128090528 0.118383533624312
"ufb47" 0.715036178015661 0.21996300022588 0.435833885991115 0.16280348482489 0.0914326165877386 0.120912527693306
"ufb48" 0.658386937827786 0.172780743616986 0.403787831743435 0.124916365571357 0.0790780841966288 0.101802250842324
"ufb49" 0.626754748142031 0.139311312263561 0.707066443379512 0.107008771663198 0.0499903098313891 0.001128683365186
"ufb50" 0.648962826042308 0.180119478810387 0.261670499842626 0.117064819549048 0.0693570156255229 0.12010176554697
"ufb51" 0.716734498645643 0.223886288303911 0.156233664028673 0.145415874290589 0.0714591063713647 0.185267291196263
"ufb52" 0.739898295766905 0.188000659092116 0.4564890043456 0.133812799377699 0.0902864132887676 0.118360561180864
"ufb53" 0.670851451816524 0.143299548786575 0.616884375189251 0.103390814157062 0.0616942296322417 0.0341037084337985
"ufb54" 0.637363600007617 0.169644149181994 0.28372677132008 0.116337677407521 0.0679038020845226 0.109098556811998
"ufb55" 0.676745565997716 0.200150759741206 0.177938205967216 0.128955327211315 0.0637839942887941 0.158693015548941
"ufb56" 0.634561066358655 0.161801325195764 0.308020794048911 0.107433787473073 0.0694703877545491 0.104167610732928
"ufb57" 0.634668244179932 0.178874947728052 0.178224890932927 0.1138729527084 0.0545234905350986 0.13481637999438
"ufb58" 0.69740815943488 0.170417482958814 0.484607099052193 0.120428981689164 0.0720248842030344 0.0807345589418859
"ufb59" 0.610469026617087 0.149207104891301 0.366798800167016 0.102354231089123 0.0642160591362111 0.076361802801461
"ufb60" 0.615073658691383 0.165275331061999 0.225873680291001 0.104411069451728 0.0547926922552951 0.110762429715499
"ufb61" 0.620745215838107 0.172628291892845 0.240545913079594 0.109185217293988 0.0643065404815643 0.1157144072909
"ufb62" 0.649409868508299 0.179353161309832 0.276587623935043 0.119563549907103 0.0674666073397192 0.114762522389074
"ufb63" 0.578458289334741 0.141771599201952 0.714175113396077 0.110334299644476 0.0531367235987009 0.00609933181972777
"ufb64" 0.715809919114517 0.211856183284095 0.430595300297203 0.153007184890784 0.085386241945601 0.11177629285333
"ufb65" 0.70690363520639 0.188079846355974 0.317806048856228 0.131164728458944 0.0800941186517321 0.137556009275731
"ufb66" 0.695281028198734 0.147219048002281 0.78992786725688 0.118897809498035 0.0574199745912775 0.00923467980969236
"ufb67" 0.659379063719116 0.175007426530138 0.662494430326995 0.139306386596032 0.0638761591817649 0.0432488595707989
"ufb68" 0.680236144480113 0.194262507135474 0.237457907916433 0.126538756722447 0.0680453992552531 0.147561245492736
"ufb69" 0.761586689041088 0.198727073064469 0.436306619818555 0.143767560316445 0.104455835356019 0.130194711588779
"ufb70" 0.704981284736663 0.189376629335106 0.301978169648349 0.131028068707812 0.0722080688624869 0.140850581961398
"ufb71" 0.649449755838115 0.178025973831403 0.222121925202045 0.122659110884903 0.0674301525712371 0.124492012887956
"ufb72" 0.665694509643332 0.188449304082024 0.224192070633397 0.12445921080703 0.0615532870883793 0.143935970708483
"ufb73" 0.494005602240896 0.145568882554812 0.595136584010658 0.104804073132249 0.0459959535982602 0.010496905307355
"ufb74" 0.580035418699628 0.140704247672355 0.535567573163485 0.100133825026596 0.0573717033683517 0.0321372064060254
"ufb75" 0.877194408322497 0.195521639206717 0.831093799210575 0.159763217623643 0.0771074008617986 0.0683463987144808
"ufb76" 0.73206482749625 0.176620783976486 0.545821930900723 0.129868888328973 0.0813525546966419 0.0877249960125451
"ufb77" 0.727366997610757 0.18212201235999 0.439034012545473 0.126569159783747 0.0839926690376699 0.112055430238331
"ufb78" 0.692332403244714 0.201121864383092 0.213881784401332 0.130039747108365 0.0647417853562936 0.156149250139489
"ufb79" 0.6836744021773 0.195992740757907 0.237488778391859 0.129679393729079 0.0715020988172006 0.147772798327707
"ufb80" 0.689050877714966 0.188171742270019 0.511864797451276 0.139099767188597 0.0756392043442202 0.0852907955991672
"ufb81" 0.677632528671104 0.183078927908934 0.452065569882051 0.127242939886517 0.0723243666251496 0.0950800520337007
"ufb82" 0.696774056871084 0.174158294353986 0.40479090487051 0.119725704258058 0.0779824265917239 0.109267608950172
"ufb83" 0.681885503877564 0.175439594528475 0.309693779995204 0.117450463543459 0.0720628855919018 0.118757758246036
"ufb84" 0.595333020637899 0.138961940052954 0.68651442588496 0.103301755301191 0.0470203570593897 0.00147189314778794
"ufb85" 0.755133171426851 0.187809766833671 0.510339879573059 0.137269044911708 0.0912917759015845 0.110635838670497
"ufb86" 0.58307808777669 0.165541184259349 0.292502630941165 0.10934236929011 0.0660179004292619 0.09401936268365
"ufb87" 0.689502893000875 0.193972528649481 0.18957962464748 0.128776003169058 0.0671787243656524 0.150763608387176
"ufb88" 0.681418110845077 0.204521026214668 0.189875377979221 0.133566723908022 0.0701941650973652 0.163834108532345
"ufb89" 0.637946187128177 0.160353731855915 0.475916713302726 0.113582190995852 0.0671892773357326 0.069906894023242
"ufb90" 0.638473196099483 0.162854797407581 0.320157489143902 0.110581062394228 0.0712990274367351 0.101755057238935
"ufb91" 0.700127704609328 0.214112472763661 0.180012989677444 0.138225431768162 0.0600461908944562 0.174339331146402
"ufb92" 0.689976308535304 0.207058205485588 0.177930739216215 0.133630851833731 0.0607439505486509 0.166502156422642
"ufb93" 0.705184185035006 0.214228614780133 0.156265428506877 0.138218843475539 0.0637413972115202 0.175171689257266
"ufb94" 0.693640244782251 0.209878394919194 0.16635437877484 0.133387201742221 0.0645200762719071 0.169466588147205
"ufb95" 0.821985640009903 0.191371440272279 0.79270957206503 0.154002852016206 0.0738083663240861 0.0617436638295475
"ufb96" 0.624295324517468 0.163300356828532 0.392643351511169 0.113332892139809 0.070123373409143 0.0839340583515601
"ufb97" 0.662423147322476 0.189659396036819 0.177413614958781 0.123676769080099 0.0564457489759719 0.146992038622688
"ufb98" 0.688603987911294 0.203337261421237 0.194023662149576 0.133444731594106 0.0635166844137063 0.162054344735994
"ufb99" 0.689865891221454 0.199752598418074 0.240588501768053 0.130746226952558 0.0665958726360365 0.153369547348509
"ufb100" 0.624436389355495 0.171633840706504 0.621811123642882 0.128737026200732 0.0584605847258475 0.0406435199339263
"ufb101" 0.774530675440294 0.224592221896659 0.520396569527617 0.167303873219982 0.0983352572475655 0.126349918687
"ufb102" 0.619059014572027 0.164786049483573 0.226056673509064 0.108708919212142 0.0645509074328266 0.114717146130425
"ufb103" 0.644183240571362 0.168249478513424 0.299509625357465 0.113358941338994 0.0688836271720758 0.10287309979116
"ufb104" 0.627453573790416 0.162846297174489 0.249086852904794 0.106527705408796 0.0642771798317061 0.105314303414921
"ufb105" 0.637908602884388 0.176277592508874 0.177854002105549 0.116769070069317 0.0719807884055464 0.129946432423114
"ufb106" 0.646235248795138 0.18041405769304 0.177904829338227 0.118151858340872 0.0751494807400218 0.135471419437968
"ufb107" 0.650016791517885 0.167915725780867 0.367003985115175 0.11958374552672 0.0732378888949069 0.096521805206954
"ufb108" 0.669112306527101 0.188953002432206 0.178137535459036 0.123693797807602 0.0495487041456173 0.146255514771742
"ufb109" 0.707703526275631 0.215168089280404 0.189935251559579 0.13808135788657 0.0656194865038327 0.175026830870887
"ufb110" 0.634084883542584 0.156019837506539 0.43777004560857 0.107792108283999 0.0704331408463033 0.0757366392520505
"ufb111" 0.641452611574301 0.15441094998087 0.40742498942585 0.106825362887989 0.0686925577223406 0.0820350561515169
"ufb112" 0.694370911238703 0.21002300069673 0.156265428506877 0.134016303183153 0.0627680842693845 0.170757034275806
"ufb113" 0.709796721952796 0.219370125416135 0.158110126698681 0.14104345529237 0.0659548247005083 0.180526408784107
"ufb114" 0.637388769561215 0.172316312779314 0.450111438570279 0.124172337806809 0.0676834543858517 0.0829484206719744
"ufb115" 0.645533005790306 0.174243771525666 0.224742609480668 0.114618169292878 0.0535028522634583 0.126419924449272
"ufb116" 0.692117785050989 0.205104607258183 0.180553364304125 0.132693358275154 0.0640082637754592 0.163903099239293
"ufb117" 0.625745526838966 0.143199811816626 0.746998677323494 0.113053303950793 0.0526969572591613 0.00773659754016246
"ufb118" 0.742244168227482 0.156198113574457 0.736737879520239 0.121855375643512 0.0766581680877658 0.0492844085919686
"ufb119" 0.690864271588044 0.182250858781359 0.421645464930295 0.135337576122555 0.0805970512327401 0.104287600935113
"ufb120" 0.658533790751437 0.171465875074077 0.378090389034996 0.121850567984177 0.0775338599998684 0.100402745578785
"ufb121" 0.710227064502012 0.21881952229833 0.146311022595017 0.141986717646822 0.0645469642537128 0.17981822529148
"ufb122" 0.736780344701137 0.188033561382308 0.438944117433923 0.133914981816911 0.090004071644502 0.118473414256208
"ufb123" 0.680096216546757 0.194275030706166 0.26442483563136 0.131356779906734 0.074740589169715 0.141690274181839
"ufb124" 0.625985438953034 0.156721602252105 0.352209401645893 0.102358559312772 0.0622380034968913 0.0905638150419249
"ufb125" 0.707955941560341 0.221735189326888 0.14491381176318 0.143061593186014 0.0737397714973703 0.18300967152541
"ufb126" 0.67918149921889 0.203777938392752 0.418465623550846 0.145914775248984 0.079766079393612 0.102955387571495
"ufb127" 0.693614802183127 0.20149496288208 0.204583795630073 0.130389832525541 0.0587570370950959 0.157677341347773
"ufb128" 0.636155048494402 0.175632797574204 0.22581203508099 0.11409691308405 0.0640144474482642 0.118875666301692
"ufb129" 0.814578266700002 0.199949959353313 0.662991515737474 0.155458123122684 0.0980544519398433 0.0986578246555319
"ufb130" 0.725945587259456 0.149254214878566 0.819268173246804 0.123201497786416 0.0586795541781865 0.0147648300877972
"ufb131" 0.813067432296112 0.202054527594242 0.797508891712879 0.165723698600481 0.0799925758988368 0.075912032906347
"ufb132" 0.652754427487146 0.172499387359882 0.463992021612909 0.12196810970262 0.0694377426058991 0.0833608815896696
"ufb133" 0.637105833583849 0.171444459539851 0.433314270135318 0.121769507455349 0.0647165233613147 0.0822448115220511
"ufb134" 0.697397258016676 0.181415198532211 0.369532645067307 0.126350744585068 0.0871518507851279 0.121596082047868
"ufb135" 0.602756772279123 0.148307011517567 0.707186756301007 0.117370641236344 0.0542390962477325 0.0116818697521616
"ufb136" 0.690564992188161 0.198564524698657 0.22523330784697 0.128156530190025 0.0558052684788682 0.154586096625528
"ufb137" 0.685248092571603 0.194686988443241 0.225235568988947 0.127868060207271 0.0578996428104876 0.149354154685795
"ufb138" 0.60852230251682 0.166575359591957 0.612438804448022 0.122992506526694 0.0550442628016251 0.0334701174115222
"ufb139" 0.6355819165431 0.173523723842987 0.261642605803138 0.109874688470506 0.0666628831704538 0.11662138425278
"ufb140" 0.739714715563951 0.191377131596411 0.37377885792863 0.134407809924991 0.0863947336408068 0.122155983710902
"ufb141" 0.687112655123727 0.195865019942402 0.218953771813874 0.128922772589499 0.0633937661275522 0.149236269571591
"ufb142" 0.623928254656549 0.145166822765957 0.68651442588496 0.110489657074725 0.0511591138936474 0.008551144411843
"ufb143" 0.644779611188174 0.166369296051739 0.36575645581683 0.116267987532495 0.0718291803799244 0.100763242618318
"ufb144" 0.661515642388205 0.178751777895548 0.212074907521517 0.119444359190087 0.0600566156331345 0.132594462850106
"ufb145" 0.685001400857905 0.204968929048278 0.177930739216215 0.132596521028343 0.0633114555051314 0.164306021199122
"ufb146" 0.475583864118896 0.142656971382359 0.597413235452951 0.103121824408371 0.0457209652386031 0.00556967238136738
"ufb147" 0.69197128272767 0.206175236736811 0.132777757796153 0.132158067158902 0.0608007851417653 0.166674858363453
"ufb148" 0.678611523506539 0.193844329084198 0.230424895458633 0.129078739445797 0.0662399021971603 0.149622474655662
"ufb149" 0.780098914888905 0.204482820244756 0.770829593993288 0.166664272946983 0.0816844198199699 0.0787350489780184
"ufb150" 0.647669189426346 0.168289581869732 0.343775982804611 0.114469008364099 0.0732681176919322 0.102978169151993
"ufb151" 0.778746481773872 0.183016140558305 0.731383812533568 0.141916961150223 0.0688823483761446 0.0511078936401733
"ufb152" 0.716378633851481 0.224052995148996 0.1446455572509 0.146704711434874 0.0719422046109057 0.185442307405824
"ufb153" 0.622177625671686 0.174844853739954 0.213293235256823 0.110354601797352 0.0632679211926055 0.12702122003741
"ufb154" 0.608007742907179 0.169269682541292 0.224803533422881 0.108857202871139 0.0633859659085829 0.117421969579365
"ufb155" 0.602099220041173 0.171180132090751 0.239328623175352 0.111345374037788 0.0720578582818167 0.117054557193952
"ufb156" 0.674922769448057 0.192966042573648 0.24951969071202 0.129417908138298 0.0706625269139875 0.140254733093399
"ufb157" 0.659737536425927 0.187062509568658 0.261247981851097 0.126983865000264 0.0744601973589002 0.12306219482393
"ufb158" 0.686515321220468 0.179403410284796 0.293482586563591 0.124250992647792 0.0674482612184971 0.1283190028316
"ufb159" 0.626711316852162 0.139836200191463 0.719337177737842 0.107386528608497 0.051276651407075 0.00173784147670734
"ufb160" 0.719119272880066 0.188667490410945 0.320311725197508 0.131961174512368 0.0806571186010046 0.129451629880516
"ufb161" 0.694156920405616 0.17714158823368 0.316428417252477 0.123869737421353 0.0732585413946826 0.120675925957627
"ufb162" 0.692237882365261 0.179756579796365 0.304672238469798 0.124878751683232 0.0739391401537478 0.126369472215435
"ufb163" 0.54543044602028 0.145257900022462 0.442558587691061 0.102513390075962 0.0528594701749739 0.0370160072500006
"ufb164" 0.715637509215592 0.228116476302863 0.156491548342036 0.147708552162428 0.0787653447685296 0.189706152669357
"ufb165" 0.630469453074256 0.172717746038489 0.201172415250608 0.110818956478435 0.055438412536497 0.127334478612833
"ufb166" 0.705493939874108 0.221132628758828 0.146910565495238 0.141591240365897 0.0731143875109617 0.182419073004079
"ufb167" 0.617409305993691 0.175925332421892 0.590216643083679 0.128937736120375 0.0580612474327743 0.0456028600972776
"ufb168" 0.667093238374762 0.188244040301749 0.249640510796494 0.122384832332807 0.0654229955360086 0.135224313906908
"ufb169" 0.674599909274087 0.167841531786341 0.417400073440483 0.116721590407872 0.0700419177642166 0.0886110449855812
"ufb170" 0.635336533070177 0.160614572372783 0.342889990644365 0.108144137451944 0.0671642395381857 0.0946380827970062
"ufb171" 0.615839689122176 0.164796118618211 0.273145280197535 0.104991123987645 0.0612397734950075 0.103706955454259
"ufb172" 0.684606127750611 0.177409199144103 0.379687993197541 0.129745445364997 0.0764719515441708 0.0991021256894954
"ufb173" 0.726663555478903 0.19540966344887 0.330655453899548 0.134513026281073 0.0873603300773851 0.132120829967094
"ufb174" 0.72503184785182 0.193500442511237 0.333201551929857 0.136048868744687 0.0894984370661838 0.138157347043339
"ufb175" 0.60348425131653 0.14820147914898 0.544896671508156 0.10955436259604 0.0631143816667152 0.0400246897335802
"ufb176" 0.616353923078386 0.163160320791691 0.202185884390542 0.10845668718326 0.0610156600075863 0.114684892564624
"ufb177" 0.827435119649478 0.191592217966603 0.780463730385338 0.157522740025625 0.0758679175157726 0.0637957984401491
"ufb178" 0.677823639774859 0.174071397352956 0.31250711522861 0.121597792260287 0.0721044286438633 0.113727808455548
"ufb179" 0.639850841186333 0.170571706353541 0.225642683659756 0.110078409697831 0.0706210081493912 0.116480988560774
"ufb180" 0.67914986340575 0.171774849355992 0.484683198176927 0.125195516911371 0.0758291909721152 0.0822386649158522
"ufb181" 0.689916270553104 0.204257744927793 0.190084913099956 0.130410824910419 0.0574227319775258 0.16234837421631
"ufb182" 0.641243769530746 0.176768330856344 0.273131875685924 0.115563934025476 0.0627926519741164 0.111957583962304
"ufb183" 0.640888888888889 0.177080075619988 0.49124368402899 0.133906087577763 0.0728476532562261 0.0726453108729411
"ufb184" 0.673091697060498 0.199489685068846 0.192141059713297 0.129654141836635 0.0702769582990455 0.157996285125587
"ufb185" 0.746028913082277 0.178770050215229 0.532485370249566 0.133668368606537 0.0818346428705963 0.0904093536044131
"ufb186" 0.707362808004453 0.17822034528814 0.374155225318407 0.12623668085618 0.0808504331338529 0.107841314839497
"ufb187" 0.656148458372446 0.192284300705162 0.686376493598576 0.152428441981894 0.0752438275986537 0.0646083037710301
"ufb188" 0.688341043508813 0.197601411558358 0.218932901004864 0.127652132860237 0.0617670204035695 0.152430614438305
"ufb189" 0.626867938172286 0.158750145825262 0.272795862236254 0.10581362773735 0.066690612423411 0.100978222336503
"ufb190" 0.718099305926321 0.151845090355794 0.653973694780483 0.111441798811108 0.067753172155025 0.0435057226289854
"ufb191" 0.552939293228039 0.148737579471317 0.3090917973509 0.10151643164313 0.0561444778396642 0.075705698311415
"ufb192" 0.745781397942905 0.179548220331244 0.508482944848398 0.133533284385155 0.0783186765716411 0.0912712513700969
"ufb193" 0.691206712182282 0.189612697990097 0.654627149769945 0.148078230563439 0.0663118037568071 0.0615033478226956
"ufb194" 0.666909470950579 0.177286163992305 0.469633186033316 0.129001513771733 0.0720645699239914 0.0885390038196956
"ufb195" 0.646226308791382 0.169761463102005 0.336735061983325 0.117664188219783 0.0720441241244528 0.0986760351739379
"ufb196" 0.800411932761943 0.18420188500344 0.773606946338117 0.148211929607804 0.0729681260216656 0.0552371713155598
"ufb197" 0.70261396147921 0.211834298275242 0.156339930704396 0.133262630758789 0.0580833584169039 0.171523581213742
"ufb198" 0.702670140019538 0.173305332554175 0.553923637011722 0.127477169085128 0.0698516443728245 0.0688572495372068
"ufb199" 0.659618383374444 0.183719029681379 0.266548799667011 0.124032461893804 0.072939969918365 0.134783801935746
"ufb200" 0.600099843103694 0.15634356325078 0.285273780762103 0.105985043296768 0.0646276420657601 0.0839245676738888
"ufb201" 0.691093273174016 0.21160710727869 0.133049729023397 0.135567393068322 0.0624640333405403 0.172420086052757
"ufb202" 0.714659156556903 0.190837860373954 0.450185532318049 0.140863750553769 0.0911750413304448 0.103495764974744
"ufb203" 0.643955383783567 0.17634438243719 0.252295869472514 0.119246208253181 0.067591127901838 0.116050320796403
"ufb204" 0.75995062559614 0.191808112663216 0.462043500577106 0.140576862759041 0.0889755565057241 0.122714884746039
"ufb205" 0.663287596688304 0.185303947793797 0.261275054164398 0.125359394431504 0.0769452674628514 0.125714784989725
"ufb206" 0.702993109611053 0.215664600738058 0.166367714846055 0.137900135656643 0.0639957983170265 0.175970011080965
"ufb207" 0.674504063646441 0.196118909731241 0.181754930174305 0.127807834948653 0.0548727693584282 0.154463684994601
"ufb208" 0.707189898289659 0.189602272287823 0.317524431869518 0.133065402137883 0.0818345464472978 0.139152772204036
"ufb209" 0.61327141176176 0.162437548490957 0.201454285898657 0.104640396267799 0.0628161975067089 0.1102583555511
"ufb210" 0.701667571971754 0.213626001137322 0.146311022595017 0.136459333941745 0.0537493059624648 0.174365408418261
"ufb211" 0.705884495506887 0.179183828889961 0.409746198639509 0.127200089532911 0.0861382168106078 0.114688025917405
"ufb212" 0.361232199941877 0.137559174517643 0.52977277312414 0.0963080201709072 0.04246322950166 0.00116932414053548
"ufb213" 0.63245346823247 0.169740408108011 0.224584323787557 0.111649708551794 0.0539758513264526 0.119980381350904
"ufb214" 0.647011389980849 0.150362114894612 0.734873159797013 0.119532592416012 0.0567384384960488 0.0154480457733769
"ufb215" 0.714872778329509 0.150396124489835 0.678629569025314 0.110286516038122 0.0668520830145838 0.0426805154364552
"ufb216" 0.645979112746656 0.178067582181251 0.178127500178589 0.116747032017971 0.0475141822503918 0.133977196912734
"ufb217" 0.65438646139029 0.17890522389853 0.20517173480222 0.11895020915333 0.0587710614666975 0.132727603115258
"ufb218" 0.620845138552968 0.146895792362894 0.495463170181301 0.105552337216514 0.0631742349130238 0.0548975350910499
"ufb219" 0.692006798676124 0.199213526015047 0.240300150038213 0.130380589113855 0.0647707846283524 0.152778942864477
"ufb220" 0.664722733783507 0.157935319954705 0.694977545712117 0.120084950006534 0.0532600051547503 0.0227638237809395
"ufb221" 0.628432783271592 0.154892202004957 0.41891232253162 0.110336663660557 0.0587349443316764 0.0635067884981238
"ufb222" 0.630801551605573 0.16991912694665 0.218737794308966 0.112322874761276 0.0552410793995975 0.118195111260154
"ufb223" 0.622613709160794 0.15412482840284 0.379428173866299 0.104600007338993 0.0644190617152902 0.07392248499206
"ufb224" 0.668802386702657 0.163922306755532 0.421042788912401 0.120190613183526 0.0714715946542793 0.073598832087502
"ufb225" 0.720121114848521 0.181106059239579 0.375621653030091 0.130411554418865 0.0810093769842629 0.111005669069026
"ufb226" 0.736180390874152 0.185124915198929 0.48835396782866 0.133342737472594 0.0904686594238108 0.115315587999823
"ufb227" 0.627684226538201 0.176988204260487 0.178191935871833 0.111950170323759 0.0578298832489036 0.131839044459247
"ufb228" 0.603893220765302 0.17226807635654 0.201651212929584 0.109271766696055 0.0696099905573169 0.122656035433335
"ufb229" 0.674447939137451 0.197306810590379 0.142870663779398 0.126523965244053 0.0576093036075463 0.157231915032079
"ufb230" 0.781839335479856 0.204334307300066 0.609714524274329 0.163243238838684 0.0926157500476669 0.103483201396051
"ufb231" 0.629936714105645 0.161502882252601 0.275850492496325 0.108055669081087 0.0647681672933964 0.100304471429875
"ufb232" 0.703834570668161 0.182498005792402 0.324219420157666 0.128999323158361 0.0698981312539657 0.122782776453989
"ufb233" 0.556609031604281 0.155499793820523 0.202130960704178 0.0971880593092652 0.0579680322831805 0.100365380668474
"ufb234" 0.62894960878907 0.16019308161362 0.316766384343725 0.108428221718486 0.0694159422745644 0.0988384101663626
"ufb235" 0.569223985890653 0.13483872021987 0.686634645397407 0.100960576544267 0.0452308738929596 -0.00342755005442479
"ufb236" 0.629629138838828 0.16411645958564 0.248903565882917 0.107733302665654 0.0663927817449303 0.103058743943806
