1 NaN NaN NaN NaN
0.5228863 1 NaN 1 NaN
NaN NaN NaN NaN NaN
1 0.9750806 0.741847 NaN 0.9904871
0.4089247 0.6562573 1 0.9956205 0.8721071
0.6291936 0.5699213 0.783204 0.5061846 1
NaN 0.5388408 0.5409587 0.9491026 0.95936
0.3783237 0.9443198 0.5348099 0.9937516 0.8611959
0.9382138 0.9759451 0.963006 0.5957416 0.4269123
0.3592219 0.8546594 0.4100884 0.8061584 0.7778456
0.3951181 0.9630727 0.5296912 0.3230735 0.8913874
0.8373706 0.7721699 0.4470995 0.9362743 0.3901291
0.6035356 0.7989181 0.7117139 0.6935355 0.7134663
0.6722114 0.4939292 0.4331388 0.4059169 0.4400752
0.4586977 0.600948 0.6886732 0.7406966 0.6763688
0.6356573 0.7825326 0.6529549 0.8320027 0.4731885
0.4938574 0.3422625 0.3880784 0.4402533 0.5686716
0.4504407 0.5020352 0.4866471 0.6261982 0.5931061
0.4169987 0.3602801 0.6458802 0.451445 0.4620833
0.4326019
