"quartet" "cluster" "phylo" "mutual" "shared" "clusterNorm"
"mb49" 0.949706378277807 0.270102324802121 0.907845923318616 0.210758865552125 0.106282002148674 0.148733899735203
"mb50" 0.918443288008505 0.223977574027343 0.822694752765255 0.16622826321234 0.108283222810607 0.121620354905307
"mb51" 0.678646902548001 0.191338491032007 0.274979427478808 0.125567056215998 0.0811089344244103 0.100920858298829
"mb52" 0.722734566615128 0.20898993288764 0.310836122116955 0.136439545333715 0.0812515208675115 0.149003877551783
"mb53" 0.847720194841492 0.224603378712512 0.763060190047449 0.164354150344214 0.0774545340444415 0.0961971418287378
"mb54" 0.865814917127072 0.23698938164334 0.778937579038172 0.177175239952054 0.0877721610649972 0.110985882298564
"mb55" 0.683701565071696 0.214133256641881 0.142479217816388 0.13131140881857 0.055535173899612 0.174320005060313
"mb56" 0.790047919430381 0.228489211240757 0.573053045287987 0.160848663291292 0.0958378997932089 0.126394765904183
"mb57" 0.708315453932447 0.211325806439268 0.437358185499 0.139932004276714 0.0877298352265658 0.122818110368673
"mb58" 0.704933951939825 0.19949424714256 0.466838246691787 0.133814603022561 0.0819635632217828 0.109625199249661
"mb59" 0.804453441295547 0.209660770675586 0.746449216143441 0.150019004746433 0.0740133482310316 0.0765199994640193
"mb60" 0.685416580874865 0.214822456141434 0.129383384663328 0.131381458956138 0.0539184730910926 0.174796707015316
"mb61" 0.716993400305602 0.17547817544904 0.597102076434878 0.12240255388774 0.0718302120631862 0.0670460172318602
"mb62" 0.72265413126017 0.184587107128443 0.687975939995263 0.130265549231856 0.0613643953028835 0.0499299012641899
"mb63" 0.735977697645526 0.188459140403941 0.587051448525317 0.129532341023498 0.0771871340935047 0.0805999923845258
"mb64" 0.66040680942393 0.18536835548501 0.480193774329845 0.128459280137038 0.0745340648202502 0.0782368463647065
"mb65" 0.696082511770673 0.189134265734506 0.45422197911488 0.131163030945422 0.0786462316052425 0.0985710716625031
"mb66" 0.797140636090175 0.18994570589616 0.658121177103509 0.133278533411546 0.0793388703433939 0.0826464766184853
"mb67" 0.707766439909297 0.19520085448636 0.402331968717422 0.13311245195039 0.0810028809970449 0.116066899207311
"mb68" 0.679321383729089 0.210378188404324 0.129350801004286 0.12920379433456 0.0532988035209251 0.169772511646774
"mb69" 0.770664817810646 0.209207274535014 0.71411141104999 0.151552798885136 0.0729741791926648 0.0786158407230086
"mb70" 0.81980117118344 0.232987579591589 0.608232692366309 0.166028887322499 0.0950045213946526 0.131879935567819
"mb71" 0.718357651849338 0.207550248081647 0.453870658844532 0.144601996515215 0.0669739034460701 0.0743693199481042
"mb72" 0.908651522474625 0.206928962652376 0.894736686820435 0.159377070987808 0.079377103292597 0.075961288637541
"mb73" 0.792947247706422 0.189252581386569 0.56572260964842 0.126747320494391 0.082044965947309 0.0980602936447098
"mb74" 0.638469599092657 0.18565064400588 0.142791401614852 0.109389709310958 0.0468187925171943 0.144158778017762
"mb75" 0.636630324572496 0.170703638257969 0.117316467406478 0.101053560524198 0.0459419805434625 0.123019040367846
"mb76" 0.664335440285972 0.187759701151412 0.296308537023804 0.115551590967965 0.0760080571539562 0.126023564828872
"mb77" 0.679640654750064 0.20840725345584 0.154645763079558 0.129059188312711 0.0643778575130339 0.167235300595571
"mb78" 0.610171488194409 0.16714499145833 0.285680574786282 0.100282997895783 0.0641189149622268 0.0993093663245636
"mb79" 0.65623062616243 0.159092505655072 0.71404734734391 0.11201242308896 0.0520779752372304 0.0202251237817834
"mb80" 0.698545233952935 0.185536013105503 0.415699566111759 0.116026894479316 0.0762687898447812 0.11915858755648
"mb81" 0.667056718061674 0.195644847823191 0.62321383571316 0.14115247735226 0.0655133435946543 0.0628137161823694
"mb82" 0.714989611160582 0.205099583641951 0.510011805067264 0.139250066738582 0.0768237228249876 0.099819596765929
"mb83" 0.723543685313877 0.19942962391307 0.439375243743825 0.131135596510185 0.0755383172320285 0.109870312728769
"mb84" 0.763506228114314 0.200631266664104 0.572675875660331 0.136844662927073 0.0908546877431679 0.12187805417576
"mb85" 0.703790185663112 0.188950809423793 0.407903765123237 0.117249294543259 0.0781292334216055 0.127473068846359
"mb86" 0.65764710841737 0.18102117245769 0.169596096168219 0.108454114444102 0.0594859952777268 0.130569915792729
"mb87" 0.65946806982726 0.19512319915989 0.180646230214635 0.118332626951607 0.0637371353860611 0.151076843182825
"mb88" 0.666506302318868 0.178226239537078 0.648407280325419 0.119933397371891 0.0560553197890933 0.0404956813611785
"mb89" 0.666408068269977 0.162498374890324 0.727051019165194 0.118198232565067 0.055948230093604 0.024193437931467
"mb90" 0.808510969348063 0.207427744645941 0.65158128629542 0.147340203634535 0.0986443486705404 0.118700366179522
"mb91" 0.686232449297972 0.174709275581337 0.666337340049096 0.12491460182561 0.0549070961558337 0.0384595937533937
"mb92" 0.581408709640354 0.150966822120344 0.64902898823749 0.104455024375748 0.0455450148246011 0.0107575656580104
"mb93" 0.678503970512658 0.210653527885889 0.142503282399305 0.127488088063455 0.0526464602354754 0.170812198238056
"mb94" 0.620550126356691 0.17568857657981 0.311894282593698 0.106361505270617 0.0672682308136487 0.102516440541314
"mb95" 0.684829252711542 0.200170144005809 0.232363864701072 0.124962166079494 0.0702036233345458 0.148729959984397
"mb96" 0.77008680169152 0.203311098074536 0.749691339419855 0.151117365553911 0.0727128922959477 0.0714666827315078
"mb97" 0.623107158287406 0.177321393529025 0.336574230096318 0.115822658201978 0.0656124559638805 0.0961162864976347
"mb98" 0.727140549273021 0.179138278769161 0.565500847406888 0.119321955510395 0.0736663170475619 0.0699876917198142
"mb99" 0.863420181968569 0.18994185240211 0.799828710297488 0.141544736025583 0.0644390744240317 0.0558247784745002
"mb100" 0.723724518967458 0.201727977492043 0.386462621316241 0.136870340388324 0.0814649739051474 0.130881878171012
"mb101" 0.815723148507173 0.177917913436972 0.813112081652251 0.130073777836299 0.0630555808442801 0.041776122695176
"mb102" 0.635155893071059 0.183653871873523 0.142800279236984 0.10973815161291 0.0441616128249546 0.14231033998855
"mb103" 0.650012485953303 0.174463848024885 0.156503361205507 0.103838081629066 0.0489004113510347 0.125467918567138
"mb104" 0.669753304587545 0.191906745378923 0.610146100185797 0.134487270877189 0.0615698519134201 0.0584583038638286
"mb105" 0.722725581950689 0.203792722674713 0.323477076663216 0.132849501219127 0.0749109576764924 0.138777785897879
"mb106" 0.706916354010567 0.17888686227835 0.468248032320686 0.113074902419194 0.0719622212427014 0.0979914072583555
"mb107" 0.643914361287314 0.173874929069206 0.171740888454398 0.105744468939718 0.0575473589355751 0.120819695055915
"mb108" 0.697451127116266 0.192743942147226 0.306270931397583 0.125872080738494 0.0694022265012635 0.126885557529488
"mb109" 0.70069097002963 0.191366803937675 0.319179970393032 0.126608323250156 0.0699826959110259 0.119434012914092
"mb110" 0.564764788076386 0.145243913033247 0.195812651011386 0.0895460719245313 0.0486717991359517 0.0693897896681373
"mb111" 0.615287663107948 0.17885483886371 0.610146100185797 0.124909668149144 0.05764264217516 0.0432510067754412
"mb112" 0.752990716815006 0.18634127376741 0.708122154556229 0.132857602361103 0.0623135995937554 0.048115845083417
"mb113" 0.637624302615272 0.17366160460345 0.130393904935528 0.103300903286693 0.0506908375084264 0.124618061649927
"mb114" 0.631550247522106 0.168705135625263 0.251581106076403 0.106912183646087 0.0604777120561638 0.0867371018934623
"mb115" 0.717630255518988 0.202386601044199 0.364103236890524 0.136254876802761 0.0789859090452007 0.137444516621106
"mb116" 0.648716585295113 0.168765998907469 0.259690314379564 0.103459808019672 0.060383773087268 0.112742969584847
"mb117" 0.65461950163781 0.175015512519029 0.208800306831699 0.107595193484272 0.0617264319825313 0.116315953914626
"mb118" 0.598297067171239 0.155886809199849 0.221934103748558 0.102574244997775 0.0633150391768954 0.080977174643995
"tnt1" 0.666827835013203 0.15658829657094 0.605000091285307 0.106717956841049 0.0620174577743853 0.0453043735723119
"tnt2" 0.626707235400205 0.179495306730168 0.142781966294125 0.104770528572466 0.0471944008993036 0.13733012245571
"tnt3" 0.811353495290035 0.177883857125445 0.83108184985275 0.135019584229376 0.0657279489408254 0.0421196772073065
"iq1" 0.634679659254892 0.164621626321748 0.195674205896809 0.100295922788336 0.0534653588689447 0.108335940884626
"iq2" 0.644387317909169 0.168489661708296 0.198183825413694 0.103264282579897 0.0543842915355543 0.115051593307851
"iq3" 0.727120201079398 0.195197338691658 0.349145099685308 0.125679879644184 0.0706840415613531 0.123546680645704
"iq4" 0.704649840734157 0.186030797749367 0.358971549312176 0.121479050839329 0.0674272617974632 0.105694618721407
"iq5" 0.717468389224849 0.189349643020803 0.453009091746402 0.129019613827434 0.0735281140086376 0.0988105038004886
"iq6" 0.715198845331065 0.187500385377458 0.545151053049864 0.130230949681301 0.0737628787428738 0.080649257680347
"iq7" 0.703939365584355 0.187357310193931 0.684166121583288 0.135477152204612 0.0622577053480932 0.0517464774595446
"ufb1" 0.625629772667427 0.159828935063045 0.415114112274299 0.103383191005154 0.0604052488143693 0.0659927153385914
"ufb2" 0.448210386404633 0.144138209353087 0.59205598377992 0.10015468782951 0.0447602577423275 0.00183982407253016
"ufb3" 0.612491970153679 0.161644480082731 0.422283752748003 0.107246330977972 0.0629588358854413 0.0672905311100163
"ufb4" 0.658344636482404 0.190433055751198 0.181142281350489 0.115250649975505 0.0578298243219547 0.140527680971422
"ufb5" 0.589849886802822 0.154317498350925 0.259327521842205 0.0920716404350228 0.0533790465337822 0.085362855890416
"ufb6" 0.503897490656701 0.149319616880548 0.636217507534444 0.102981911403479 0.0452772658215726 0.00883834110503557
"ufb7" 0.703531808920081 0.15923145125471 0.736711909986381 0.11347798800587 0.0527633478069107 0.0200613024820036
"ufb8" 0.746487314377039 0.183924771381723 0.521686145199688 0.117895649928698 0.0759753926153315 0.103371559893757
"ufb9" 0.635825927246144 0.162244220917899 0.338312308803778 0.0993926305331799 0.0634116457592525 0.0938813566895899
"ufb10" 0.621147018574696 0.154441777257455 0.312011116575574 0.0952651202944018 0.0593349876645807 0.0903482430244071
"ufb11" 0.626514395216423 0.173719988911943 0.116598543076449 0.104911977731963 0.0436387905699092 0.129442880992813
"ufb12" 0.69450967569335 0.193758206023794 0.461214362530015 0.128959442341106 0.0713743795847154 0.0875583707143681
"ufb13" 0.896786587495634 0.198176224644985 0.842040126698299 0.148151992255435 0.073138229699075 0.0655960749738697
"ufb14" 0.736560312220359 0.191672836423655 0.487480596659848 0.125270771687623 0.0817292300663045 0.119761850363091
"ufb15" 0.593444273176256 0.162482523019978 0.454172405028015 0.107821242092535 0.0598897251302503 0.0516327139518955
"ufb16" 0.657432790328126 0.175991104431468 0.24974989311919 0.107737391501843 0.0625412983364711 0.120427265763471
"ufb17" 0.696484699041835 0.178984000401898 0.402954021721167 0.112922390033195 0.0630958286103714 0.106056770376227
"ufb18" 0.693908823904993 0.177339717125731 0.381745127576545 0.110973794315821 0.06618490856873 0.110208681293576
"ufb19" 0.646184149544261 0.148899384318786 0.571089565764869 0.0982871490398718 0.058615293955842 0.0369718720682221
"ufb20" 0.75985093598336 0.210971851673945 0.529611353311953 0.143158801728857 0.0766535466662001 0.106962092479684
"ufb21" 0.803670772493678 0.200833267999729 0.638445337862358 0.139954865554271 0.0874730043179295 0.111367646904674
"ufb22" 0.691903486798537 0.180571074892455 0.413117391238015 0.119531812856952 0.066138595702193 0.0886266537080779
"ufb23" 0.598852165482083 0.152586805647567 0.298405650354213 0.0971680877255461 0.0545796425682088 0.0772682336756707
"ufb24" 0.768185277807981 0.159919985778405 0.857023673671955 0.12020425146602 0.0584632573901085 0.0211892538922456
"ufb25" 0.55221833449965 0.148020044253698 0.233968341597628 0.0901401005293519 0.0453909632415475 0.078626701706971
"ufb26" 0.558000519020304 0.146023199735282 0.220863632769571 0.0883344650926826 0.0444103554155165 0.0813959967321387
"ufb27" 0.743236472945892 0.210123916689048 0.679883774084162 0.151068160914684 0.0716254030515817 0.079271659182815
"ufb28" 0.650878573301862 0.175559991582403 0.480269473980119 0.120040896687785 0.0652312992010063 0.0671385929347745
"ufb29" 0.678358203137616 0.206451703654239 0.142097162189533 0.126740476479587 0.0483130665278795 0.165999241306798
"ufb30" 0.613538201594593 0.162506722025821 0.297624607156334 0.108670064561235 0.0628254170873186 0.0800854380821563
"ufb31" 0.655086848635236 0.178124330124232 0.653252760506137 0.125357560066663 0.055660654448236 0.0418522560205069
"ufb32" 0.639435759309138 0.17352077085477 0.439766803530994 0.114496244196075 0.0587135849661608 0.0641742136674183
"ufb33" 0.788907270934644 0.19343552856687 0.580627639771306 0.129922317330056 0.0785330295146541 0.103141740674376
"ufb34" 0.749155812831645 0.181611471668943 0.753058362807762 0.133935594230303 0.0628672821416539 0.0464628696541636
"ufb35" 0.695897651137123 0.197277321608532 0.235454982744429 0.125342592314201 0.0696518767399647 0.140052538815444
"ufb36" 0.609672219236969 0.152333918267401 0.710363629925313 0.108799802615783 0.0502115214220422 0.0120220394746533
"ufb37" 0.504742708086317 0.149140684983657 0.62321383571316 0.100773696509547 0.0443291580190412 0.00862986041208594
"ufb38" 0.662123280945755 0.188288298654605 0.19366496227643 0.119010181190567 0.0658268564774231 0.140035677129995
"ufb39" 0.704370863060248 0.183161865164078 0.412433779561674 0.119331365888242 0.0796286860822769 0.110295290034747
"ufb40" 0.639653839848233 0.169072862502852 0.20756196275595 0.101505529105045 0.0479707475851983 0.117885558418871
"ufb41" 0.656839360994009 0.187333855736169 0.42648943167539 0.126063758638507 0.0754216762793648 0.0805436057479743
"ufb42" 0.708146609289212 0.176498805858382 0.5865583052232 0.123012227567881 0.069350029079713 0.0675462547916256
"ufb43" 0.70621521335807 0.183497395954741 0.576540736487417 0.12917765844017 0.0791185660623775 0.0755845668357479
"ufb44" 0.703551143752985 0.195824202113242 0.336957204872879 0.127798248524154 0.0751205397998056 0.130171201997138
"ufb45" 0.648822666009409 0.190448535337738 0.142471663505287 0.113226075202617 0.0423596024329817 0.14702012900051
"ufb46" 0.650847000137555 0.190621999248367 0.131102213977765 0.113413383667703 0.0433636162211464 0.147930655745317
"ufb47" 0.644970679248523 0.170237800916061 0.285700452074778 0.104718816595495 0.0653380784869257 0.11114389458497
"ufb48" 0.5674508664924 0.147726174072991 0.416380099637152 0.0978477708110995 0.0579577033424091 0.0521971241735698
"ufb49" 0.58435405187239 0.162327257653966 0.460058032405353 0.10900687568388 0.056346789309489 0.0519872728689927
"ufb50" 0.583128466879766 0.16475847957051 0.233862854689937 0.0977803004086661 0.0551495287948118 0.0967284742335395
"ufb51" 0.65343470957475 0.177114925807272 0.66193520388808 0.126335732708584 0.0593377597813718 0.0374985463025227
"ufb52" 0.730973785804919 0.192284841135403 0.410633626773477 0.128866323041748 0.072420637348835 0.112786287499232
"ufb53" 0.660464570189153 0.191038304548637 0.180774124377053 0.11954224438388 0.0638712092491168 0.145737498132283
"ufb54" 0.682993701370878 0.182748354204786 0.558231306339871 0.132301455193574 0.0774719685727975 0.07527229096246
"ufb55" 0.621906593065807 0.165567128799901 0.323681790841305 0.108907050991669 0.0603117424312204 0.0834470325342077
"ufb56" 0.589300975995779 0.159734974800321 0.271567423471363 0.100040801300234 0.0518335520213843 0.0770409113954937
"ufb57" 0.599206139190262 0.154415037669782 0.428287537322985 0.101538374928405 0.0595680703340694 0.0599741557681106
"ufb58" 0.575172903403105 0.143968923234693 0.389229010163886 0.0929163803658841 0.0597430491501892 0.0597974559514023
"ufb59" 0.674966968187824 0.166953177372229 0.701171802934785 0.118276992910801 0.0546155325977765 0.0293839060621917
"ufb60" 0.734429865089632 0.178666338576926 0.708190644970425 0.126284234334844 0.0593237090891812 0.0400113435076965
"ufb61" 0.715169992609017 0.168758431647569 0.740118754692558 0.12372564568345 0.0571083484413176 0.0314872798530765
"ufb62" 0.581075425348012 0.158331844176032 0.207718695196629 0.0921912890402808 0.0493299532614319 0.0946361339988279
"ufb63" 0.686820865299604 0.19943584995293 0.506447032317388 0.138764685187951 0.0749506827117996 0.0941543449688963
"ufb64" 0.610523761289778 0.158942698980349 0.314785508819811 0.10236196598384 0.0519801984404665 0.076170664334394
"ufb65" 0.646168669236001 0.180993892788108 0.473498778941538 0.121906685754839 0.0684139977529287 0.0729466705339601
"ufb66" 0.638531819229882 0.17415688862121 0.394494973426421 0.117484866089201 0.0706857266266666 0.0817126060714103
"ufb67" 0.694357299411234 0.189608191316823 0.360803042435839 0.128518613905548 0.0739018533170263 0.117764467127679
"ufb68" 0.607165226105474 0.163818947186227 0.297624607156334 0.103361699901389 0.0525033229912149 0.0815268049149655
"ufb69" 0.932901851548419 0.201365824464828 0.894606879755728 0.152993331867989 0.0761757479139583 0.0693130695087398
"ufb70" 0.613709180925935 0.167633870793481 0.129937599149121 0.0992957422550749 0.0407339159269305 0.123773306926436
"ufb71" 0.671025240697372 0.18083013857353 0.449757688209866 0.117948523572804 0.0601263693989765 0.0720527709365572
"ufb72" 0.681802450152837 0.194885593455384 0.246041788613444 0.122820111494067 0.0751360249286832 0.1405621554456
"ufb73" 0.646304299128227 0.181827702180418 0.181695545541017 0.11262149201257 0.0560396727023309 0.129218116056927
"ufb74" 0.643886564388656 0.151472966306351 0.71029872639296 0.106746462727568 0.048124400235504 0.0110185764590641
"ufb75" 0.640549533777827 0.171470975400147 0.220414840444826 0.104902800167233 0.0556552301849429 0.115646781808904
"ufb76" 0.505787562414889 0.13933259676975 0.636089380122286 0.0956120953717336 0.0428548438925617 -0.0027979345360429
"ufb77" 0.691395424972219 0.177259414815319 0.337993428485723 0.110103980565218 0.0654765278753227 0.114895463471535
"ufb78" 0.672213918078894 0.20229629276765 0.156526397346024 0.124558967331792 0.0619750974165186 0.160218862049543
"ufb79" 0.668583215066596 0.201609001776585 0.130973087042834 0.123053286896023 0.0482391541962733 0.160083751264117
"ufb80" 0.485752771733499 0.139257478261911 0.636217507534444 0.0938165978491748 0.0449886573607475 -0.00288545810696411
"ufb81" 0.642386888920017 0.171953858555845 0.386494700712069 0.116449431567345 0.0659512917910177 0.0790425384202421
"ufb82" 0.570886628016272 0.152243189623448 0.207655518405025 0.0914404826861936 0.0510331474886057 0.0920323475360857
"ufb83" 0.605430387059503 0.146806675295557 0.675100395586137 0.100986555880151 0.0466979296762053 0.00591041259097711
"ufb84" 0.688683338801342 0.198552450167355 0.235110009511562 0.126240573238994 0.0686219233493707 0.144516679882828
"ufb85" 0.632803770404819 0.16192901649917 0.246731417378422 0.100507430927494 0.0573794618858821 0.105416955561477
"ufb86" 0.83582500590133 0.186491585507759 0.685999177042091 0.132055504785822 0.0773635002669797 0.0784816792082918
"ufb87" 0.644147416339774 0.174407944540723 0.334172150877433 0.107273872773602 0.0718633274395057 0.100765006746585
"ufb88" 0.568952795642114 0.155667641397215 0.220750696329684 0.0940820592479693 0.0549107792705536 0.0917703098483592
"ufb89" 0.615852811935952 0.173202601281775 0.220447844359461 0.105985215114307 0.0549271812040613 0.114250971418571
"ufb90" 0.649656994645994 0.190721965741983 0.142486224801183 0.112785474294129 0.0438842111923602 0.148036277112709
"ufb91" 0.70106344628695 0.192916586185385 0.62642146031473 0.132631115247017 0.0610730872023985 0.0589167598118509
"ufb92" 0.705634100021101 0.194658539515935 0.506371069624186 0.129612373757759 0.0768256944889476 0.0884949368882621
"ufb93" 0.586507882806685 0.159299308620593 0.2467909129871 0.0966554911400918 0.0532419909993862 0.0908246565320259
"ufb94" 0.557214345519737 0.146342601201844 0.194934011626525 0.0900550829144389 0.0536624986351306 0.0915673101719664
"ufb95" 0.596014629426139 0.159158453564025 0.156019192080464 0.095951680752902 0.0509235271425904 0.11320247724655
"ufb96" 0.749748322147651 0.185131199363603 0.649128799470165 0.132682381657902 0.0791753164999633 0.0779685020451057
"ufb97" 0.584766226737166 0.158095121075976 0.258584215824702 0.098902520257447 0.0433046161319791 0.075239672675
"ufb98" 0.729441244670506 0.191401898373439 0.481075271455501 0.12456079508123 0.0849239866565897 0.119577695453511
"ufb99" 0.646353074548924 0.189721640954571 0.116671696666889 0.113928374070525 0.0516112686898983 0.146996155559406
"ufb100" 0.622066323868104 0.175361568458371 0.168109318832929 0.103893603383966 0.0467559372818635 0.127918093579764
"ufb101" 0.645465623302453 0.185177412965173 0.141985386674992 0.111654830890796 0.0469886791180123 0.14061156568755
"ufb102" 0.668024266491099 0.189272492606274 0.196000570832371 0.117781464025632 0.0620272702086377 0.139303790827607
"ufb103" 0.657680216633466 0.190962594732042 0.179879243987217 0.117305501480345 0.0660472940787911 0.145657016310252
"ufb104" 0.663251271258867 0.19327805512029 0.154680502151848 0.120837465852473 0.058674400226388 0.150008764226971
"ufb105" 0.638769319494691 0.170035268979275 0.155523376288186 0.0985128430406245 0.0378941016021609 0.122312239809616
"ufb106" 0.744727086795347 0.175410077781856 0.702432045480453 0.124795690835951 0.0539023144242169 0.0383442104236105
"ufb107" 0.705973564890068 0.178291586803424 0.455386965376654 0.115865062396898 0.0676648252635072 0.0973374856868141
"ufb108" 0.679037202094809 0.176535563073934 0.324781624712404 0.108756674869581 0.0628524110112225 0.117922139828786
"ufb109" 0.646062727698288 0.182498091115943 0.364272926565567 0.114940439459982 0.0706963957764507 0.102014397771247
"ufb110" 0.624730719517449 0.168188035305984 0.311894282593698 0.104818361394682 0.0631006998714695 0.0943500943170071
"ufb111" 0.654032092162107 0.182083062930466 0.349375900959682 0.114578725063514 0.0646935626209643 0.101344980924865
"ufb112" 0.632559893686556 0.179861156229902 0.142927225558205 0.106195748349841 0.0438370899648028 0.137714772715147
"ufb113" 0.707031838308383 0.186413669077579 0.468038719387262 0.118536913041143 0.0768955737728766 0.114146383750661
"ufb114" 0.752748568827996 0.185166193303175 0.471787754415213 0.123593769492894 0.0829002796724472 0.104606483385055
"ufb115" 0.689990527312914 0.192474379533372 0.465481610164243 0.127321139172023 0.075299295680987 0.102136989476344
"ufb116" 0.695234030878969 0.18086408742245 0.428929063182542 0.113068215253497 0.0718778352314309 0.108103857234399
"ufb117" 0.568343460743988 0.143748386339127 0.235894231755246 0.0892103685723878 0.0502101681310904 0.0739319673389863
"ufb118" 0.570495714209251 0.159390706450058 0.260426226599784 0.103147042661687 0.0604313663615778 0.0846071054175782
"ufb119" 0.622544173194413 0.163849915037768 0.15550356080553 0.097689458348102 0.045374185066846 0.114224044043648
"ufb120" 0.6299535298455 0.166313924767728 0.393420954187271 0.106806073152246 0.0582619328848852 0.0722518512356347
"ufb121" 0.616469124186181 0.160332934780419 0.328650810882827 0.100290735941073 0.0608712831466226 0.0853682106592729
"ufb122" 0.695858690811934 0.182351876335119 0.675164459292217 0.131241631600178 0.0606691168612781 0.0473255446749383
"ufb123" 0.653226051576877 0.185932384348922 0.154547170428888 0.115340395272869 0.0585317554528224 0.141392889279598
"ufb124" 0.658882948317025 0.191383369227467 0.143601148740824 0.117256761588273 0.0619147719403579 0.148015133036153
"ufb125" 0.649333233302699 0.170937507753079 0.20756196275595 0.102900671712517 0.0514652478002666 0.119865070736408
"ufb126" 0.646265229316834 0.172685133218375 0.482624862881527 0.112377118622954 0.0680510355790645 0.0628789284931828
"ufb127" 0.581289315466531 0.153252052414362 0.27539894817048 0.094691500521301 0.0522949506570953 0.0781086000837171
"ufb128" 0.605918986533241 0.161595739445166 0.284641399509673 0.103012979988724 0.0529909418486589 0.0790848018219757
"ufb129" 0.667911495479306 0.187204865892546 0.194521802567704 0.117155907455849 0.0549317991834316 0.129325027314504
"ufb130" 0.562598721069945 0.152718704859293 0.257263801749315 0.0906989983677218 0.0532097733543794 0.0884423201367662
"ufb131" 0.651625405534871 0.190669116438634 0.155354782797413 0.117563903086028 0.0537678154795836 0.146404324745046
"ufb132" 0.628855865812372 0.167049099925458 0.116554247018441 0.0981635039355268 0.034907221275918 0.120462221688375
"ufb133" 0.658662430346152 0.178135160400207 0.250375154222817 0.107612003121393 0.0633362191270609 0.125306675984205
"ufb134" 0.611900406145153 0.165800956000059 0.143162879130055 0.0972120030784955 0.0414025370367403 0.121840837458083
"ufb135" 0.615312630627958 0.170075905728645 0.131786022152746 0.0988031794462898 0.0426934745080522 0.12694485497476
"ufb136" 0.468811614984764 0.175474824771745 0.526574704821369 0.123651222449862 0.0536634198630849 0.0376715698878877
"ufb137" 0.600378220786384 0.157104925884274 0.27539894817048 0.0965448429880885 0.0554392527172699 0.0821879270369094
"ufb138" 0.62753016785267 0.179827903085631 0.116748635399671 0.104685868010906 0.0364897493736947 0.138290606500707
"ufb139" 0.616693152268131 0.153131001423889 0.454139497453784 0.0992783225329938 0.0610003364151927 0.0585467093140685
"ufb140" 0.704826254826255 0.174153362881031 0.675396480973432 0.12349503020855 0.0578427671626322 0.0368453953614376
"ufb141" 0.63615201145599 0.184135305354404 0.119778573835309 0.110479593233354 0.0416054921676072 0.14295828557831
"ufb142" 0.615356386436555 0.178410072035784 0.312865602153327 0.116614200857414 0.0724055272736703 0.0973124264771587
"ufb143" 0.60593205216361 0.165605549082849 0.192841049110665 0.0993724743211116 0.0509580670700713 0.114147916238554
"ufb144" 0.617916386420758 0.170824798373119 0.129668531688004 0.10250900212861 0.0418648349308669 0.127130189352371
"ufb145" 0.6155353200883 0.160622805167627 0.144232371143391 0.0964802028079002 0.0452691953593841 0.110831772854598
"ufb146" 0.63691587723483 0.168265221781226 0.289138947729593 0.104470030990867 0.0623332769029886 0.105249691352444
"ufb147" 0.611402565611074 0.169741726371829 0.116847763038784 0.0995485926018058 0.0459230224543738 0.12659568475697
"ufb148" 0.531596285515695 0.149501379469805 0.129958065438277 0.086708913805744 0.0456787812101261 0.094941540960882
"ufb149" 0.540293467044722 0.151384947970099 0.143071557420235 0.0868465986016658 0.0461736185808332 0.0942807484795505
"ufb150" 0.652760798985632 0.18373973526128 0.312651521711657 0.114013702447345 0.0744595069428954 0.116965671362957
"ufb151" 0.745253191309494 0.183017370998676 0.546990290168042 0.123257003500125 0.0713495195361074 0.0915572846353098
"ufb152" 0.630670427057916 0.165205317500282 0.15550356080553 0.0997249352738066 0.0491311033889815 0.115659890231469
"ufb153" 0.620806524780247 0.160704166411769 0.168535762446445 0.0976817330007678 0.0482044337012715 0.109001328567643
"ufb154" 0.586147674564373 0.139872199666822 0.413736543615425 0.0916446943872993 0.0616060661824253 0.0551361955686441
"ufb155" 0.682800610903537 0.209494996890953 0.142041782687329 0.129090089341507 0.0538963250995171 0.168843902708783
"ufb156" 0.653914910764754 0.182869155520215 0.183814159256101 0.112075928147251 0.0569982864696274 0.127721541819798
"ufb157" 0.639932903250058 0.162840856163677 0.299076496830357 0.0993382887818065 0.0608299147600763 0.0993839743064481
"ufb158" 0.44332881049299 0.148455473676951 0.586505580580364 0.102925216030491 0.0456851104029974 0.00726411950137729
"ufb159" 0.547959798322327 0.149287260351026 0.232945727941941 0.0938810659073806 0.0540631986465879 0.0800109296188243
"ufb160" 0.626970877826856 0.162852309789523 0.194649741618187 0.0986473888165925 0.0451781162638527 0.111281803245377
"ufb161" 0.462329464467522 0.155624667651166 0.571391339546262 0.10610644576881 0.043877153593606 0.0161846073470128
"ufb162" 0.709226234613673 0.18475145925917 0.399239080874489 0.120178373518285 0.0712683569445879 0.10420947065155
"ufb163" 0.648067968303243 0.187751445685984 0.361304440151127 0.120885003894586 0.06387582500528 0.096885703950233
"ufb164" 0.584122356382181 0.142538761235185 0.246317482616909 0.0919558640487938 0.0474569722882421 0.0775875922088052
"ufb165" 0.571542896530776 0.140538082344702 0.262342138976291 0.0919568753223794 0.0474216583632072 0.070549277329523
"ufb166" 0.654664748077832 0.179372803146622 0.354155512298358 0.1129007110214 0.0655029798266196 0.0982662535060412
"ufb167" 0.650973099263776 0.180738501938141 0.309048160961691 0.112267808528306 0.0753335849341457 0.113660579024424
"ufb168" 0.659238909238909 0.169495851564524 0.675356650410454 0.119106086426927 0.0548048827539775 0.0323464772234344
"ufb169" 0.564797518767843 0.150683052475834 0.493200029664849 0.100771301059035 0.0592768421310493 0.0389901088953202
"ufb170" 0.860357142857143 0.171924835141479 0.824125005817346 0.124580347801207 0.0598201720453806 0.0338481598683141
"ufb171" 0.460248894374164 0.142022129812198 0.623149772007081 0.098411951897352 0.0430918873191684 0.000335747731591595
"ufb172" 0.61474796984361 0.177355531861766 0.312104278654197 0.107669101337062 0.0631172685736031 0.0963655495928211
"ufb173" 0.566334239951647 0.145301844149463 0.532218795669863 0.0966299735157615 0.0559223720310627 0.0329012224756954
"ufb174" 0.545782263878875 0.153593832315956 0.636217507534444 0.107396678295018 0.0473112116549513 0.01381840006196
"ufb175" 0.635859523715217 0.182407335477226 0.116715425209253 0.109700555636318 0.0401976660351376 0.141147203558057
"ufb176" 0.662929024317259 0.179648505920538 0.298437708624872 0.111529327548166 0.0690832602008468 0.112746928819274
"ufb177" 0.604179010151282 0.140918315568645 0.565470113432475 0.0952396367381231 0.0572615424286442 0.0275668175622721
"ufb178" 0.585018274787995 0.154742062227534 0.233669761022853 0.0943001667057495 0.0505778726977203 0.0907746847560309
"ufb179" 0.657255027539388 0.191064656579194 0.129242054436295 0.11854929395868 0.040923779853837 0.14840286537636
"ufb180" 0.529346853563973 0.136148657673719 0.168088560954464 0.0846972491253618 0.0434163199083117 0.0747531669248274
"ufb181" 0.657194510641795 0.18988768254559 0.401513281931039 0.123618367928058 0.0655826940528113 0.0989741274150726
"ufb182" 0.612991434219196 0.169458312887882 0.388597829074611 0.108167111751506 0.0656124058747417 0.0874770554861797
"ufb183" 0.598336880211449 0.169123838645432 0.349603985410098 0.108687074272221 0.0693408069990282 0.0952061317691087
"ufb184" 0.527246154916835 0.143297716141563 0.129906224266386 0.0858766045794041 0.0536724732241667 0.0905505441021683
"ufb185" 0.660985034271327 0.199572763474466 0.116681447609537 0.120407427854738 0.0514381192301696 0.159222889057489
"ufb186" 0.719191644665321 0.196229629530166 0.327378304781278 0.126872607489578 0.0723815419174547 0.130609728552733
"ufb187" 0.617091673383907 0.167474782018082 0.116917899917368 0.0978578883931266 0.0419375547965428 0.122865860614873
"ufb188" 0.614819249381619 0.166261062239966 0.116955822721369 0.0973348774547376 0.0416675656546878 0.120697235177429
"ufb189" 0.664033781558897 0.19116278500316 0.207037232118396 0.116187593195911 0.0659413325587116 0.141282360657568
"ufb190" 0.552613274664126 0.150314717374883 0.2208073898509 0.0885536112231057 0.0524360677297302 0.0899669080150587
"ufb191" 0.61204528706371 0.157823596320416 0.50613228704485 0.103242039070927 0.0589130310400143 0.047069699538735
"ufb192" 0.602996804079044 0.168410233713711 0.131567331697345 0.0965292588380091 0.0464411900001668 0.12520399577615
"ufb193" 0.535750187449294 0.146537854690878 0.129906224266386 0.0859370706811154 0.0442431174654805 0.0940446949257172
"ufb194" 0.652203776883759 0.172233988375422 0.259494112371872 0.107913744336834 0.0636986620749088 0.109519147467663
"ufb195" 0.657066789450037 0.184844041005339 0.181111856334894 0.115344897437557 0.0589721564426427 0.136382349664552
"ufb196" 0.702581265200046 0.199195238049749 0.238439847487463 0.127255780150872 0.0686946864360678 0.142169244156336
"ufb197" 0.633974098854675 0.175662232008595 0.230223371177898 0.107172920158868 0.066182480432477 0.120045909208666
"ufb198" 0.64593019191852 0.184863361561275 0.168349801279026 0.114231880589045 0.0590815877295328 0.137948870606381
"ufb199" 0.502877602726235 0.127338619847365 0.1300944824393 0.0770558789666205 0.038582241309069 0.0712905414897876
"ufb200" 0.515242377620379 0.129632714528068 0.130050902685899 0.0782253836368585 0.0384189449296872 0.076044188141188
"ufb201" 0.611255244867237 0.181227798029549 0.404304772016303 0.11882830300823 0.05552648216114 0.0727714139193102
"ufb202" 0.582668820903042 0.166137083654823 0.358851956748652 0.104356176994912 0.058857128273069 0.07249519796538
"ufb203" 0.630882777938332 0.175270841677846 0.356465000234625 0.110747462768572 0.0721758658252406 0.0936752789415639
"ufb204" 0.676266666666667 0.173921859584614 0.523262879614912 0.112850863264083 0.060232537270474 0.0646566566311943
"ufb205" 0.644764065815406 0.182149111507528 0.142072589543772 0.109400109534309 0.0478543491535738 0.133552733726221
"ufb206" 0.673929973210392 0.192935793164239 0.377712734549584 0.126538675158459 0.0667007046198053 0.102650021163769
"ufb207" 0.551998233605652 0.152737560286711 0.657796876867883 0.105519011956944 0.0464369862132171 0.0124924952680549
"ufb208" 0.707608089075496 0.180989385229149 0.558233008035141 0.124904123711897 0.073812376136623 0.0732820014849437
"ufb209" 0.788943776160489 0.177156718244723 0.670099366817208 0.120828261954189 0.0735741810953518 0.0683000231840337
"ufb210" 0.625037847491289 0.177607789224868 0.129870805083853 0.104073082141781 0.043125686442732 0.135345606695451
"ufb211" 0.621212498325884 0.173360485278734 0.116715425209253 0.102163535614124 0.032804748540024 0.131643800544404
"ufb212" 0.608374155862218 0.157151134216207 0.301763911752187 0.100296822549707 0.0541010004098397 0.0822382423919551
"ufb213" 0.628050361577689 0.167699625771276 0.181447983584207 0.0994803495638457 0.0566434571707667 0.116427726681324
"ufb214" 0.647281942154466 0.173465353066191 0.246459301913104 0.101931756296277 0.0592988245609894 0.120347053792933
"ufb215" 0.6535268545786 0.167615924762106 0.312011116575574 0.101084908303517 0.0596156502855856 0.10452099435239
"ufb216" 0.69083693504073 0.179734304862907 0.426079989541761 0.116887197490534 0.07870998111828 0.087369303808445
"ufb217" 0.626811678043889 0.159864763242714 0.276014489167523 0.0988040261556741 0.0582128010913676 0.100119724647392
"ufb218" 0.552240046546422 0.16902474203928 0.53317629295266 0.114286059721928 0.0492289315629543 0.0312438998976666
"ufb219" 0.557574057077094 0.140730363614596 0.220190640561761 0.0846750708466343 0.0461918474737167 0.0756422116737561
"ufb220" 0.558504324232661 0.149036791514979 0.245707641565813 0.09077350242307 0.0465464346586154 0.0735192618011445
"ufb221" 0.676583200094549 0.20812645307213 0.129412536982729 0.125170543444703 0.039604816272726 0.168008887325668
"ufb222" 0.649300298938729 0.16604476554695 0.272845033460059 0.101848828667494 0.0615746722440033 0.106684617211981
"ufb223" 0.655295657937573 0.184851747235673 0.183350003519852 0.114168889879838 0.0515495247495053 0.132468124361765
"ufb224" 0.605555087177284 0.155210837723126 0.170588668770527 0.0939927577268756 0.0480982831511835 0.100956962282702
"ufb225" 0.668155475592733 0.19934519926772 0.158796642987847 0.122482738542333 0.064211596458334 0.156394054664998
"ufb226" 0.674019542938855 0.181502492318946 0.394471969430126 0.123606955731424 0.0738326086943045 0.10105257753628
"ufb227" 0.655528255528256 0.173078164384534 0.688169587230785 0.125531761155594 0.0572025012229901 0.0365203728343115
"ufb228" 0.670443938131706 0.201165191064489 0.129412536982729 0.121774987174185 0.0339144248784673 0.160694956779782
"ufb229" 0.648646519057613 0.179498441185092 0.206140667127124 0.109066157593151 0.0608003906989219 0.12669416447893
"ufb230" 0.639496514256104 0.180557281194541 0.13104535841258 0.108214660144297 0.0459070634829319 0.134665571253024
"ufb231" 0.602046450062264 0.160277390883821 0.129606539702951 0.0971747008215786 0.0452108776343843 0.113311771493385
"ufb232" 0.671656411124073 0.203730342489581 0.142503282399305 0.123388522446342 0.0459568844433161 0.163539573246676
"ufb233" 0.666652189109982 0.190467995381985 0.180228168449221 0.116958567694095 0.0608225463476482 0.140564774439371
"ufb234" 0.714072205380424 0.184812008827689 0.481380741815433 0.120575661943329 0.0730524723655374 0.104500294834539
"ufb235" 0.611169238817682 0.175686279542688 0.443982604826691 0.111969979894897 0.0567573258315132 0.0668867122859825
"ufb236" 0.625108276189429 0.162475210065548 0.210114872428442 0.0986580937669265 0.0468525284435923 0.108687865648268
"ufb237" 0.589425324413637 0.143133240175965 0.539116794863921 0.0953762051179184 0.0556090007332239 0.0300739903070633
"ufb238" 0.608281375627664 0.165405941203933 0.12997357603004 0.0971044906044075 0.0405399328809262 0.120686165792604
"ufb239" 0.628512238845714 0.172387852989976 0.168603782202213 0.1028733869161 0.0456480100364504 0.127155230775875
"ufb240" 0.621971079278326 0.174058315812575 0.116748635399671 0.101231274541758 0.0316613909344682 0.132228820726098
"ufb241" 0.693580691809795 0.17314913299563 0.434750199376041 0.111349484199978 0.070571380601061 0.0995902278262876
"ufb242" 0.664925905048519 0.16819349082746 0.337993428485723 0.101871055191623 0.0606082587455232 0.10514234007642
"ufb243" 0.668686744393515 0.174367650326208 0.529388122038938 0.117762717623534 0.0652831738274849 0.0654157904603841
"ufb244" 0.628843362921462 0.174765706076222 0.470484753921986 0.115914749991985 0.0610930015653481 0.0654487431118673
"ufb245" 0.62105714132705 0.175543533441743 0.370841616473819 0.111138913728272 0.0641708923678227 0.0827154133538858
"ufb246" 0.631350314852516 0.171302377058432 0.339368832568212 0.105391755272123 0.0677700625028732 0.0892116623134482
"ufb247" 0.603374221369027 0.163850054856198 0.129937599149121 0.0974504482385064 0.0414575060561983 0.119790107214687
"ufb248" 0.61515796537659 0.171909194241285 0.364272926565567 0.107652886194539 0.0686065840912501 0.0903830158336712
"ufb249" 0.52705160621017 0.141770932980208 0.181008590884626 0.0881197474344713 0.0503378172876235 0.0768314904788528
"ufb250" 0.533512382727215 0.137711642879417 0.234064180845126 0.0838586637369094 0.0512232729109337 0.0723476348971148
"ufb251" 0.513763547281855 0.130220101880856 0.155927394175318 0.0761307105946851 0.0415667604995322 0.0683068762739847
"ufb252" 0.664202400243479 0.187426317556102 0.196000570832371 0.120256509955401 0.0652803014823619 0.137344741256924
"ufb253" 0.659833692431996 0.18897401920368 0.183010375507791 0.118689356575014 0.0612591461353628 0.142298577895603
"ufb254" 0.505926621358279 0.139858849854143 0.168257475969685 0.0821267930024132 0.0501778431580801 0.0786398992725326
"ufb255" 0.495959166312208 0.158434676941067 0.558131412900661 0.104729125131158 0.0458440446189754 0.0194586612978934
"ufb256" 0.615291930226031 0.16847839370963 0.116847763038784 0.0991845896494822 0.0384760803791014 0.125266700471237
"ufb257" 0.623771980729412 0.163897123712623 0.155539242106292 0.0974133584936773 0.0374253598292853 0.117133955694209
"ufb258" 0.632689408481829 0.166770700754002 0.155523376288186 0.0985948067275321 0.0362863293303001 0.118859958686653
"ufb259" 0.632294309147084 0.166076399978874 0.1710557641351 0.100279210808699 0.0501127013605569 0.116575338138222
"ufb260" 0.646978021978022 0.166445238137337 0.697384200491838 0.122148745467337 0.0564360885144263 0.0286184257085187
"ufb261" 0.430352536543422 0.133976864640776 0.62321383571316 0.0893762940003161 0.0419446982270017 -0.00903811174817584
"ufb262" 0.582559330361636 0.150286482027291 0.258945569201888 0.0928921592808035 0.0540706824792433 0.0810915211959893
"ufb263" 0.589939257043436 0.15446074829117 0.284791576154171 0.0964302933870097 0.0527283081879268 0.0794245599713331
"ufb264" 0.619299707596454 0.170892579131739 0.129903528828523 0.102869619124824 0.0422847288472547 0.127806343895989
"ufb265" 0.641591855552066 0.1860009428181 0.142497911878456 0.10901230705692 0.0382675466945079 0.143665905536148
"ufb266" 0.614792045687297 0.166465871929427 0.143029252142711 0.0974277470918527 0.0402969805148686 0.121802890433051
"ufb267" 0.669979189693772 0.203215306937051 0.116681447609537 0.121398907235477 0.0507908983316182 0.163049054671554
"ufb268" 0.62241972735866 0.175237778178959 0.116814384609502 0.10480651020814 0.0460625241174204 0.132853802376082
"ufb269" 0.55010623454722 0.144706386464882 0.142984454987205 0.0854769721259824 0.0397672879201594 0.0939865693519391
"ufb270" 0.601003664170782 0.14066213495883 0.478286497705895 0.0922658020154659 0.0563201803947795 0.0444491359153917
"ufb271" 0.641960327476297 0.172160488289806 0.220611962187964 0.103210741446955 0.0594978890054045 0.118958330223744
"ufb272" 0.499295962248354 0.131599120281151 0.480119776374842 0.0842949816258944 0.0475452097352104 0.0173964651399194
"ufb273" 0.700232609310659 0.178397002980971 0.460966375883989 0.109702284511972 0.0716731436300093 0.105304962618812
"ufb274" 0.552321068157118 0.14086885196721 0.516458189853335 0.0882470987281959 0.0492900742286521 0.0275108274879522
"ufb275" 0.751197820436539 0.184490058965445 0.657856663329228 0.131687363068195 0.0757849185709388 0.0772430458228883
"ufb276" 0.506500505220613 0.137814327382354 0.428316748899834 0.0884792599238435 0.0478173419065046 0.0244290287982
"ufb277" 0.567417017751062 0.142436174480462 0.389344633804596 0.090638750254085 0.0490766435175207 0.0466574088010785
"ufb278" 0.551505779815522 0.143566993024159 0.168912964150837 0.0857400420897773 0.0495748935127074 0.0927637505580208
"ufb279" 0.549492244169178 0.138703208243564 0.493126031709846 0.0896635890336634 0.048402431226393 0.0254348056193575
"ufb280" 0.602472232174848 0.140855520659802 0.460086567250421 0.0914769722566789 0.0564945797698658 0.0446641734241331
"ufb281" 0.660425139602869 0.168691166862708 0.36367087220003 0.102753761366983 0.0597423292512456 0.100940915080287
"ufb282" 0.602900167317345 0.148304834507047 0.460253690808391 0.0975429859459091 0.0616984406967113 0.0529475257272827
"ufb283" 0.743350334767656 0.186254484003996 0.533937106957833 0.123079892431833 0.0710456490046779 0.0951567880079702
"ufb284" 0.620399084799541 0.157088770362896 0.355505581316375 0.0972676423304866 0.0590131872866354 0.0822166836251742
"ufb285" 0.548645529228054 0.152226095170364 0.454329259569843 0.100737455066432 0.0555779751403641 0.0407360758116325
"ufb286" 0.649862586045548 0.17103817799223 0.26294132061263 0.106441049459584 0.065135154739759 0.112001272821256
"ufb287" 0.628630334395742 0.183563901108356 0.36254064538964 0.116537905238016 0.0672813726278384 0.102974980631637
"ufb288" 0.574684574684575 0.161172164020568 0.310618295339141 0.101177959827397 0.0532437963295197 0.0865470478076488
"ufb289" 0.589325209698285 0.140191109935693 0.465316079718538 0.0937740325684926 0.0638022160566017 0.0439253740911155
"ufb290" 0.527721301219894 0.135675871591645 0.493200029664849 0.0855715791421838 0.0498361815258724 0.0220093465199268
"ufb291" 0.544571224108456 0.14946664292102 0.143008787836184 0.0860821663023824 0.0431644520303485 0.0949045760481166
"ufb292" 0.641196587182091 0.185449154776957 0.116724035439643 0.113621135310664 0.0413726893352144 0.144338445510448
"ufb293" 0.641608055330217 0.186943155876151 0.116765965737802 0.113440144869308 0.0461676509158104 0.145757993824999
"ufb294" 0.679826149945672 0.166467214802304 0.706649308605493 0.11872028370902 0.0556752566543041 0.0282623188117527
"ufb295" 0.655828088703621 0.182227976554357 0.314148165695629 0.110952310565272 0.0716325563348546 0.115376330150145
"ufb296" 0.662876382157587 0.203134450998482 0.103621680717443 0.124041231858526 0.0498833995453939 0.162916067155769
"ufb297" 0.643748954695886 0.187497572446649 0.103621593109892 0.11266644627204 0.0414320956097997 0.145725482614417
"ufb298" 0.654330419036301 0.169768893257324 0.479821566545196 0.111954873935663 0.0634620831480246 0.0599259474327248
"ufb299" 0.555816292323165 0.174187225204399 0.613006557619815 0.121291087604093 0.0555483238508056 0.0373816323492082
"ufb300" 0.572271287560121 0.160090910386305 0.373054378943776 0.105617470043885 0.051534940694107 0.0662839499103801
"ufb301" 0.636727543865519 0.184749204008278 0.119816207020581 0.109548342201706 0.044838316751538 0.143452907952333
"ufb302" 0.625236355785537 0.169325624563106 0.13285716620693 0.10192795486059 0.0469845996214547 0.122819794817708
"ufb303" 0.687056277830433 0.182593332828586 0.416343167771985 0.125087113253839 0.0761346637832457 0.102250636486071
"ufb304" 0.551617763110697 0.144692287087413 0.219892986174498 0.0868627841266889 0.0491176536034677 0.0750417726000148
"ufb305" 0.542634206576468 0.14654104652753 0.129860170846664 0.0870686946169378 0.0409601753108464 0.0959567989855438
"ufb306" 0.537581459276286 0.148252192306552 0.129906224266386 0.0858389624338889 0.0423153643388904 0.095864474825909
"ufb307" 0.588435911200935 0.171050077236472 0.361469970596831 0.110738329871525 0.0581022214568296 0.078315963776196
"ufb308" 0.578297229433545 0.160268961626122 0.32298469487196 0.101347835396512 0.0568410984416672 0.0775967933412015
"ufb309" 0.623555401285642 0.160213371632556 0.220611962187964 0.0972317310906103 0.0479112912036943 0.106243416934609
"ufb310" 0.595773740697341 0.156844675244384 0.288531662594038 0.0962751308950775 0.0504036097479383 0.0819045451705039
"ufb311" 0.65883079315352 0.175268420112937 0.285889490240109 0.107326657902248 0.0657718597519118 0.116564802824969
"ufb312" 0.564206451208426 0.141685371221828 0.194251867571848 0.0849371154152997 0.0467856700572813 0.080627236253666
"ufb313" 0.648660299189059 0.186683163452097 0.129532036291081 0.113517222271706 0.0564591778851781 0.143068377960123
"ufb314" 0.632119792072223 0.164275874095312 0.20756196275595 0.0983728647738261 0.0490056333113516 0.112793062868499
"ufb315" 0.570504797663746 0.170176762612212 0.443782966892829 0.113224258715178 0.059782681506676 0.0606500049145941
"ufb316" 0.67373082529326 0.186641116644456 0.245110520256514 0.11498406174575 0.0651242738009467 0.131751339771631
"ufb317" 0.68366279677858 0.17913591316003 0.571163563719872 0.127059194656815 0.0723932072042672 0.0711847808931464
"ufb318" 0.64934103361469 0.186620305141917 0.167459727285756 0.112276633590189 0.0596031062437977 0.141061077447913
"ufb319" 0.643850927374794 0.176711721081499 0.132868126749831 0.108203738608697 0.0496996354923206 0.131715417162862
"ufb320" 0.606444696051221 0.173724850804518 0.338922785838298 0.113465884631256 0.0644316258417984 0.0921617143398876
"ufb321" 0.638689835142076 0.177635310767376 0.14588489350955 0.107057451058046 0.0456549090360641 0.130304795167208
"ufb322" 0.490408357075024 0.158394615718017 0.54655443413855 0.10850981307748 0.0472887683748225 0.0166175334708241
"ufb323" 0.366245578575038 0.13653207572191 0.571391339546262 0.0912736893462864 0.0397160408172097 -0.00606093335749012
"ufb324" 0.617601885605003 0.161649748193282 0.129606539702951 0.0963796464164878 0.0343267249533907 0.114760884639077
"ufb325" 0.670715031459906 0.172312404743883 0.355207915946325 0.105439881620005 0.0625638813586589 0.109573468744003
"ufb326" 0.689203029979729 0.195896354596694 0.228195463151454 0.122991748956538 0.069166532453871 0.141627937841444
"ufb327" 0.649353676692267 0.172750817412096 0.220414840444826 0.104785340925581 0.058659614641526 0.117012856343939
"ufb328" 0.648875689435723 0.183691782554058 0.639969389151373 0.129588103287735 0.0598216978656564 0.0465130413169216
"ufb329" 0.656331956170289 0.166637047103831 0.45812216728443 0.107770285182616 0.0646936064024818 0.0731738436989852
"ufb330" 0.612261835812251 0.173559265475193 0.116681447609537 0.103023424693874 0.038887700886706 0.131898039657966
"ufb331" 0.545818779535648 0.136928096656159 0.337277328384589 0.0852374587503558 0.049817755818494 0.0520643219087024
"ufb332" 0.519108485562412 0.145340346160871 0.258628642377075 0.0864952099038869 0.0533370728471975 0.0755966144277185
"ufb333" 0.555353916316209 0.142849578349641 0.359537993964899 0.0901767982059722 0.0581805056390684 0.066598772887017
"ufb334" 0.684147608985383 0.19025679305374 0.232523840051192 0.121341508020441 0.065962786305192 0.132594284826274
"ufb335" 0.655845793685343 0.1873334110764 0.181062885899863 0.114710381364839 0.0631563369423828 0.139029040839933
"ufb336" 0.611437733832175 0.163552370663379 0.338281536767696 0.102456484324885 0.05879004630579 0.0692366025129754
"ufb337" 0.569186928685097 0.140153320676065 0.597176074389881 0.0962860078722071 0.0546957896409682 0.0270756210945581
"ufb338" 0.684337286544013 0.182769585323587 0.359859846506336 0.122607258136259 0.0704105372347265 0.102111534971059
"ufb339" 0.703942469969225 0.191508399534131 0.364122474233795 0.12737720271387 0.0752678852240574 0.119529319465196
"ufb340" 0.62136220184661 0.174238100766317 0.142959294618261 0.101960777804204 0.0432453014573002 0.131325722293281
"ufb341" 0.685595207085178 0.190741184045292 0.528759604025866 0.129094557635529 0.0744392632423436 0.0835595097503319
"ufb342" 0.647683964810874 0.190080627741955 0.103618258105565 0.113880392028483 0.0441043470806575 0.147968322511636
"ufb343" 0.556343667772566 0.136732367308159 0.542541285497556 0.0908556009819992 0.0523564080215117 0.0228285545283455
"ufb344" 0.605151949716239 0.164038210582484 0.142947483709288 0.0996308053366341 0.0516316499890795 0.119242151008003
"ufb345" 0.730724786544264 0.172459388177644 0.587890513282853 0.115646498479258 0.0699715564434408 0.0627719686740383
"ufb346" 0.478881411000232 0.134585671252212 0.428168752989828 0.0839420883634392 0.0459912140984354 0.0207757748685724
"ufb347" 0.584373540179687 0.164697701657322 0.309761437860307 0.105088563507686 0.0583054580425752 0.0824615462436881
"ufb348" 0.643730354159574 0.176990722358449 0.285052601506648 0.111057079512825 0.0695846881110137 0.114682898867234
"ufb349" 0.674414390536129 0.191394830572326 0.234862216017747 0.11767701870078 0.0632098127214181 0.136820975387683
"ufb350" 0.662480521077108 0.199429224997728 0.116996050947305 0.120919565941877 0.0494434535600835 0.159021361936201
"ufb351" 0.626391894979807 0.179509720529062 0.117043225732848 0.105559882830344 0.0524421740773627 0.137345276970033
"ufb352" 0.649983134047758 0.175510276485409 0.220474183893713 0.103145261922457 0.058211674062936 0.124719534087971
"ufb353" 0.644937151604697 0.169101177078575 0.259667459414921 0.102725992765222 0.0627444891538566 0.11307274292632
"ufb354" 0.635057535554213 0.165418921059838 0.262818999014457 0.100917376468716 0.060786537744414 0.106036542728143
"ufb355" 0.658055649431114 0.176574312966194 0.272444324672057 0.10886801883517 0.0693794849678549 0.114188312289099
"ufb356" 0.601375501328096 0.166217885652637 0.285821178457218 0.100044466840371 0.0610304208570018 0.0922050592327968
"ufb357" 0.598264632304884 0.168148602337186 0.224460315255391 0.104066300080403 0.056607981311957 0.104969739627064
"ufb358" 0.551154079439732 0.147378998439832 0.131512787995011 0.0873452822950642 0.0410053597702217 0.0983883742733312
"ufb359" 0.644758735440932 0.151286602743685 0.688168131113501 0.104147759099435 0.0484788401699896 0.0111301548224049
"ufb360" 0.784446477584629 0.177756315137183 0.766938758201383 0.129124698481809 0.0620309990371097 0.0395801320864028
"ufb361" 0.712042049603424 0.182252124806897 0.517720386964922 0.124180851227266 0.0865715300739398 0.0905986674859608
"ufb362" 0.625456384113925 0.170791832423189 0.116578113720875 0.102457735253304 0.0394950464915092 0.125471980707196
"ufb363" 0.648506485563222 0.189608237955991 0.129744338355124 0.115344355147595 0.0424315480929599 0.148756047607037
"ufb364" 0.539547539327582 0.136491540250133 0.324330526276909 0.0836269102509528 0.0529255345564073 0.0599180391247664
"ufb365" 0.630092549758462 0.162924461412606 0.207566329668629 0.0976360369683623 0.0501661815081121 0.109153391562947
"ufb366" 0.603990576148681 0.156098987537455 0.157413376044773 0.0935683219247524 0.0446074336151456 0.104143894792722
"ufb367" 0.609533744804406 0.16100583492577 0.168385634604777 0.0976563830844789 0.0484677752296725 0.107124124601151
"ufb368" 0.558232616543714 0.153120166815707 0.466164381223578 0.0960665322387314 0.0526527421066907 0.0410520945406192
"ufb369" 0.584270899843678 0.165165845987562 0.325848809799988 0.1005379587133 0.056589659456628 0.0827608869953138
"ufb370" 0.534294210664702 0.133615651408864 0.181713266411476 0.0826089714193456 0.0402410089802177 0.0720818122683527
"ufb371" 0.634648859926546 0.178969494714692 0.129535711214037 0.107621911964087 0.052311382496203 0.134057773516642
"ufb372" 0.596815832729374 0.154543853250656 0.249244793497219 0.0942906499451298 0.0555154593584122 0.0905020486659824
"ufb373" 0.690362216501695 0.196348624340699 0.225023325350828 0.126967864416697 0.0672889970483771 0.139126875997393
"ufb374" 0.52089933699517 0.139637556058873 0.143071557420235 0.0825008570589919 0.0497039073475415 0.0816641839424198
"ufb375" 0.589138148580365 0.146457310042241 0.285365713663807 0.0934926989512725 0.0504900360038372 0.0768617692854555
"ufb376" 0.584159096639137 0.146557239792384 0.301763911752187 0.0938695096615176 0.0488796687404927 0.0708196657581594
"ufb377" 0.701940435438842 0.181361981511516 0.397720937111526 0.118279294521469 0.0808963368027596 0.100516310988267
"ufb378" 0.692671202378615 0.19037741271453 0.310736364903011 0.122221218904607 0.06903724627211 0.124279736116037
"ufb379" 0.56321284753201 0.140609885885405 0.207240428261576 0.0869969851039385 0.0514733054879948 0.0755126079701206
"ufb380" 0.558129936401328 0.14769533494385 0.389509597126786 0.0923513737055636 0.0531032519147471 0.0525039493319363
"ufb381" 0.63704694420652 0.165170528591055 0.31189736819088 0.104575649700933 0.0673231434271269 0.101852373485428
"ufb382" 0.650559082991515 0.195609209653905 0.425204560310729 0.128152319042056 0.0637985254893565 0.0895743456513025
"ufb383" 0.626045431120689 0.169672556756949 0.129630006520657 0.10037917819075 0.036664106431115 0.124291531732242
"ufb384" 0.566922481028565 0.146498847170067 0.158038418817664 0.089515678140297 0.0509154714010579 0.0974215482584911
"ufb385" 0.576944055622367 0.14531676821834 0.181254308135591 0.0883900551407341 0.0476795846436481 0.0877421173855282
"ufb386" 0.688839766690196 0.184257157606726 0.415934047378572 0.121849266957198 0.0787062731214003 0.10399941550544
"ufb387" 0.56744275761908 0.147118237197911 0.298336148978742 0.0901720789977306 0.0501037331785427 0.0632564343466891
"ufb388" 0.53834995049391 0.156455363467025 0.207145340098473 0.0950000574579203 0.0582984862924756 0.087559172974197
"ufb389" 0.64378694914306 0.172176194113059 0.337594047122129 0.111953312868318 0.0660986823482992 0.0905040723324481
"ufb390" 0.675360150889402 0.182792233114534 0.33312480416288 0.117543343571018 0.0699954057761546 0.110056974197308
"ufb391" 0.610533167329547 0.162400746376445 0.181629790188819 0.0961971087283683 0.0467045170339513 0.114238731631551
"ufb392" 0.586859663993393 0.153042659445632 0.295902838046943 0.0973991034708721 0.0554928487647154 0.068968282692466
"ufb393" 0.650810150074056 0.171304131006223 0.272444324672057 0.105414416627704 0.0593859544332031 0.108518840410802
"ufb394" 0.657671562618406 0.173748028043694 0.298437708624872 0.107956906947097 0.0650502328646147 0.106365253213821
"ufb395" 0.653866343795293 0.190916044228942 0.129401331926176 0.1173815012714 0.0459038409022815 0.147533789832153
"ufb396" 0.658692631508654 0.193369916756366 0.131105836939108 0.118616984500268 0.0438803628415715 0.150832715073531
"ufb397" 0.667696237441882 0.200402302070632 0.119680118491486 0.122614094730529 0.0447643253697477 0.158824168204432
"ufb398" 0.722024582029163 0.182071232303096 0.519777494463927 0.123525699200977 0.0764964022825375 0.0902951370107882
"ufb399" 0.61567986108574 0.16199214578306 0.220616360461875 0.0992458616963399 0.0563562434086812 0.112247948107096
"ufb400" 0.663041678395787 0.189593957415371 0.206408279489457 0.117836495647266 0.0585299803615555 0.139636856812025
