"ci" "cci" "ri" "rc" "rhi" "rhiBar" "rci"
"1" NA NA NA NA NA NA NA
"2" 0.666666666666667 0.504190140312106 0.5 0.333333333333333 0.5 0.509683995922528 0.494424546370922
"3" 1 1 1 1 0 0 1
"4" NA NA NA NA NA NA NA
"5" NA NA NA NA NA NA NA
"6" NA NA NA NA NA NA NA
"7" 0.666666666666667 0.504190140312106 0.5 0.333333333333333 0.5 0.509683995922528 0.494424546370922
"8" 1 NA NA NA NA NA NA
"9" NA NA NA NA NA NA NA
"10" 0.5 0.726573759236 0.714285714285714 0.357142857142857 0.285714285714286 0.2957267484844 0.716380235798906
"11" NA NA NA NA NA NA NA
"12" 0.666666666666667 0.504190140312106 0.5 0.333333333333333 0.5 0.510464522715671 0.493637444311536
"13" 1 NA NA NA NA NA NA
"14" 1 1 1 1 0 0 1
"15" NA NA NA NA NA NA NA
"16" NA NA NA NA NA NA NA
"17" 0.333333333333333 0.340881993246807 0.333333333333333 0.111111111111111 0.666666666666667 0.685655456417296 0.321460885397732
"18" 0.5 0.678100551321533 0.666666666666667 0.333333333333333 0.333333333333333 0.345303867403315 0.665917650564677
"19" 1 NA NA NA NA NA NA
"20" 0.375 0 0 0 1 1.02375102375102 -0.0246885863031624
"21" 1 NA NA NA NA NA NA
"22" 0.666666666666667 0.67226952785023 0.666666666666667 0.444444444444444 0.333333333333333 0.340831629175187 0.664707161124584
"23" 0.666666666666667 0.864432573931813 0.857142857142857 0.571428571428571 0.142857142857143 0.14760147601476 0.859642913415819
"24" 0.666666666666667 0 0 0 1 1.01844262295082 -0.0185967341380592
"25" 0.666666666666667 0.958446305375719 0.95 0.633333333333333 0.0625 0.0639386189258312 0.94425132628655
"26" 0.5 0.508524379006895 0.5 0.25 0.5 0.51150895140665 0.496817012018241
"27" 0.666666666666667 0.916920675937686 0.909090909090909 0.606060606060606 0.1 0.101491931391454 0.906218076948266
"28" 0.75 0.89569837719368 0.888888888888889 0.666666666666667 0.111111111111111 0.11839924224485 0.888344008425249
"29" 1 NA NA NA NA NA NA
"30" 0.333333333333333 0.856891418796335 0.826086956521739 0.27536231884058 0.210526315789474 0.212336766111052 0.816552019811303
"31" 0.666666666666667 0 0 0 1 1.01844262295082 -0.0185967341380592
"32" 0.428571428571429 0.206251746623507 0.2 0.0857142857142857 0.8 0.819000819000819 0.186655224367037
"33" 0.333333333333333 0.759851889044614 0.733333333333333 0.244444444444444 0.307692307692308 0.318395287749741 0.706044528636947
"34" 0.6 0 0 0 1 1.01522842639594 -0.0154597382529865
"35" 0.75 0.671692239576498 0.666666666666667 0.5 0.333333333333333 0.342231348391513 0.662726151925465
"36" 0.285714285714286 0.738411115650069 0.705882352941177 0.201680672268908 0.357142857142857 0.348675034867504 0.681051826629438
"37" 0.5 0.33899968758977 0.333333333333333 0.166666666666667 0.666666666666667 0.681663258350375 0.32374713345459
"38" 0.428571428571429 0.84511834016411 0.818181818181818 0.350649350649351 0.235294117647059 0.230733733271804 0.794199709500398
"39" 0.428571428571429 0.774205719731607 0.75 0.321428571428571 0.266666666666667 0.277104260478005 0.746113267389778
"40" 0.5 0.896527483220681 0.875 0.4375 0.166666666666667 0.17162471395881 0.848309425047333
"41" 0.5 0.787486403615741 0.769230769230769 0.384615384615385 0.25 0.244957948885441 0.772920840693148
"42" 0.428571428571429 0 0 0 1 1.01910828025478 -0.019703870382315
"43" 0.285714285714286 0.391755402070806 0.375 0.107142857142857 0.625 0.649266329048175 0.366389967097306
"44" 0.428571428571429 0.619017822449634 0.6 0.257142857142857 0.4 0.415541242468315 0.602964094633087
"45" 0.5 0.682305338528167 0.666666666666667 0.333333333333333 0.333333333333333 0.355197726734549 0.659904501097629
"46" 0.6 0.78981636675181 0.777777777777778 0.466666666666667 0.222222222222222 0.232558139534884 0.779307168034489
"47" 0.6 0.83091815564451 0.818181818181818 0.490909090909091 0.181818181818182 0.191131498470948 0.821440445941606
"48" 0.5 0.508524379006895 0.5 0.25 0.5 0.51150895140665 0.496817012018241
"49" 0.75 0.959949986473467 0.952380952380952 0.714285714285714 0.0666666666666667 0.0661200740544829 0.941163270275716
"50" 0.3 0.528990564564352 0.5 0.15 0.538461538461538 0.534514355528406 0.492399857127493
"51" 0.6 0.78981636675181 0.777777777777778 0.466666666666667 0.222222222222222 0.236798484489699 0.77499619515327
"52" 0.285714285714286 0.797561127665897 0.761904761904762 0.217687074829932 0.277777777777778 0.2815156804234 0.751688118240775
"53" 0.272727272727273 0.7273132918195 0.68 0.185454545454545 0.4 0.393217006635537 0.648297563246404
"54" 0.285714285714286 0.570065426379577 0.545454545454545 0.155844155844156 0.5 0.486712742139589 0.536390944541141
"55" 0.333333333333333 0.629585839130731 0.6 0.2 0.428571428571429 0.437732545414752 0.589881576457977
"56" 0.272727272727273 0.661498118313995 0.619047619047619 0.168831168831169 0.444444444444444 0.447777902160528 0.589687221803496
"57" 0.272727272727273 0.618375377607324 0.578947368421053 0.157894736842105 0.470588235294118 0.469345849222646 0.566558569536723
"58" 0.25 0.637182295341937 0.590909090909091 0.147727272727273 0.473684210526316 0.485725079604944 0.554063101976007
"59" 0.5 0.716467365012107 0.7 0.35 0.3 0.317158261972724 0.698880684675028
"60" 0.25 0.471066086335199 0.4375 0.109375 0.6 0.6049200161312 0.425282386175068
"61" 0.3 0.785672002836249 0.740740740740741 0.222222222222222 0.35 0.350210126075645 0.688208166694642
"62" 0.333333333333333 0.476687761658567 0.454545454545455 0.151515151515151 0.6 0.598802395209581 0.42068509448978
"63" 0.25 0.637182295341937 0.590909090909091 0.147727272727273 0.45 0.457038391224863 0.585136312306625
"64" 0.3 0.564353572571995 0.533333333333333 0.16 0.5 0.499964288265124 0.52902843697851
"65" 0.3 0.737220019676895 0.695652173913043 0.208695652173913 0.35 0.343339219148519 0.69553871571179
"66" 0.1875 0.560214086261626 0.5 0.09375 0.619047619047619 0.62750398223681 0.416469181991578
"67" 0.272727272727273 0.775319376120112 0.724137931034483 0.197492163009404 0.363636363636364 0.357573861350735 0.686694973725039
"68" 0.3 0.488216606786183 0.461538461538462 0.138461538461538 0.583333333333333 0.570357695754909 0.45442189070003
"69" 0.214285714285714 0.634304145427584 0.576923076923077 0.123626373626374 0.523809523809524 0.51454766582468 0.532905919600555
"70" 0.166666666666667 0.483353671578405 0.423076923076923 0.0705128205128205 0.714285714285714 0.729359136438782 0.308407712424938
"71" 0.2 0.530181152203646 0.478260869565217 0.0956521739130435 0.631578947368421 0.619674670797831 0.421076201009048
"72" 0.1875 0.0796703416305166 0.0714285714285714 0.0133928571428571 1 1.00486975342042 -0.00542974574051561
"73" 0.214285714285714 0.634304145427584 0.576923076923077 0.123626373626374 0.55 0.566076574722108 0.476049376427695
"74" 0.272727272727273 0.593263644022069 0.555555555555556 0.151515151515152 0.5 0.488579455233907 0.545947965700545
"75" 0.214285714285714 0.595128679509721 0.541666666666667 0.116071428571429 0.523809523809524 0.535019455252918 0.510300530491375
"76" 0.230769230769231 0.670371327196004 0.615384615384615 0.142011834319527 0.476190476190476 0.486192143134967 0.558804728220793
"77" 0.272727272727273 0.498034051646669 0.466666666666667 0.127272727272727 0.571428571428571 0.573888091822095 0.454657977714077
"78" 0.230769230769231 0.653405755505093 0.6 0.138461538461538 0.476190476190476 0.470079443425939 0.576444567906119
"79" 0.25 0.331075960169697 0.307692307692308 0.0769230769230769 0.692307692307692 0.728450020234723 0.292145978269385
"80" 0.176470588235294 0.566192117809088 0.5 0.0882352941176471 0.622222222222222 0.625167455568456 0.423371772609712
"81" 0.157894736842105 0.314058533051465 0.272727272727273 0.0430622009569378 0.842105263157895 0.842371275139518 0.181256169326956
"82" 0.142857142857143 0.447601325581824 0.379310344827586 0.0541871921182266 0.782608695652174 0.787263820853744 0.25008520304517
"83" 0.130434782608696 0.453157991023757 0.375 0.0489130434782609 0.833333333333333 0.833333333333333 0.20021722401339
"84" 0.157894736842105 0.559956016384861 0.483870967741935 0.0764006791171477 0.666666666666667 0.67125356603457 0.378917508610276
"85" 0.136363636363636 0.437612624318223 0.366666666666667 0.05 0.826086956521739 0.815975950182521 0.218642591356531
"86" 0.1875 0.560214086261626 0.5 0.09375 0.65 0.64692709629261 0.394660545857067
"87" 0.142857142857143 0.447601325581824 0.379310344827586 0.0541871921182266 0.818181818181818 0.804541188039154 0.229709806683814
"88" 0.157894736842105 0.578979245523767 0.5 0.0789473684210526 0.666666666666667 0.668812439911382 0.381748265717741
"89" 0.2 0.651370863199458 0.586206896551724 0.117241379310345 0.545454545454545 0.545553737043099 0.503598798494357
"90" 0.142857142857143 0.36239074673845 0.307692307692308 0.043956043956044 0.818181818181818 0.813559322033898 0.219080460325899
"91" 0.15 0.431989610352652 0.37037037037037 0.0555555555555556 0.772727272727273 0.769718373630354 0.267855130250621
"92" 0.125 0.336250000263507 0.275862068965517 0.0344827586206897 0.91304347826087 0.913798355162961 0.10460125379765
"93" 0.157894736842105 0.470375451775045 0.407407407407407 0.064327485380117 0.761904761904762 0.748993539930718 0.288955562893096
"94" 0.214285714285714 0.651765785720297 0.592592592592593 0.126984126984127 0.55 0.547563343123102 0.49646082698664
"95" 0.142857142857143 0.294086336782072 0.25 0.0357142857142857 0.9 0.886655829762081 0.133051887532606
"96" 0.166666666666667 0.456762537229802 0.4 0.0666666666666667 0.75 0.762272588677711 0.270795305031995
