NaN NaN NaN NaN 1
NaN NaN NaN 1 NaN
1 NaN NaN NaN NaN
1 0.5648723 NaN 0.6024059 0.6446478
0.5074683 0.4977607 0.8676294 0.1553757 NaN
0.7952558 0.5526083 0.2840388 NaN 0.5322736
0.5213125 0.6965699 0.3091667 0.4019137 0.4196394
0.768678 0.3111842 0.7200956 0.4112087 0.4489533
0.4199983 0.5014453 0.6505217 0.1271198 0.6635402
0.5059915 0.4488505 0.4327053 0.442912 0.4992497
0.4034027 0.1318836 0.2015027 0.5272913 0.4576846
0.3554137 0.3746903 0.3027404 0.2066891 0.310031
0.4213744 0.3449686 0.224519 0.3655783 0.3622651
0.3105635 0.3066686 0.1853292 0.2076008 0.2082271
0.1930971 0.2934622 0.2669219 0.2503199 0.3164004
0.388785 0.3155642 0.1788383 0.3157169 0.1672572
0.1874095 0.1540573 0.1618328 0.1668478 0.201544
0.2513218 0.1819442 0.155591 0.179269 0.1340087
0.1266762 0.1126867 0.2062361 0.147221 0.1773986
0.1788594
