0.7255217 0.6372762 NaN NaN NaN
NaN 1 NaN NaN NaN
1 0.6642539 NaN NaN NaN
1 1 0.6987774 1 1
0.7218855 NaN 0.8104569 0.9852918 NaN
NaN 0.5399571 0.9910067 0.4980636 0.06005557
0.8063769 NaN 1 0.9729443 0.8661626
0.6177584 0.7295703 0.7188209 0.7865821 0.8932109
0.4206541 0.5310359 0.9309633 0.4864787 0.9654014
0.8714532 0.240652 0.5772647 0.8624853 0.3850194
0.8164417 0.6349383 0.4486413 0.9842232 0.4815068
0.5757106 0.7227382 0.3628929 0.4913625 0.5003934
0.9446363 0.6256038 0.609956 0.5028197 0.39665
0.5108413 0.6117225 0.5157473 0.5508441 0.5620307
0.4810348 0.4527817 0.4329217 0.4236291 0.5654017
0.6562784 0.487073 0.5871521 0.8122575 0.7536027
0.3214484 0.5230871 0.4255774 0.7023198 0.5866394
0.3546973 0.4047863 0.4173968 0.3398926 0.3774194
0.4569646 0.5234368 0.3550216 0.5837863 0.7180569
0.4594058
