"quartet" "cluster" "phylo" "mutual" "shared" "clusterNorm"
"mb49" 0.750535455234383 0.242028493293229 0.0942803158961178 0.164040286613847 0.0858200282386764 0.205357068028523
"mb50" 0.824884579870729 0.230013963638511 0.658589091484109 0.188679893802363 0.112198828006817 0.130619847228992
"mb51" 0.753829462971095 0.210104925798888 0.321079501096142 0.156185530149608 0.105748691051067 0.123875218629518
"mb52" 0.903588791172775 0.258004351021445 0.870561271224433 0.221722064485666 0.110609700432571 0.136130380218502
"mb53" 0.781679695658049 0.267802609665908 0.141433094198478 0.186539730111048 0.0962100819952551 0.23237375987409
"mb54" 0.941531633811539 0.265178591457159 0.929333758247994 0.233642679375877 0.118770739266412 0.144483001107794
"mb55" 0.84718137254902 0.207564531793815 0.763225038122449 0.169915220817483 0.107624934398907 0.104982720279554
"mb56" 0.814800282726418 0.248096332989296 0.386331590831304 0.187269605245336 0.131101812208476 0.193969262395048
"mb57" 0.833106162200189 0.222826540971429 0.586678245806708 0.174053508788284 0.118571816314921 0.138429116425427
"mb58" 0.816339576807518 0.208206954103993 0.776398958276914 0.172928334627231 0.0829635784421274 0.0781536812979533
"mb59" 0.786933293759739 0.205923655184452 0.552680344320729 0.15802706401923 0.10662274325917 0.119863383721002
"mb60" 0.783098513577103 0.20356415626196 0.610558112933533 0.160268070182129 0.0939373809574613 0.100240360734835
"mb61" 0.868330918192596 0.220644839738951 0.78811732251376 0.186560945754347 0.0875758132699726 0.0926345095199895
"mb62" 0.79874213836478 0.217210751014714 0.731448429006276 0.173313633426521 0.0817778475301139 0.0872365795406093
"mb63" 0.709288316486223 0.194161450227685 0.201136369045865 0.136884077203059 0.0873888112739214 0.144925100317868
"mb64" 0.703229099210835 0.203026481931468 0.350206076989717 0.147952336583275 0.104866239226596 0.135130170229373
"mb65" 0.779089906607506 0.250215090060822 0.223277476249047 0.180521137865767 0.112629898063625 0.21107755210069
"mb66" 0.76739832149774 0.202957468654066 0.710670704299549 0.165769722723446 0.0796374182999425 0.0698028208400111
"mb67" 0.773474646054134 0.202828588821277 0.551532139940733 0.15789613447529 0.103957807115931 0.115966905757199
"mb68" 0.786961009712382 0.201345190242477 0.599759037300872 0.1568755827301 0.0978272215694661 0.0982503477604325
"mb69" 0.772885893207132 0.203449323328997 0.607529459711763 0.160922404500052 0.0981215573424507 0.0999087998815792
"mb70" 0.775865731888676 0.259473469445377 0.141515171485539 0.180914303985408 0.0933991474374846 0.223111426472861
"mb71" 0.738790977084659 0.202505418774635 0.351680709288135 0.150954988469923 0.109848009311816 0.145050831157722
"mb72" 0.660253477921589 0.180898169188064 0.234147079356392 0.129318659930159 0.082010656691814 0.121837847668301
"mb73" 0.677135903143267 0.189175326286289 0.256261671961586 0.136820886673434 0.0879366577600708 0.126144386424787
"mb74" 0.80715483510341 0.190916216633401 0.809333451815757 0.15765210510591 0.0784566314250639 0.0567620487920875
"mb75" 0.779661016949153 0.216537552096664 0.512657831691076 0.166851885994818 0.0789179480065707 0.0848854030981567
"mb76" 0.716208089009172 0.196017813939021 0.662546607062052 0.155594981911569 0.0732139269451173 0.0630277593166506
"mb77" 0.778489707510173 0.261788053863165 0.141472851533883 0.18318061313161 0.0926990033844209 0.225851484780773
"mb78" 0.710507956546294 0.19155207103752 0.284664191890689 0.141378994424595 0.0936751000239902 0.114599525774112
"mb79" 0.780752747144774 0.26270304072986 0.176677458988937 0.184772664181549 0.103951054277788 0.226090765128321
"mb80" 0.756656888450897 0.245052992362889 0.0965382726967373 0.168593928596937 0.0797580796635378 0.208654395301744
"mb81" 0.804165028335612 0.23351281124878 0.421335260615939 0.178496695651384 0.126258968904772 0.174049166442506
"mb82" 0.768956957519554 0.196146092228788 0.620237808086063 0.158584991049279 0.0964884033779172 0.0914405952885875
"mb83" 0.780267065784243 0.216773322044319 0.576131030330799 0.16938977897446 0.0945298572090278 0.115670029351333
"mb84" 0.709591134190546 0.19198901652873 0.189242414050776 0.135497982019656 0.0808012997953429 0.144621100518027
"mb85" 0.853237304328654 0.199143239438855 0.82129808975209 0.164300967998869 0.0793105482949839 0.0669657426882046
"mb86" 0.807793433560305 0.197947484997829 0.714177637456113 0.157438132691174 0.074471200494065 0.0649591716399334
"mb87" 0.703936677360357 0.187588265361698 0.24871968807694 0.133544801401525 0.0895369497630288 0.118396856828471
"mb88" 0.803271752926245 0.203595409442339 0.734730727180897 0.163240812837565 0.0783438584248486 0.0719712792127716
"mb89" 0.708676351896691 0.194896128842165 0.215419839764221 0.137171801224693 0.0926687625458986 0.143349202165507
"mb90" 0.733365116120684 0.198536912303659 0.686607980435 0.159644975118999 0.0753580545891499 0.0661184223515668
"mb91" 0.807096114964019 0.206714045597048 0.597753535848316 0.160694962098816 0.0969285017932152 0.104022137528262
"mb92" 0.847550572751645 0.211260070043611 0.776340934392025 0.172107995582862 0.0841407792599285 0.0817082764085004
"mb93" 0.72330786995914 0.158220597142563 0.77356987852325 0.125356857442149 0.0605734788171953 0.0190174859008281
"mb94" 0.754026427951771 0.202100118122637 0.526024886932238 0.155832250509911 0.104123071041072 0.115174289230056
"mb95" 0.734633934406478 0.22701519137624 0.0942578627887444 0.153160399685488 0.0694829382529099 0.189388712850907
"mb96" 0.661279467065337 0.1776282834144 0.210583764290157 0.126721849360762 0.0698956438918254 0.121994501544499
"mb97" 0.697889797682814 0.189767199024627 0.224824237770593 0.135209371681951 0.0913204419637413 0.134967405656716
"mb98" 0.821186464515766 0.221707939133638 0.511632825022996 0.171115572744762 0.115091534411126 0.147801048855198
"mb99" 0.765452206284901 0.184444144207302 0.586526637452231 0.145093036801946 0.0867300420388446 0.0958785698137173
"mb100" 0.725085910652921 0.189944596769002 0.566705329562326 0.14589295355627 0.0858039702093568 0.0846010084640286
"mb101" 0.749922397494145 0.203319880135664 0.505609461920222 0.153555937487127 0.0923079638085377 0.116669736455621
"mb102" 0.757714285714286 0.19461987958098 0.602830346276373 0.15247127260882 0.0926222944286393 0.0901096058177391
"mb103" 0.670656413333544 0.179424481884517 0.388324986314983 0.129764533911758 0.0756205541699293 0.0901363836733034
"mb104" 0.812013828867761 0.209615695984541 0.738010955979144 0.168691681850434 0.0817342285476411 0.0797938112830736
"mb105" 0.734357357537542 0.227906524008405 0.106080294617814 0.154772223334243 0.0725206229806438 0.190323432762834
"mb106" 0.82171685218274 0.222130557754098 0.528144147156525 0.173159380206392 0.119831759253216 0.148386516604848
"mb107" 0.704837391730675 0.189913100400422 0.189195335820759 0.134336269968569 0.0795095771411312 0.14406407174417
"mb108" 0.720233315017541 0.217184488862348 0.106058364017046 0.14655840195649 0.070990766634635 0.178749755981803
"mb109" 0.703103103103103 0.14985128341831 0.752668153867979 0.120799730165476 0.0576254489404704 0.0102129984695117
"mb110" 0.772969917729071 0.199615640948315 0.66645095756826 0.155974252941108 0.0750834218144536 0.0669039244991305
"mb111" 0.666164265532909 0.177940359732761 0.210622653091737 0.12741234368217 0.0704020740622015 0.125259015661871
"mb112" 0.725247433680415 0.174604598744513 0.510262502802598 0.13028838342793 0.0844376083223319 0.0962015380681514
"mb113" 0.843465974989983 0.219642264260907 0.678405385262154 0.175573518855921 0.11034035893972 0.118909310721077
"mb114" 0.823428807424143 0.230008219341247 0.476020665089138 0.178324723287557 0.121476072549142 0.164663600648731
"mb115" 0.704129106582841 0.187962440688645 0.165545918843164 0.132734640082729 0.0756251402057601 0.142003009243423
"mb116" 0.685593865450558 0.184113273578012 0.236802691482717 0.131767955517836 0.0844276278875863 0.125304235166922
"mb117" 0.713933554185083 0.191300727448363 0.260942175899798 0.135817110087648 0.0882108438806528 0.114324257912001
"mb118" 0.704404890407085 0.190096686634167 0.165515201068967 0.134342962398966 0.0793518787605468 0.145644909146131
"mb119" 0.703342932717047 0.183367129549447 0.236661792001262 0.131761013836296 0.0912782639625854 0.119898241156938
"mb120" 0.687728360841628 0.19465179649953 0.3495638673963 0.142011322373264 0.096550827879829 0.117964725923269
"mb121" 0.870401036791706 0.196440636777627 0.880833407384848 0.168072848629089 0.0832642184326924 0.0632024729429332
"mb122" 0.788583911102669 0.151130410552336 0.858725540380877 0.126622323998471 0.061820224476152 0.0117022242789144
"ufb1" 0.71554712046429 0.213187359824494 0.139850563575784 0.144447926481133 0.067147994279738 0.174556375611837
"ufb2" 0.672246488523467 0.187694219627334 0.26931701910365 0.133802108868823 0.0816485268078908 0.124548143229198
"ufb3" 0.6991392557331 0.186609377808592 0.257165597635722 0.131809293025583 0.0726741176904809 0.138926091982037
"ufb4" 0.726975210019069 0.205919536561398 0.485948519299152 0.150459782937874 0.0883887090229057 0.102377762428113
"ufb5" 0.800791651673264 0.191783467446711 0.729170763835533 0.153555319570209 0.0734671642165751 0.0590326107180324
"ufb6" 0.768273463398728 0.193268349245277 0.612081209484729 0.148813577288269 0.0908764120241888 0.0883569980577794
"ufb7" 0.760114967941632 0.194289565147413 0.707215064694987 0.155566219765267 0.0727510411535581 0.0613109931614906
"ufb8" 0.733144006132094 0.226335256046951 0.151507861969718 0.153460769472671 0.0672853135504211 0.188675680400199
"ufb9" 0.718666970172865 0.216116751075018 0.163288534200364 0.146131989142532 0.0686866760851683 0.177629594326961
"ufb10" 0.680479337973596 0.184263820533708 0.291522929041513 0.133092992271876 0.0766420488772086 0.120851075784224
"ufb11" 0.694655631423755 0.185254343569499 0.245717146187616 0.128287629605652 0.0711949820206967 0.139141640145085
"ufb12" 0.646171582284561 0.157219239390691 0.693895666844418 0.1247197055305 0.0565635413072035 0.0187911529818597
"ufb13" 0.770940405746349 0.254831647112524 0.082521949103967 0.17728471811558 0.0760368553203782 0.218903438018385
"ufb14" 0.737113444087825 0.231352039953876 0.151406042392317 0.155708454862656 0.0852516324433522 0.19393666562885
"ufb15" 0.696754253118757 0.187909258443488 0.198375240828833 0.130603179047513 0.0744452036070861 0.143337423326845
"ufb16" 0.73039938057297 0.190453571888093 0.540992920384344 0.148085636064358 0.0820626766295236 0.0859527782179995
"ufb17" 0.720350404312669 0.200863576635818 0.428018716448839 0.142166408397106 0.0885448966028993 0.114046043284276
"ufb18" 0.694735749143391 0.195610325534772 0.367111092917698 0.137903285639538 0.094204542781431 0.119177591430927
"ufb19" 0.680903556127389 0.186244316646855 0.267887897679995 0.135076350941326 0.0763837702086105 0.122985529387135
"ufb20" 0.663699686287021 0.179501919476484 0.233942329233723 0.128484256075476 0.0713578216847939 0.120340923103136
"ufb21" 0.813465314908183 0.234504510113788 0.431960007193841 0.178885209004784 0.127129880938757 0.175103011933134
"ufb22" 0.774775634824821 0.259342547067742 0.141472851533883 0.17993853151935 0.0917158881283836 0.223286929351208
"ufb23" 0.70621086289231 0.207884928739605 0.163237087166596 0.140119156608383 0.0674589814616233 0.168555313045676
"ufb24" 0.718467323915032 0.14738355739858 0.776223567785315 0.120768829850829 0.0578512383455155 0.00733994450844879
"ufb25" 0.688561054324746 0.193734620390854 0.21116575796312 0.138014758461374 0.0834746638435445 0.144420825298509
"ufb26" 0.664148530869996 0.182656272601648 0.387738378475186 0.129318232077426 0.0735574569338463 0.0940743326936037
"ufb27" 0.659838826376587 0.178603253005641 0.308906220587566 0.121410712831713 0.0750079188040413 0.100554514751359
"ufb28" 0.7320508583134 0.221221300173294 0.257875811932638 0.157550899957966 0.0936744020489334 0.173612127946877
"ufb29" 0.703428599371713 0.208777878892412 0.21075168540287 0.147074506505109 0.0819654683426544 0.162371332394212
"ufb30" 0.694896289293103 0.185993873967231 0.245812382358255 0.129748969159156 0.0699218661844296 0.141316912419893
"ufb31" 0.762683584979504 0.227369487834588 0.280839510680121 0.164446136220555 0.102865232290682 0.182066556158976
"ufb32" 0.76562883661543 0.205847027553415 0.53631019182919 0.156450136512093 0.0936811634973609 0.103042882860829
"ufb33" 0.706008722338879 0.197907147339622 0.378977260440587 0.142176372040565 0.0950033270918012 0.121530058605425
"ufb34" 0.698600744139332 0.188719076625323 0.222248741931984 0.131472676504233 0.0693512001442349 0.145374487100358
"ufb35" 0.739220557752525 0.175830633628931 0.557697117328966 0.13652281599106 0.0840583583220396 0.0861071652098508
"ufb36" 0.718955682316806 0.175229965060079 0.678545076562253 0.139482003266234 0.0654025787523709 0.0384748601222236
"ufb37" 0.729729033144899 0.192389228465014 0.355160862414003 0.142964501931686 0.104093872191681 0.129672388811748
"ufb38" 0.763924942520211 0.191600886156892 0.737817754079553 0.156574687652232 0.0724257276688764 0.0587880206623594
"ufb39" 0.828025053304904 0.206489915171436 0.656947276317704 0.164841308422591 0.103262695698794 0.103768993124861
"ufb40" 0.752673812875206 0.194911076742512 0.499886797800494 0.150427825994083 0.0981456158571063 0.107119487917433
"ufb41" 0.763738962442288 0.231905052972344 0.247585418432996 0.165442214636859 0.0969714461269163 0.186910290201577
"ufb42" 0.699877922809653 0.161746163751602 0.702241765547584 0.125657746638292 0.0574007368068354 0.0231260672987803
"ufb43" 0.728363160749035 0.164667688698311 0.59767061089781 0.121412268642859 0.0734637455675319 0.0564743812143611
"ufb44" 0.74672180120122 0.167962496487355 0.574772640093914 0.126371610281776 0.0872701046851189 0.0775644493022337
"ufb45" 0.694205772196519 0.147054407807918 0.717335032991976 0.115218106229666 0.05414415708439 0.00695673157165137
"ufb46" 0.723099178624292 0.219766071237721 0.151328182235157 0.147116896488002 0.0827423478053093 0.181458089076336
"ufb47" 0.690793231698803 0.186689942325457 0.221813783243378 0.129730604338464 0.0726915972785686 0.139011379421419
"ufb48" 0.684065345474023 0.186092846457079 0.362080324711552 0.132827845205896 0.0879816478552176 0.122851521589503
"ufb49" 0.670011476836554 0.181045897575691 0.232954575316383 0.13075363175194 0.0770231510037666 0.12199622782808
"ufb50" 0.669127898122005 0.181322687238498 0.233186744610396 0.127938527848403 0.0786436083179308 0.125938833293335
"ufb51" 0.798570607081245 0.186189079591387 0.780336125658758 0.155444601222726 0.0718253627758497 0.0524270327652396
"ufb52" 0.818865143699337 0.214870692716791 0.58310131915735 0.16799032212031 0.106971357732158 0.12960930003733
"ufb53" 0.589192591260565 0.148119281567664 0.705673373803086 0.116417814747136 0.054394533191508 0.0081965125477444
"ufb54" 0.805005213764338 0.19760399226304 0.738069664424487 0.159438120082998 0.0767548480169361 0.0645587243808516
"ufb55" 0.675020657812913 0.177666025614599 0.398328034716398 0.128472648775546 0.0819496528949383 0.0997066314643232
"ufb56" 0.664864489228631 0.165155037627235 0.327178435111588 0.118400850588487 0.0757550758692038 0.100356003631268
"ufb57" 0.693463265082667 0.18442645425893 0.307590256948943 0.131477155044525 0.0838827305089017 0.132165219017587
"ufb58" 0.682518323408154 0.18058776581807 0.491045537562412 0.129173792452175 0.0712006287624808 0.0737429303384021
"ufb59" 0.717193679593635 0.170305616806888 0.491431512060931 0.127191452414593 0.0857060586764519 0.0914942023388894
"ufb60" 0.541147602869007 0.146971138218517 0.674369335747691 0.113579285793471 0.0510680497947588 0.00578064417711452
"ufb61" 0.676472213095449 0.176283116597401 0.319333513488691 0.125925804158565 0.0779050250885786 0.120516851724933
"ufb62" 0.850831114629057 0.193891209394274 0.811672736431095 0.158419959012116 0.0766679873965283 0.0614865526479415
"ufb63" 0.568614357262104 0.149527558900124 0.67045630069686 0.117413017721017 0.0535255417769493 0.00983610168201134
"ufb64" 0.664577856208209 0.174591926002379 0.307682487319139 0.125068716802586 0.0684560512520098 0.104391432205958
"ufb65" 0.725254642243367 0.186033481911203 0.397404214087701 0.138950665827725 0.0981241440847061 0.10860811168291
"ufb66" 0.804207518352466 0.20259141010577 0.678078663710857 0.161387491531816 0.100469445905248 0.0994376960169988
"ufb67" 0.802828247105688 0.220580225215792 0.445705366614622 0.171407618323712 0.121236233562484 0.154306299047866
"ufb68" 0.803185208651326 0.23103554663621 0.396511877490139 0.177378876136413 0.122734038099093 0.171364885328029
"ufb69" 0.736954952088407 0.225397326456285 0.210762704084959 0.154731176724899 0.0857018401371618 0.183985983360043
"ufb70" 0.815623782129437 0.236681544823417 0.407754646131356 0.182674595194807 0.125858006255063 0.17754310074995
"ufb71" 0.681528762929708 0.193953414896452 0.367194051842056 0.140886555827298 0.0967964015782967 0.117348156578641
"ufb72" 0.752862612572127 0.182612738873691 0.539623020424822 0.13721327815385 0.0933502336562394 0.10512230597362
"ufb73" 0.696879090752585 0.188037115795381 0.221928803958558 0.130263743652113 0.0741887327542476 0.14208191078699
"ufb74" 0.792793462800621 0.23401475155724 0.339258254546064 0.175614708954059 0.108797307624429 0.182263975104949
"ufb75" 0.771397554331128 0.224253767729269 0.27621280751532 0.165391284542164 0.103265673434226 0.174568844724465
"ufb76" 0.692092836834129 0.196224235669088 0.397187321650693 0.143022451731602 0.0883708194867102 0.109112762161931
"ufb77" 0.721887733381986 0.160352064607812 0.633188092902282 0.124197084627295 0.0744754783960867 0.051599791981617
"ufb78" 0.766316824199637 0.239288315851295 0.1529465384579 0.170065996029285 0.0817714770257551 0.200360980015271
"ufb79" 0.722924206686466 0.22080896110466 0.163150775404866 0.149233469413079 0.0854496268067642 0.182552182825786
"ufb80" 0.757705417361665 0.195724000977981 0.686548563863333 0.153184281869303 0.0724117496846664 0.0635885269906563
"ufb81" 0.726131691718692 0.192433957824825 0.373606172693974 0.142513711196449 0.105465290147461 0.129665440781963
"ufb82" 0.702579795925223 0.205399325633437 0.151609521217433 0.139973382516507 0.0688157915000522 0.165946296286012
"ufb83" 0.700547256481586 0.192087061284721 0.19845122720673 0.133612864658448 0.0781147978577518 0.148922414253635
"ufb84" 0.729966478081155 0.22380054660107 0.139905202407059 0.151566872661264 0.0682771174345945 0.186017589240383
"ufb85" 0.690833183792514 0.198336072294362 0.163174693960884 0.134748949268402 0.065597713162949 0.157975499458171
"ufb86" 0.539050690315429 0.149909234197486 0.611451718133745 0.110154311578052 0.0485394134671449 0.0102804677567536
"ufb87" 0.652368394699069 0.148805663931718 0.599623456668186 0.110988996226449 0.0696620569734196 0.038928724700349
"ufb88" 0.665569342449565 0.187308777348079 0.621646560980648 0.141965649811378 0.0667875148308238 0.0522042788348157
"ufb89" 0.704721157175817 0.190241070493239 0.283838951551654 0.131774917232482 0.0827036132968267 0.140801194884421
"ufb90" 0.636064153452479 0.16206135520721 0.352550531267436 0.114506106133358 0.0665090580376689 0.0823302886694604
"ufb91" 0.69646403443723 0.179383687741761 0.331718084816117 0.129673530483494 0.0880698626615544 0.120155749221291
"ufb92" 0.757137891653012 0.203394331889421 0.53631019182919 0.157177699962781 0.0914607193633795 0.0998192985849621
"ufb93" 0.663634923707784 0.178015844414202 0.257568926931394 0.127426632582646 0.0718672522186017 0.118747696441775
"ufb94" 0.777831816113429 0.230119704439576 0.312433604884389 0.170005962547646 0.091065347716235 0.177997427132538
"ufb95" 0.770193814729201 0.241757450828829 0.200247733015966 0.172913828475179 0.0797140196913672 0.202956466209038
"ufb96" 0.690396193763286 0.183549516814614 0.315172201551368 0.12817420301248 0.0813142847063621 0.131232088193399
"ufb97" 0.835711617482256 0.187943872112045 0.809333451815757 0.154047650650562 0.0759996007962379 0.0545623557152722
"ufb98" 0.707967110859087 0.181725969888374 0.658679912575126 0.144780607914467 0.0670170128748507 0.0473231531172578
"ufb99" 0.728380267625325 0.188556477235167 0.568849513183383 0.146716456238385 0.0856243114278357 0.0834872863474494
"ufb100" 0.665145339613892 0.186786155823615 0.481960265862005 0.141215219260483 0.0677889123119331 0.0818119515174565
"ufb101" 0.780441978369509 0.261866736294486 0.165170133862331 0.184308192337654 0.0984429883088972 0.225622209803044
"ufb102" 0.676840484364795 0.173996700436228 0.343797450931343 0.125657279556291 0.0791549769916052 0.103874304421113
"ufb103" 0.718704847161698 0.215299218391441 0.151465941030655 0.145336138067397 0.065979596743149 0.176771922364246
"ufb104" 0.807154953429297 0.185199240988712 0.797651626335613 0.154518027239257 0.0754451710146808 0.0500971415166456
"ufb105" 0.699360578767561 0.188368647365755 0.280820899392069 0.133888962806434 0.0776599583870313 0.140788494954869
"ufb106" 0.743931574923547 0.189879487172015 0.435154319894056 0.143975057820255 0.098436454675352 0.113050678340938
"ufb107" 0.741822099465899 0.198671997094428 0.373941414999214 0.148966372273575 0.106393637254774 0.136492316725404
"ufb108" 0.689868726542091 0.184618385346986 0.257427874120074 0.128639382791919 0.070859351060951 0.136818381845018
"ufb109" 0.687359394069105 0.184247022001239 0.198279386980963 0.127209975655101 0.0715994973442331 0.138077306526053
"ufb110" 0.663560736666393 0.184074223623107 0.470133790459216 0.140300789943134 0.0790330259177886 0.0956459581704548
"ufb111" 0.759168851157981 0.192874816125266 0.599759037300872 0.149617909332262 0.0907156601206054 0.0886865702420167
"ufb112" 0.733982160833969 0.210666042417776 0.281840769700735 0.152698546377893 0.0991691350728823 0.166002468017537
"ufb113" 0.661411481034962 0.154928506018218 0.717451080761754 0.124260340149487 0.0566230896957948 0.0161241629931407
"ufb114" 0.785096376325706 0.231408395601564 0.282421360633426 0.171430584739749 0.0958307886897265 0.179481530974348
"ufb115" 0.765691651968912 0.229677304096186 0.270549003228811 0.163348502741127 0.0988709983656473 0.182651330848052
"ufb116" 0.735167899725964 0.227511859055664 0.200632627965847 0.158126431101217 0.0887152637762642 0.18622587807157
"ufb117" 0.696751334924751 0.182358730564019 0.270324577553411 0.134327499171398 0.0728250717790388 0.127081239059457
"ufb118" 0.655468619943399 0.179842309944691 0.268272295324983 0.125919739530829 0.073889308773338 0.115939870661156
"ufb119" 0.69348675831174 0.181554127479839 0.431868011808338 0.131080376959165 0.0802465317794184 0.103519645053051
"ufb120" 0.688985907209265 0.184490629832843 0.199396699498517 0.132555741851933 0.0762126365178561 0.129357267603705
"ufb121" 0.663632079461556 0.173231035129027 0.199437747888918 0.123261582878083 0.0672537425458323 0.120275362844896
"ufb122" 0.693589319209975 0.149627725819816 0.725900379264987 0.112987081231821 0.0533273338467299 0.00900363133880842
"ufb123" 0.773320760191499 0.188697199667458 0.756057626778441 0.153296143685347 0.0739590293407935 0.0532404342545526
"ufb124" 0.601497094454841 0.155178262029178 0.658504522083527 0.117562124016627 0.0526617616720295 0.0164149418279263
"ufb125" 0.660359558061803 0.182407588327959 0.15337462313102 0.126575389626148 0.0694782151482187 0.136095367842701
"ufb126" 0.685728759050815 0.175941304560925 0.343479917628931 0.127697807019032 0.0851750885146433 0.111809121507996
"ufb127" 0.754118205554237 0.192618945058627 0.565208658313917 0.150304641704163 0.0885712904261044 0.0877536080409659
"ufb128" 0.604967197750703 0.141856788530222 0.729228787720421 0.111338910293855 0.0526528143633638 0.000905395023555557
"ufb129" 0.664407865848593 0.176844871234397 0.233986483292328 0.126818987806364 0.0722241609755969 0.121158091211158
"ufb130" 0.701306543474996 0.204126891761441 0.163237087166596 0.138651273170634 0.0663877019376728 0.164610684301394
"ufb131" 0.719809085801336 0.185684819393968 0.349302867784633 0.13802230690871 0.0994500967497038 0.116370271124212
"ufb132" 0.694036697247706 0.179344156355865 0.374584085705425 0.13071632759867 0.0851624887808168 0.109450614298596
"ufb133" 0.7033414972511 0.18248479527448 0.409574346215278 0.132437844786966 0.08284906422429 0.104669176554421
"ufb134" 0.724179529464259 0.220273245691925 0.175804059363507 0.150587301910137 0.0770444819463329 0.179544794399289
"ufb135" 0.662644235003964 0.171754200661133 0.674369335747691 0.134960870729053 0.0621610198926291 0.0346657165128363
"ufb136" 0.667768079109611 0.186178905557636 0.153447403415291 0.130491845412958 0.0750815017398235 0.138398820295577
"ufb137" 0.65427190414596 0.179446654732899 0.423008011258119 0.128016784074422 0.0724813309034632 0.0905168634036643
"ufb138" 0.826888534923916 0.216064959365493 0.595096978730104 0.169955130233775 0.111399368106316 0.131103780447127
"ufb139" 0.667011917163968 0.168676819325494 0.339592175365334 0.119948787202486 0.074180581371809 0.0981027994364822
"ufb140" 0.679352800760989 0.171397190408493 0.316272842629161 0.121659621325197 0.0773557519902656 0.107168863704699
"ufb141" 0.741726972528631 0.187144682135175 0.68294242967413 0.15265197906253 0.0718697440015163 0.0509830902325016
"ufb142" 0.757723767748739 0.218173211998037 0.234110883935317 0.162441764943198 0.0789154824471339 0.165352164317866
"ufb143" 0.764335336617941 0.240080495698054 0.200238243478037 0.170736232271498 0.0770190710344918 0.201834718061997
"ufb144" 0.768150310863399 0.252527590978978 0.108686888782089 0.174542716235119 0.0762858492695482 0.216487131264073
"ufb145" 0.761142007715177 0.235326959219653 0.152942272753176 0.167058154389024 0.0702647100328716 0.196841942166647
"ufb146" 0.613251926734061 0.142012414507966 0.702065629635855 0.110094137216277 0.0511850114798166 0.000128993623763129
"ufb147" 0.680848061523265 0.143173919736908 0.642420081850094 0.108033168106134 0.0681970955067538 0.0321967118545562
"ufb148" 0.73361971512548 0.194668562202713 0.53595200963532 0.153358363531566 0.0882878060762625 0.0897706104966289
"ufb149" 0.740992611782767 0.191041273513111 0.451981269128554 0.144833885688766 0.0915482500222342 0.103021295176623
"ufb150" 0.787002385741685 0.199186473747104 0.523576505155606 0.153058732649496 0.0956457291554363 0.112031144776889
"ufb151" 0.666244724695225 0.180668014094711 0.210622653091737 0.126195481781487 0.0715437222797149 0.128161470598998
"ufb152" 0.665453637304221 0.176584608334506 0.328992695354558 0.12951022804477 0.0735223026471812 0.0981657886993464
"ufb153" 0.627634140836881 0.171105365861892 0.211648126806647 0.118835709885781 0.0676814762797174 0.111262339161074
"ufb154" 0.714825094539493 0.188992426167234 0.374843648173673 0.137636498137859 0.0933066502937868 0.119889474479792
"ufb155" 0.72657896211008 0.193115014814107 0.36329967995277 0.141884716911754 0.0980228793861239 0.130399433302218
"ufb156" 0.743114624505929 0.160955712582025 0.668503501291597 0.123975366646804 0.076510995737455 0.0522816252121666
"ufb157" 0.672909756729098 0.194066215063448 0.366651955935361 0.141069229043805 0.0863282567761238 0.106476921334101
"ufb158" 0.776456091550155 0.198780481734244 0.535949046162953 0.156470485619454 0.103743884052556 0.11160257965908
"ufb159" 0.77698392579963 0.259421603655984 0.165170133862331 0.181079054578279 0.0914415361998076 0.223057013919801
"ufb160" 0.781185302271985 0.264293227573214 0.165124939928957 0.184502607325088 0.0946671404770624 0.228478611743631
"ufb161" 0.766099432766099 0.185822610335472 0.595111477398356 0.14482689906503 0.0851912720415922 0.0797858675191883
"ufb162" 0.694400242479351 0.203937210526602 0.609583960580991 0.159009349607807 0.0729103871052154 0.0714653596334521
"ufb163" 0.818133230716607 0.208283382903924 0.630799179441782 0.165686914441996 0.102086171097776 0.105794627609434
"ufb164" 0.675649809772521 0.184515039137121 0.210644154453873 0.129694812437226 0.0735285645319875 0.134687151605055
"ufb165" 0.663769424690522 0.17576566786712 0.384559267023649 0.124755428729601 0.0746452987883798 0.0972437810836801
"ufb166" 0.660289538931762 0.177884375159288 0.32377567089782 0.12454121557865 0.0777577338635096 0.107806748180283
"ufb167" 0.808693087992451 0.204515427991954 0.571256820871938 0.160538792688158 0.103172676868089 0.117940067697407
"ufb168" 0.738317507592619 0.229640782274254 0.143272266606497 0.157981504479901 0.0598008687988193 0.192367616720446
"ufb169" 0.686279709864806 0.18447678811942 0.25138834846791 0.126729086424278 0.0617494313658057 0.139700118316869
"ufb170" 0.70548371608535 0.207796056769244 0.151238459973949 0.140297981299231 0.0797149430648137 0.168462028458302
"ufb171" 0.756590208832592 0.17461298016238 0.737993889991282 0.138063161269708 0.0638494005623724 0.0390418434646161
"ufb172" 0.696769589293345 0.189659668504497 0.222020269552971 0.13185401953873 0.078606182208478 0.145183905150078
"ufb173" 0.776573434161489 0.250062215669517 0.205025175952911 0.179906346333944 0.0963520653899739 0.211660944916574
"ufb174" 0.692369637338021 0.185926798424915 0.319333513488691 0.130829867751986 0.0858547175809525 0.130867260994481
"ufb175" 0.679075967117749 0.178596676309003 0.268505164741288 0.126879734823579 0.0736156613279907 0.126006174120295
"ufb176" 0.784698730205422 0.191027637845751 0.660867712413166 0.152555948855531 0.0954435679189758 0.0859503874663245
"ufb177" 0.758378518088261 0.236394273365556 0.152938217617954 0.167350436674263 0.0724279842827984 0.19849053946816
"ufb178" 0.701662230363982 0.204303746945881 0.141583358585605 0.135547137283795 0.0578436104230214 0.164796772397314
"ufb179" 0.685699977961697 0.195130190994938 0.151533728243992 0.129880809294061 0.0575707183940223 0.15460881346667
"ufb180" 0.675811215609176 0.190877826419076 0.153456015773968 0.12723093663637 0.059039557273329 0.149445002336376
"ufb181" 0.71694903116042 0.214627749970456 0.129863468283148 0.142902172564643 0.0616277331884691 0.176067817764738
"ufb182" 0.698813062467049 0.203198666117034 0.129821090637822 0.135918807302941 0.0612980720960053 0.163636823394824
"ufb183" 0.686543367346939 0.152510274638797 0.717393056876865 0.118911543777901 0.0550925433204663 0.0133087332461333
"ufb184" 0.716526423089223 0.170609213145915 0.422572157635417 0.124353432439252 0.0824260348606676 0.106233521591699
"ufb185" 0.760729401859217 0.24598201296234 0.131231850411219 0.168919891359951 0.0750863106339961 0.209670534298857
"ufb186" 0.823130458224849 0.223089482819221 0.547480199379615 0.172533975143798 0.119166740820362 0.149436350253881
"ufb187" 0.69226102955946 0.18738082049095 0.175120714441704 0.12846254050072 0.0662385519682848 0.143964731487627
"ufb188" 0.807366127196513 0.219869568320887 0.462717874118296 0.170568167361373 0.112767285612745 0.145941425777514
"ufb189" 0.807940379665069 0.22442913125941 0.414471499849673 0.173895466348128 0.117925794953073 0.158608991271039
"ufb190" 0.70714676848408 0.208256078103413 0.187195685019746 0.144760047774117 0.0813508694657236 0.163425582189443
"ufb191" 0.730997227578774 0.176594268872977 0.462698621071336 0.130497494613917 0.0876118049803073 0.106580224584623
"ufb192" 0.772815549775591 0.229816779906735 0.282394766331129 0.165810274448461 0.0967530000039569 0.180513554330551
"ufb193" 0.793996264386324 0.219427309189881 0.428085437886833 0.169008355743238 0.115822012052565 0.153059682722541
"ufb194" 0.686898025246921 0.202794560577977 0.187195685019746 0.141274314566735 0.0747081529297886 0.157654820055571
"ufb195" 0.679657612385305 0.202427812718866 0.18730147714712 0.140045195333488 0.076776397886038 0.158635890869149
"ufb196" 0.708100558659218 0.185494053908969 0.690206966791866 0.147696059387592 0.0694446876205625 0.0509206105475462
"ufb197" 0.698887786006974 0.194477260973003 0.433302537548613 0.143349831773868 0.0914512257821727 0.106932639922207
"ufb198" 0.670404165028404 0.185198764318091 0.446496199240777 0.136722020804636 0.0719402451888232 0.0968923741462148
"ufb199" 0.632794691719193 0.167600066233604 0.399310517917463 0.12021156873362 0.0744131375052284 0.088658360191507
"ufb200" 0.693994607006039 0.199857693565579 0.140108293756953 0.135954136351002 0.0600892130516059 0.160138609835226
"ufb201" 0.675887338805034 0.188570950945934 0.151629312726145 0.126678998467253 0.068203710403727 0.147044586281396
"ufb202" 0.67404249560157 0.149916293839164 0.599623456668186 0.114393451678313 0.0700094900944494 0.0401827209457487
"ufb203" 0.714476198942175 0.208080610420767 0.487807853943035 0.162053618091683 0.0874660507981857 0.105855213754171
"ufb204" 0.687302689540404 0.202266867977311 0.199031878305426 0.141417485655836 0.0784064698381385 0.157097248196823
"ufb205" 0.617562246131903 0.17987161038835 0.430349905050326 0.126786209240114 0.0691689420943953 0.0740799010296969
"ufb206" 0.724482216920053 0.173528004708407 0.432807990742506 0.125940721155576 0.0834322267953505 0.103253236518212
"ufb207" 0.64645158342092 0.17308403456815 0.293730939014698 0.123069321241466 0.0785330654550064 0.108819477983813
"ufb208" 0.757149712736254 0.244580649637811 0.12819778754275 0.168134871933147 0.0721674390508535 0.208201685084955
"ufb209" 0.769962969406268 0.197804664021721 0.614075443336861 0.155590929891352 0.0902727121277493 0.0935304132717281
"ufb210" 0.734641154705157 0.189550437291794 0.445229548363958 0.144025486573053 0.0960004028640249 0.112366431837561
"ufb211" 0.714303942835269 0.197619442650426 0.646202377130353 0.160606872519515 0.0744551376957706 0.0632124804281026
"ufb212" 0.616146397017734 0.15220287087722 0.328788542617101 0.104712942705054 0.0650658426235389 0.0800093023527991
"ufb213" 0.782777835445546 0.228567994540618 0.305977655237489 0.17077607218996 0.0978586429708875 0.176449229402735
"ufb214" 0.689924330948784 0.186385582928104 0.338763322576937 0.132485666167542 0.0895907299073601 0.127740332360993
"ufb215" 0.693382069883129 0.175947205568476 0.361540792519768 0.125286326447199 0.0840790987816031 0.116481737585091
"ufb216" 0.847211513749679 0.203665269589471 0.785558841738069 0.165400655025033 0.0805074593312307 0.0728660178458445
"ufb217" 0.694829546803153 0.202102786327507 0.162958978887209 0.136857814974121 0.0805277290908741 0.161931852479467
"ufb218" 0.67664751170635 0.177205505834043 0.326590602923294 0.124246339983679 0.0792075000542037 0.121501687420453
"ufb219" 0.735083600686592 0.180136062501455 0.409517036914541 0.130823900033178 0.0860192179552336 0.116499826370806
"ufb220" 0.682812318419524 0.193446228334323 0.47024756254652 0.146319703523036 0.0717786261156986 0.0893317435440573
"ufb221" 0.754945867211618 0.198303285472937 0.521013808320527 0.154239965662016 0.0924221959787424 0.0942325385770292
"ufb222" 0.7811966395738 0.204513637048363 0.474218736342431 0.156894968065828 0.0958610347649442 0.118174175112423
"ufb223" 0.721151378266003 0.173306336061593 0.444631902688298 0.127625254458058 0.0823304533246377 0.103012719425403
"ufb224" 0.694881681808578 0.176950584982601 0.431335099660131 0.132494467410169 0.0794470884825959 0.087284883501851
"ufb225" 0.762020891188204 0.185299647675545 0.545890531944792 0.139852050667371 0.0914984505398446 0.0968269769813483
"ufb226" 0.678059477385415 0.169684506388522 0.296372634590163 0.119943420301666 0.0753122368443043 0.109890499049266
"ufb227" 0.735611148286398 0.190901573143173 0.416461356109634 0.141223939837495 0.0964503235006245 0.114077448068785
"ufb228" 0.722076743830698 0.219092945624231 0.162943559690028 0.14761874397795 0.0804393291989706 0.180751914292535
"ufb229" 0.684636118598383 0.183070018207282 0.330909859013724 0.128672020192445 0.0843083231587366 0.124185782047309
"ufb230" 0.704247477854698 0.180960525745992 0.338324728735319 0.127323120008914 0.0811651517779991 0.125510925060885
"ufb231" 0.662978016435755 0.170084581432925 0.420809178831232 0.119020602174139 0.0742326138185549 0.0794860122612386
"ufb232" 0.686008837488765 0.181617193210401 0.222067729210021 0.124814516282915 0.0639754460623335 0.135298635560811
"ufb233" 0.709728650100169 0.211252554727665 0.174689130192486 0.142239628881417 0.0808035883410429 0.17209014635085
"ufb234" 0.714382331184614 0.212301937306042 0.151465941030655 0.144037546400978 0.0648437726581914 0.173627480554198
"ufb235" 0.701615099420155 0.204062413884085 0.141583358585605 0.138638032706026 0.0639460770712558 0.164543005007693
"ufb236" 0.685861804687185 0.196914098259323 0.17449150146953 0.133090707926789 0.0766861073708604 0.155789603255328
"ufb237" 0.722955958682358 0.191566695867743 0.521690733174097 0.142033047193925 0.0831485335383404 0.0861534255099594
"ufb238" 0.684006863597413 0.182561459327729 0.26016153732749 0.12611292170211 0.0694146915624676 0.132652704640322
"ufb239" 0.748635894410854 0.183168910785737 0.707233071379291 0.146349186254655 0.0690003692537856 0.0480914444191041
"ufb240" 0.697640096736721 0.189056353442382 0.327203851557859 0.13385228232458 0.0909977443850841 0.134208482298581
"ufb241" 0.67636741986891 0.188593213229262 0.267887897679995 0.134248473164826 0.0747808076403874 0.125517021743975
"ufb242" 0.660997224957479 0.178164662621248 0.233986483292328 0.125030087924089 0.0713553924935261 0.122567167023347
"ufb243" 0.775865510751155 0.186164452207079 0.574708830969532 0.141155079292742 0.0870085907121112 0.0977856952645033
"ufb244" 0.680328472190275 0.172456599359106 0.355453545513936 0.125524775181097 0.0830893177163665 0.108053219905817
"ufb245" 0.489324142568931 0.141504447040921 0.646726815124859 0.11006957739 0.0498771195512749 0.000495180881714058
"ufb246" 0.62978651207196 0.168929733897835 0.191554738447171 0.118974629019625 0.0680037869141044 0.112671683817236
"ufb247" 0.636243324189459 0.168702952456843 0.198350284391521 0.118110706416837 0.0648268765803612 0.115398908791655
"ufb248" 0.738714300337803 0.194435844368542 0.40844203292895 0.143972717639879 0.104390153243761 0.125962363241512
"ufb249" 0.659294892766008 0.175913737341056 0.21574192038822 0.125668601837197 0.0699544660314057 0.120163965730352
"ufb250" 0.74540206185567 0.186493656329578 0.707094788115015 0.149207590163115 0.0694320769358439 0.0519281709791743
"ufb251" 0.653125562961628 0.173993758756061 0.633936103689169 0.133046755236031 0.0587260820038292 0.0365390540847594
"ufb252" 0.699630622148186 0.175512933179308 0.45489479432661 0.133141314671015 0.0785028548123261 0.0856906091980436
"ufb253" 0.671707701380314 0.185760230361999 0.187086837749044 0.12696027654665 0.0620931235247511 0.144090021934318
"ufb254" 0.662961647021408 0.181638486973041 0.187020664241103 0.122977390804315 0.0610774748742383 0.13891611764828
"ufb255" 0.662750354833622 0.165338314238637 0.303728704088031 0.118681787823598 0.0707497173885324 0.105241931690277
"ufb256" 0.705993055371485 0.184962729689608 0.426549732122151 0.139803406533733 0.0826597366566194 0.0964534712684813
"ufb257" 0.803549365937553 0.222026807883165 0.467688103778832 0.171222121498615 0.121340294301063 0.155898915759554
"ufb258" 0.660834212337975 0.171253240515302 0.280091262349734 0.121732946207468 0.0692680733445278 0.115201262467244
"ufb259" 0.654507730982472 0.1785873933589 0.332668537629728 0.120968943558202 0.0722296460785378 0.100537148128334
"ufb260" 0.725973630058685 0.171629866084575 0.486364775417346 0.127332807008597 0.0830673109385801 0.0929442400524116
"ufb261" 0.598836022054319 0.141297955713444 0.705673373803086 0.111587200201217 0.0522870507380894 0.000254773023795147
"ufb262" 0.44046737431087 0.166347719297336 0.505742474930179 0.125893653339813 0.0541039312240748 0.0294190002973955
"ufb263" 0.550553147810219 0.165892962856952 0.38530375431832 0.120943508675555 0.0642413137275847 0.0576549363778387
"ufb264" 0.697381071560118 0.19937399579967 0.210729284218802 0.145323554376882 0.0666492472130335 0.150498093200033
"ufb265" 0.665712722528513 0.175729978019995 0.446496199240777 0.129403891783111 0.072768755709259 0.0863973813321285
"ufb266" 0.730475849944876 0.176665098133492 0.53933034369479 0.132954273467257 0.0807247552150668 0.0872547555013287
"ufb267" 0.681316091784736 0.159725826335625 0.474415911724719 0.116735547613086 0.0766530282666935 0.0799094535736986
"ufb268" 0.641975982532751 0.172267828661636 0.151506510598347 0.117059741272556 0.0573851210706578 0.128009083726754
"ufb269" 0.693914310083999 0.185406421330822 0.307472485756999 0.131450818649324 0.0850799309276698 0.133207981517237
"ufb270" 0.703098298536295 0.191246727406239 0.621669830247984 0.147046404256897 0.0677331682454094 0.0571473615503368
"ufb271" 0.672247844395428 0.146022261396406 0.7409484707942 0.11470456197859 0.0553127327391607 0.00575505346302734
"ufb272" 0.642890953198036 0.174899624466886 0.381239462756007 0.129011074091329 0.0765230678733192 0.0848954270196478
"ufb273" 0.714518763826387 0.208297640804965 0.2486126469155 0.145976711147469 0.0887661307288928 0.157528873945598
"ufb274" 0.680807646176105 0.192123968201281 0.151870173001525 0.13048445644561 0.061365724612121 0.151462015677705
"ufb275" 0.670044390302426 0.185779224192606 0.151803652030233 0.124983180438762 0.0584947256401 0.144109987808922
"ufb276" 0.759768587047528 0.229933010743485 0.250429216346057 0.165218701832871 0.0954789322996112 0.186377205287736
"ufb277" 0.676338847437659 0.173718683219047 0.367145063201142 0.127374747159836 0.0802082654641236 0.10323278645525
"ufb278" 0.663701478059773 0.18043053858717 0.295648386846486 0.124906717790622 0.0713466113382921 0.110609217863163
"ufb279" 0.645726669256029 0.170079521902275 0.245681987742132 0.11835664754268 0.0658540576571854 0.105564134740688
