"ci" "cci" "ri" "rc" "rhi" "rhiBar" "rci"
"1" 1 NA NA NA NA NA NA
"2" NA NA NA NA NA NA NA
"3" 1 NA NA NA NA NA NA
"4" 1 1 1 1 0 0 1
"5" 1 NA NA NA NA NA NA
"6" NA NA NA NA NA NA NA
"7" NA NA NA NA NA NA NA
"8" 0.5 0.943074411095041 0.925925925925926 0.462962962962963 0.1 0.10101520278802 0.915144282259195
"9" 1 1 1 1 0 0 1
"10" 0.666666666666667 0.806762867748192 0.8 0.533333333333333 0.2 0.206611570247934 0.800092226315655
"11" 1 1 1 1 0 0 1
"12" 1 NA NA NA NA NA NA
"13" NA NA NA NA NA NA NA
"14" 0.333333333333333 0.613695824474068 0.6 0.2 0.4 0.415973377703827 0.597347498686811
"15" 1 NA NA NA NA NA NA
"16" NA NA NA NA NA NA NA
"17" 0.6 0.870604516806214 0.857142857142857 0.514285714285714 0.153846153846154 0.151285930408472 0.862012148566939
"18" 0.5 0.610259601587092 0.6 0.3 0.4 0.410340582683627 0.599738414744394
"19" 1 1 1 1 0 0 1
"20" 1 1 1 1 0 0 1
"21" 1 1 1 1 0 0 1
"22" 1 NA NA NA NA NA NA
"23" 0.6 0.507634774494265 0.5 0.3 0.5 0.51413881748072 0.49327792396376
"24" 1 1 1 1 0 0 1
"25" NA NA NA NA NA NA NA
"26" 1 1 1 1 0 0 1
"27" 0.5 0 0 0 1 1.01386748844376 -0.0140209994187811
"28" 0.5 0.966216835576586 0.954545454545455 0.477272727272727 0.0666666666666667 0.0652017995696681 0.94580932718394
"29" 0.5 0.33899968758977 0.333333333333333 0.166666666666667 0.666666666666667 0.681663258350375 0.32374713345459
"30" 0.6 0 0 0 1 1.02511532547412 -0.025496795646908
"31" 0.666666666666667 0.896495711059909 0.888888888888889 0.592592592592593 0.125 0.120904364647564 0.886601462350133
"32" 0.666666666666667 0.756321541315388 0.75 0.5 0.25 0.258464719565779 0.747783083784163
"33" 0.666666666666667 0.90772644761245 0.9 0.6 0.1 0.104602510460251 0.903073624454495
"34" 0.333333333333333 0.690525273154956 0.666666666666667 0.222222222222222 0.363636363636364 0.355239786856128 0.667777643084568
"35" 0.375 0.520021397301069 0.5 0.1875 0.5 0.518726008922087 0.500525470179552
"36" 0.5 0.409280677526909 0.4 0.2 0.6 0.612119975515201 0.39687711861532
"37" 0.285714285714286 0.797561127665897 0.761904761904762 0.217687074829932 0.294117647058824 0.303582270795386 0.728447592411381
"38" 0.375 0.462190164794712 0.444444444444444 0.166666666666667 0.555555555555556 0.57372346528973 0.443283039754977
"39" 0.6 0.507634774494265 0.5 0.3 0.5 0.518134715025907 0.48922045034765
"40" 0.428571428571429 0 0 0 1 1.01884870096791 -0.0194362017686427
"41" 0.6 0.78981636675181 0.777777777777778 0.466666666666667 0.222222222222222 0.234329232571763 0.77750654452855
"42" 0.6 0.338409930231624 0.333333333333333 0.2 0.666666666666667 0.684462696783025 0.320341899957395
"43" 0.5 0.916190261624812 0.9 0.45 0.111111111111111 0.114652602614079 0.901121563375925
"44" 0.5 0.862470197626932 0.842105263157895 0.421052631578947 0.176470588235294 0.173410404624277 0.846469287354238
"45" 0.375 0.824836410723584 0.791666666666667 0.296875 0.263157894736842 0.258504808189432 0.772062057715185
"46" 0.333333333333333 0.717168401502217 0.692307692307692 0.230769230769231 0.333333333333333 0.329706561160567 0.694292539192718
"47" 0.375 0.751862588297374 0.722222222222222 0.270833333333333 0.294117647058824 0.301168533911577 0.727382361186357
"48" 0.6 0.507634774494265 0.5 0.3 0.5 0.509424350483953 0.498065064627472
"49" 0.214285714285714 0.573042340771105 0.521739130434783 0.111801242236025 0.611111111111111 0.607533414337789 0.430394699921133
"50" 0.25 0.674301997081266 0.625 0.15625 0.45 0.45128616557188 0.591372321072441
"51" 0.3 0.722413809413909 0.681818181818182 0.204545454545455 0.4375 0.439864270453689 0.592809653430222
"52" 0.375 0.567359848891491 0.545454545454545 0.204545454545455 0.454545454545455 0.475511174512601 0.545522274022251
"53" 0.222222222222222 0.756512585519656 0.708333333333333 0.157407407407407 0.388888888888889 0.392025089605735 0.648308023295974
"54" 0.428571428571429 0.789464777654556 0.764705882352941 0.327731092436975 0.266666666666667 0.274517877976803 0.748792477604258
"55" 0.428571428571429 0.619017822449634 0.6 0.257142857142857 0.4 0.422877682630299 0.595386638790693
"56" 0.25 0.506811160198141 0.470588235294118 0.117647058823529 0.6 0.58966127235799 0.441746219147299
"57" 0.230769230769231 0.407336370115258 0.375 0.0865384615384615 0.666666666666667 0.667289470172161 0.361306285548609
"58" 0.375 0.79349035427118 0.761904761904762 0.285714285714286 0.277777777777778 0.285632676378178 0.743638032895968
"59" 0.428571428571429 0.860964206956688 0.833333333333333 0.357142857142857 0.222222222222222 0.219322294111196 0.806055183537308
"60" 0.375 0.640246072374009 0.615384615384615 0.230769230769231 0.416666666666667 0.408263248142402 0.615588739579115
"61" 0.333333333333333 0.524429108418954 0.5 0.166666666666667 0.5 0.524888461201995 0.498285254203823
"62" 0.333333333333333 0.776567831671908 0.739130434782609 0.246376811594203 0.315789473684211 0.323066982554383 0.71069964340149
"63" 0.3 0.763340540099109 0.72 0.216 0.35 0.360100828231905 0.677661951552997
"64" 0.5 0.682305338528167 0.666666666666667 0.333333333333333 0.333333333333333 0.350017500875044 0.665211392255927
"65" 0.3 0.688432295860114 0.65 0.195 0.411764705882353 0.417960353475042 0.616082653195318
"66" 0.230769230769231 0.615151539741471 0.565217391304348 0.130434782608696 0.526315789473684 0.538764075211465 0.501349191545429
"67" 0.333333333333333 0.419428186933639 0.4 0.133333333333333 0.6 0.6265664160401 0.391549125588348
"68" 0.214285714285714 0.697361355151343 0.633333333333333 0.135714285714286 0.458333333333333 0.46748831279218 0.584977477413174
"69" 0.176470588235294 0.410656836780043 0.363636363636364 0.0641711229946524 0.736842105263158 0.736415759297249 0.297301909279541
"70" 0.230769230769231 0.543700585344867 0.5 0.115384615384615 0.555555555555556 0.550691117352277 0.48833163847146
"71" 0.1875 0.425969725774577 0.380952380952381 0.0714285714285714 0.684210526315789 0.686559281753367 0.350209653164694
"72" 0.214285714285714 0.723174025596326 0.65625 0.140625 0.458333333333333 0.458333333333333 0.595128679509721
"73" 0.230769230769231 0.714423150266834 0.655172413793103 0.151193633952255 0.454545454545455 0.446967326688419 0.601778467301206
"74" 0.1875 0.537578860433994 0.48 0.09 0.65 0.64589854424405 0.395814998125279
"75" 0.230769230769231 0.635059587466052 0.583333333333333 0.134615384615385 0.5 0.492101766645342 0.552338982397672
"76" 0.2 0.530181152203646 0.478260869565217 0.0956521739130435 0.631578947368421 0.631113916061849 0.408363012827997
"77" 0.176470588235294 0.544960289456805 0.481481481481481 0.0849673202614379 0.636363636363636 0.640468456928496 0.40599700133852
"78" 0.230769230769231 0.407336370115258 0.375 0.0865384615384615 0.666666666666667 0.68124531643845 0.346124045520648
"79" 0.272727272727273 0.618375377607324 0.578947368421053 0.157894736842105 0.470588235294118 0.46759015722719 0.5684406173629
"80" 0.2 0.407846300276807 0.368421052631579 0.0736842105263158 0.705882352941177 0.712166172106825 0.318410494667339
"81" 0.157894736842105 0.470375451775045 0.407407407407407 0.064327485380117 0.695652173913043 0.707714083510262 0.336682958617068
"82" 0.15 0.403507649936841 0.346153846153846 0.0519230769230769 0.772727272727273 0.788570368308748 0.245858686048081
"83" 0.130434782608696 0.374145921381463 0.310344827586207 0.04047976011994 0.869565217391304 0.886210563629918 0.136566503292953
"84" 0.15 0.221428752982259 0.19047619047619 0.0285714285714286 0.894736842105263 0.903006480399448 0.112630857562353
"85" 0.166666666666667 0.42800751334991 0.375 0.0625 0.714285714285714 0.717703349282297 0.32173798456887
"86" 0.166666666666667 0.508023057989681 0.444444444444444 0.0740740740740741 0.681818181818182 0.677476175421164 0.367792638732126
"87" 0.166666666666667 0.483353671578405 0.423076923076923 0.0705128205128205 0.714285714285714 0.708784198837594 0.331942495016596
"88" 0.166666666666667 0.456762537229802 0.4 0.0666666666666667 0.714285714285714 0.705152312899586 0.336098822436819
"89" 0.15 0.483223334997134 0.413793103448276 0.0620689655172414 0.739130434782609 0.733106214153262 0.310624962129019
"90" 0.130434782608696 0.374145921381463 0.310344827586207 0.04047976011994 0.869565217391304 0.868621064060804 0.157723921442183
"91" 0.1875 0.618987405634137 0.551724137931034 0.103448275862069 0.565217391304348 0.560779915451644 0.491542085706026
"92" 0.1875 0.652046910293056 0.580645161290323 0.108870967741935 0.541666666666667 0.54780666638574 0.506172644360347
"93" 0.157894736842105 0.470375451775045 0.407407407407407 0.064327485380117 0.727272727272727 0.741461606191204 0.297657762291818
"94" 0.176470588235294 0.522143060653367 0.461538461538462 0.081447963800905 0.666666666666667 0.676917126003288 0.364658511332177
"95" 0.166666666666667 0.508023057989681 0.444444444444444 0.0740740740740741 0.681818181818182 0.672675904749092 0.373293835782731
"96" 0.166666666666667 0.53097835121799 0.464285714285714 0.0773809523809524 0.652173913043478 0.66389306895636 0.383362492036318
