NaN 1 NaN NaN 1
NaN NaN 1 NaN 1
NaN NaN 0.9370317 1 1
1 1 0.9017301 0.0207483 0.9408869
NaN 1 0.03188514 0.6372762 1
1 0.9263817 0.5951058 NaN 0.4513006
0.515179 1 0.9245816 0.7658164 0.4589356
0.9213833 0.8623335 0.8592435 0.7142037 1
0.5381442 NaN 0.8477444 0.3669677 0.8020991
0.7029268 0.4281583 0.8784711 0.6121452 0.5810973
0.4095235 0.6299507 0.4887769 0.9174094 0.5352662
0.3748403 0.8382577 0.5324824 0.9571465 0.6100859
0.6769899 0.841917 0.6339615 0.4850783 0.740517
0.7222168 0.8193988 0.410126 0.8581322 0.7744154
0.6240092 0.4967238 0.3901027 0.5994368 0.6764128
0.9715124 0.6364952 0.4445509 0.6133665 0.5710678
0.4703358 0.5179606 0.6162034 0.3570194 0.5480889
0.4207683 0.4118106 0.3208458 0.4955136 0.359676
0.457668 0.3708847 0.4270064 0.4336002 0.5196718
0.7257792
