NaN NaN NaN NaN NaN
NaN NaN NaN NaN 1
NaN 1 NaN NaN NaN
NaN 0.7370361 0.5010756 NaN 0.2537769
0.3905518 0.7983876 0.6922229 1 0.4503921
0.7553592 0.5352128 0.8654135 1 0.6132717
0.1896831 0.6516979 0.4225052 0.3801757 0.196153
0.47175 0.541551 0.8223116 0.2502011 0.6179249
0.4825005 0.3980851 0.5571764 0.2537769 0.5880907
0.2906709 0.1222732 0.4061744 0.6886186 0.3814466
0.387948 0.22787 0.3071615 0.407842 0.3120525
0.4246027 0.1591647 0.2458871 0.3595024 0.3384362
0.2607746 0.3480492 0.251645 0.309191 0.3132443
0.3074726 0.188214 0.3085777 0.1600495 0.2072349
0.2113622 0.2429467 0.3026011 0.1801474 0.2170734
0.4458111 0.24503 0.1959805 0.2178554 0.3720909
0.1306702 0.1544476 0.1048489 0.1585635 0.1477064
0.1794677 0.1777305 0.1791555 0.1362457 0.2470658
0.2935588 0.1196655 0.1775477 0.2301199 0.1421262
0.1242696
