NaN 1 0.4244541 1 NaN
NaN 1 NaN NaN NaN
1 1 0.819177 1 NaN
NaN NaN 0.4818942 0.9479721 0.9886951
0.9900385 NaN 0.8916448 0.8688399 0.8828563
0.5441023 0.4750864 0.9882865 0.716827 0.3699017
0.8838311 0.9937905 0.939279 0.6240751 0.4830325
0.701295 0.5906163 0.5317758 0.3691266 0.4946011
0.9508815 0.9277043 0.7336156 0.4441095 0.7408538
0.9279861 0.5219784 0.6256779 0.7698723 0.608514
0.8726356 0.6326337 0.6480297 0.520857 0.9310659
0.478342 0.5846968 0.6337231 0.5200762 0.7202043
0.7938867 0.7465307 0.386102 0.5183929 0.5279281
0.5301507 0.7662243 0.5064084 0.4503692 0.496513
0.5298465 0.8725632 0.677081 0.4306323 0.6677284
0.5062343 0.7886518 0.3747659 0.5384756 0.425321
0.4107583 0.5246398 0.4364981 0.4136572 0.3753612
0.5418454 0.5905292 0.3487154 0.5167155 0.7853321
0.3390005 0.3754243 0.4036388 0.5283025 0.4892593
0.6601539
