NaN 1.12311 1 1 1
NaN 1 NaN 1 NaN
NaN NaN 0.8648422 1 NaN
NaN 1.40964 1.48083 1.007707 0.1836234
1.104771 NaN 1 1.077188 1
1.145011 NaN 1.063192 0.8736657 0.6684779
0.7540018 0.2221387 0.7735491 1.383857 0.4417306
0.8383252 0.9383135 0.496589 0.4688557 0.3380678
0.6264532 0.9188731 0.7004762 0.1854223 1.001066
0.5335579 0.550762 0.5941969 0.3758113 0.3309409
0.4763781 0.3733231 0.3353637 0.5036413 0.6252677
0.7924468 0.5990653 0.4926124 0.5034965 NaN
0.6185732 0.5700977 0.3723051 0.5407148 0.4244782
0.3567906 0.352097 0.3469382 0.5955538 0.4938415
0.3664062 0.3456555 0.7548125 0.3296338 0.5025814
0.3868841 0.3358457 0.4334182 0.3268889 0.3345448
0.4210899 0.1791242 0.3531525 0.2092565 0.20761
0.3334952 0.1574328 0.2033383 0.1846983 0.3493827
0.262834 0.2451105 0.2691754 0.2358949 0.2403061
0.4999673
