1 NaN 0.9754563 NaN 1
1 NaN 1 0.8709822 0.9967283
NaN NaN 1 NaN NaN
NaN NaN NaN 0.9470966 NaN
0.81886 0.0561001 0.5699352 0.9973392 1
0.7224199 0.963178 0.9799907 NaN 0.9280361
0.955911 1 0.8058457 0.9943231 0.550798
0.3194901 0.7222903 0.947354 0.9269935 0.5540374
0.7786253 0.9867734 0.9854321 NaN 0.8634351
0.6778002 0.6164953 0.8912351 0.6965682 0.3984543
0.7357296 0.7603306 0.6964319 0.7445967 0.4446685
0.8478261 0.648385 0.5814365 0.882537 0.7672016
0.6178578 0.8470585 0.9982544 0.8460232 0.4592306
0.4054324 0.5205309 0.7394206 0.7573149 0.8670861
0.6359305 0.8498098 0.4924602 0.8785549 0.5701854
0.7570054 0.4104515 0.4780166 0.548338 0.8360758
0.4482222 0.3989085 0.5135816 0.421201 0.3838543
0.5510887 0.4599233 0.429701 0.4018533 0.4320057
0.4374241 0.3657826 0.4251426 0.4465438 0.4650736
0.4396616
