NaN 1 NaN 1 NaN
1 0.6511195 0.6511195 1 0.378442
NaN NaN 0.2537769 NaN 0.5501277
NaN 0.3223597 0.5691792 0.4508064 0.591484
0.4663154 0.7126083 0.4021041 0.7076303 NaN
0.7011691 0.242032 0.2525826 1 0.5850232
0.6103417 NaN 0.3078359 1 0.5099404
0.1413736 0.5416599 0.6530128 0.5686731 0.5177465
0.2315216 0.8370139 0.4660103 0.2475444 0.4381754
0.5059219 0.5513218 0.7292568 0.3780667 0.3873833
0.4896061 0.3070094 0.3360723 0.2932776 0.3861933
0.3235194 0.4751437 0.2798331 0.3124461 0.3268608
0.5453084 0.3033387 0.2939851 0.2167781 0.1942062
0.1313917 0.3441247 0.2891573 0.2901351 0.2217012
0.1985099 0.1406824 0.2413325 0.37414 0.3125225
0.3015193 0.2758395 0.1875051 0.3083312 0.1556195
0.1741916 0.160889 0.2206909 0.164487 0.1754607
0.114383 0.1772486 0.2037515 0.1700571 0.1693066
0.2063246 0.2111133 0.2096449 0.4927799 0.1323348
0.1368743
