1 NaN NaN 0.5576778 NaN
0.3297661 0.2537769 NaN 1 1
NaN NaN NaN NaN NaN
0.7255187 0.6099332 0.5462172 0.8294174 0.4568053
0.6713224 1 NaN 0.7558813 0.1665762
0.7850422 0.5852676 NaN 0.5505849 1
1 NaN 0.3609435 0.333093 0.7024264
NaN 0.2948078 0.2770279 0.7491303 0.4258173
0.3421504 0.5016417 0.2669609 0.4423474 0.3216031
0.561996 0.551294 0.4909499 0.1918795 0.365777
0.3153019 0.3551212 0.3553562 0.2716954 0.3943968
0.2145385 0.3647747 0.2951156 0.4233151 0.2535881
0.2837255 0.281696 0.4038445 0.2543436 0.169425
0.1641997 0.3899621 0.2618715 0.2907265 0.3122805
0.3513129 0.2458804 0.2132132 0.4894921 0.3774845
0.3501708 0.386666 0.4695403 0.2364531 0.287602
0.1753552 0.2173504 0.2323262 0.1458335 0.116953
0.2200231 0.154963 0.1636596 0.1818815 0.158858
0.2118782 0.1439498 0.1938341 0.2050254 0.3669218
0.2976393
