1 1 1 NaN 0.3905518
NaN NaN 0.5701736 NaN 1
1 0.8707993 NaN 0.7623264 0.8539622
NaN 1 0.4106287 0.725599 0.6807919
0.6516979 0.2525826 0.436675 1 NaN
0.7167833 NaN 0.256033 0.4421839 NaN
0.2537769 0.695184 0.6914458 0.1413736 0.7051938
0.341315 0.6769097 0.3553544 0.7691233 0.2394324
0.4695309 0.5714609 0.2480092 0.6289148 0.2959471
0.5256071 0.2334361 0.3904782 0.3505963 0.3411423
0.8062242 0.4517871 0.3207766 0.4546756 0.1113794
0.2545688 0.4130139 0.4547588 0.3364399 0.3497475
0.4598586 0.4181328 0.2460176 0.2140291 0.2080165
0.2867566 0.3455029 0.2261281 0.1909587 0.2399612
0.2165262 0.3060448 0.323439 0.1667826 0.3407105
0.2525409 0.218865 0.3353029 0.1899179 0.408116
0.1775504 0.1964402 0.2320991 0.1749284 0.16086
0.1804234 0.1499199 0.1820965 0.1931701 0.2380364
0.1314271 0.2402196 0.09074254 0.1441262 0.1779591
0.1511905
