NaN NaN NaN 1 NaN
NaN NaN NaN NaN 1
NaN 1 1 NaN 1
1 0.9029906 1 0.7509665 0.9369762
0.797851 0.4633808 0.402337 0.5376714 0.1168063
0.9642726 0.9445909 0.8919224 0.03773926 1
0.9448 NaN 0.7092625 0.9157145 0.5750994
0.5419759 0.7242332 0.7718853 0.9658801 0.3326753
0.516678 0.9637105 0.9957976 0.8407743 0.9511981
0.925551 0.918061 0.3261552 0.984426 0.6810355
0.6839726 0.4672227 0.6267333 0.4113954 0.6336539
0.744006 0.9053387 0.4333245 0.3826291 0.8953069
0.663243 0.4882855 0.7820487 0.972108 0.5018213
0.3895817 0.9620133 0.820707 0.5616089 0.7724274
0.6215138 0.8460416 0.4730746 0.5945752 0.475476
0.4656788 0.5887668 0.5083383 0.4230755 0.469933
0.2998801 0.526941 0.6383369 0.3891028 0.4730701
0.3806419 0.3361868 0.4374837 0.4904711 0.3534782
0.6523866 0.401219 0.4382645 0.4383965 0.462807
0.7059939
