"quartet" "wQuartet" "cluster" "phylo" "mutual" "shared" "clusterNorm"
"mb49" 0.695121951219512 0.755335495987707 0.194427394863446 0.694865294967781 0.146911681405895 0.0713720027697797 0.0624467872508817
"mb50" 0.939759036144578 0.968517169906448 0.253581621751183 0.93970535299572 0.217567959520992 0.109100454291043 0.133008553901651
"mb51" 0.611958525602074 0.668084750965668 0.201628622528787 0.142472024558879 0.128068540280299 0.0709007948777104 0.161902500418962
"mb52" 0.705099498404209 0.767774962510988 0.207999326978934 0.309822509918811 0.150283495551865 0.0934167382272539 0.12152698766747
"mb53" 0.773809523809524 0.861168062796556 0.230292407167376 0.773655772827177 0.195850373289432 0.0937150352133733 0.106717801522451
"mb54" 0.737363787953895 0.707983815257081 0.191305362478821 0.486089700259063 0.144250380113788 0.0879131630134608 0.103060077954336
"mb55" 0.854283187373786 0.878117598599526 0.253203789130501 0.748519259658471 0.207334592346685 0.129996787455873 0.157841582122847
"mb56" 0.792387418948191 0.842538636939448 0.221418979033623 0.649039546649495 0.171944074843086 0.10763575679402 0.12155865651335
"mb57" 0.795180722891566 0.774279702168987 0.185657901164033 0.794998200185447 0.15091410191597 0.0732862427082597 0.0535971714344703
"mb58" 0.760085324235795 0.799923894430703 0.204791456948265 0.613148707859895 0.158143203528675 0.0957860446782056 0.102982065497797
"mb59" 0.80952380952381 0.854548767156565 0.230271514137937 0.809344899289805 0.189323824506007 0.0953408665072439 0.106693554170022
"mb60" 0.785714285714286 0.854644946223033 0.248311627839997 0.785630421542096 0.20400991005338 0.1012656569262 0.127629962461457
"mb61" 0.742106034200743 0.72579990725713 0.199436895612312 0.499848850402529 0.149840728322356 0.0907335044981594 0.11202969160226
"mb62" 0.854103196490479 0.88829179282549 0.26701971190475 0.724630373149575 0.216976641968139 0.13506989065556 0.173531444817262
"mb63" 0.819277108433735 0.897073223805897 0.257489560172748 0.819175468338563 0.214559248885511 0.106143614977265 0.138098924040321
"mb64" 0.787579316552647 0.811149316198092 0.236663742921292 0.509407214800241 0.173280524176532 0.117896563048014 0.162725833023605
"mb65" 0.722976000622949 0.65308847089539 0.165406917034396 0.592934819035747 0.127227970913512 0.0750210560755606 0.0589269849508149
"mb66" 0.784118941134148 0.815258486347313 0.215635686142779 0.542765979096615 0.158780185392427 0.102499728003494 0.129462347112559
"mb67" 0.721548802245102 0.772336163037055 0.191810772340656 0.526843753769317 0.143134582211192 0.0973717779852441 0.10349335654102
"mb68" 0.615245338503846 0.671478961065334 0.199973360505159 0.130390649532377 0.127292519543787 0.0542497298500062 0.159912582180045
"mb69" 0.711997907785885 0.723060177266366 0.195173935561505 0.32038526994108 0.128646806813775 0.0874769607242104 0.135083351791093
"mb70" 0.770192293608272 0.763282732447818 0.213642585631103 0.559384971566299 0.163936297888257 0.0868515285990937 0.113596369130247
"mb71" 0.785906817571499 0.79882500974728 0.211366495251323 0.486379977069845 0.150836783736559 0.09641830883963 0.134687631532483
"mb72" 0.784139928468507 0.778888540938983 0.209055086939873 0.650242786780085 0.168037742019545 0.100000844055145 0.108425214866024
"mb73" 0.746987951807229 0.819327108344449 0.211448646714007 0.755952366867487 0.171921018416988 0.080215945963344 0.0848236907053936
"mb74" 0.690905329308644 0.703625379550663 0.208926733255619 0.35705835406228 0.146582804661086 0.0976707769681657 0.139447053787063
"mb75" 0.637509552413831 0.68167842540827 0.19755696983399 0.143020152391354 0.131156338959705 0.0663270369007238 0.152155220709404
"mb76" 0.656153169793271 0.686705131378784 0.196277494596189 0.167095809975338 0.131768254135464 0.0751831868186736 0.14553885148619
"mb77" 0.722546446274705 0.741317863991168 0.203099851577246 0.342786373777897 0.133690853389242 0.0865824507701985 0.139058515680058
"mb78" 0.599347125943568 0.648724320934608 0.186318982638849 0.142517753966435 0.118572165631614 0.0642378192872963 0.145220628174226
"mb79" 0.821428571428571 0.789957913281785 0.156092375250128 0.821260843084193 0.129572893930913 0.0590725753458044 0.0206051423056969
"mb80" 0.66230273117943 0.675122390974996 0.169275168014736 0.238347189695716 0.120585335576045 0.0746752747808232 0.0966911766473307
"mb81" 0.642857142857143 0.731123533580033 0.188733918275749 0.464721807981099 0.140595596205801 0.0655164340429759 0.0584872024375457
"mb82" 0.611728259554532 0.64318310730676 0.184826104913921 0.17845837651968 0.118199884371723 0.0751027359668983 0.140970232801495
"mb83" 0.664791672721133 0.694917745100582 0.180431656507566 0.238327755294852 0.12667939176524 0.0775206033223647 0.10114578768532
"mb84" 0.668031675898617 0.668506929819283 0.188660856995873 0.321200386548387 0.131412138766974 0.0815490339119873 0.123378234249705
"mb85" 0.652051707110846 0.683853411084246 0.195472579438127 0.14319003039642 0.12951788206454 0.0670588678148567 0.146726608164831
"mb86" 0.604936898054882 0.658752801322973 0.192495565663884 0.144182747996954 0.121991218010333 0.0669103465782148 0.152066915491197
"mb87" 0.759036144578313 0.858781994704325 0.220754880548977 0.752891033999022 0.176165649399668 0.0835533874777755 0.095469142627318
"mb88" 0.91566265060241 0.9190713344075 0.192581479312294 0.915646903545411 0.163425403247341 0.0807823705289523 0.0616435366569919
"mb89" 0.662414729029656 0.701383945417274 0.202042962321785 0.226207265481997 0.127729722397874 0.0937550214117311 0.153656233493484
"mb90" 0.7803534248034 0.806625451362293 0.189006440020716 0.674920416327342 0.149700096559604 0.0947550000439004 0.0853206759665261
"mb91" 0.6114586454152 0.642115516538459 0.183173436396855 0.154502780829856 0.117416743200979 0.0652873000124063 0.141437082586486
"mb92" 0.715501338079238 0.639224389196265 0.168297557465046 0.431996370167266 0.115919515190932 0.0704741090248908 0.0877121575169505
"mb93" 0.726190476190476 0.773202561400665 0.184821632431693 0.719276071370358 0.147459132021268 0.0673688759392475 0.0539468090045151
"mb94" 0.792605103785663 0.818869133809671 0.235637260085776 0.540412859062547 0.179848094486123 0.114864202378134 0.152063699183335
"mb95" 0.616287550490087 0.666084964171341 0.198197571195982 0.131957901671413 0.124375168880583 0.054237588135227 0.158293155509951
"mb96" 0.753086419753086 0.81348604368932 0.202669561365906 0.752891033999022 0.162239530528897 0.0788047829669327 0.0739381179553649
"mb97" 0.607861159742138 0.663814016099822 0.198281998575192 0.144123866252758 0.126675133540345 0.0650854273987417 0.158530320135691
"mb98" 0.683682987253711 0.606711763155583 0.148023947358893 0.462252129881506 0.105093365359051 0.0615185567818081 0.0550543553927023
"mb99" 0.660565308680662 0.642573198703769 0.173428270505123 0.2742457663972 0.118647098552372 0.0738599640306879 0.111923337147543
"mb100" 0.91566265060241 0.821548821548822 0.144084120848026 0.915706312896815 0.121930203077067 0.0599580955652644 0.00574645971962539
"mb101" 0.74390243902439 0.786440677966102 0.182379053714837 0.743686847772936 0.14425149178183 0.067517888448508 0.0488627086337007
"mb102" 0.731707317073171 0.73950017355085 0.165920324420404 0.731601721358173 0.127038553336052 0.0610844072849076 0.0297162921046673
"mb103" 0.597359690473588 0.643012260231211 0.183362829475053 0.154514909237217 0.115602871423344 0.0702549753753015 0.140303446661849
"mb104" 0.841463414634146 0.838162153627536 0.180563125079724 0.841329953383246 0.149485601077503 0.0720303613336943 0.0467502414187113
"mb105" 0.602475420148174 0.58610364548766 0.157768729163907 0.213282516473145 0.100783102177082 0.0638382229637558 0.106681366021171
"mb106" 0.627000700680487 0.670321727967266 0.191235180430187 0.143005622039021 0.12664730770644 0.0586750640915825 0.146709901046113
"mb107" 0.639599727240827 0.677682328943909 0.192969335991568 0.1312343987486 0.128210895935058 0.059995771026252 0.145818053096999
"mb108" 0.699532241809589 0.73990377606065 0.175547260595764 0.577097254560335 0.131292543853336 0.0801948109308875 0.0701407365120445
"mb109" 0.691585576899063 0.730660417797845 0.178722461262804 0.56068764408551 0.133718602772155 0.0802202277052462 0.0742334478111592
"mb110" 0.607142857142857 0.667255230864306 0.177511484098729 0.621753227546574 0.130458200170547 0.0577534248955262 0.0454630348610954
"mb111" 0.75 0.687889538786077 0.143846289098609 0.749941295079467 0.11116414025853 0.0528098190074467 0.00639297802144277
"mb112" 0.760554158751548 0.776335749199393 0.181162582517313 0.649337162043148 0.139447280127009 0.0855160166787853 0.0764739789850968
"mb113" 0.707203137627032 0.773397147325025 0.207725727088225 0.381297861451304 0.159283691570289 0.0887429012322352 0.106926724004615
"mb114" 0.64874930644809 0.6737018817834 0.194036156070066 0.190358692809308 0.12217048098475 0.0807534801206395 0.149645544302863
"tnt1" 0.7544688515003 0.764166739593361 0.21560857905164 0.438399920342287 0.155427063565553 0.0979589910275435 0.146996197301958
"tnt2" 0.806792879754702 0.70540245873905 0.142117084842366 0.724698523886218 0.111225165400737 0.0698572438622611 0.032599835461115
"tnt3" 0.620278302762318 0.598511156420435 0.154859371130909 0.202312095996629 0.101121417959052 0.0533692023251188 0.107076567270096
"tnt4" 0.633372870807227 0.588557199968365 0.153235219930634 0.226343318475303 0.101357766686692 0.0553992978216954 0.0998420259466356
"ufb1" 0.629009325962924 0.670401818488641 0.193836520228497 0.166380879979488 0.120940182977703 0.0753178492501013 0.150466543352449
"ufb2" 0.745403124605576 0.756000595149531 0.210890595769297 0.402242954970833 0.149848060155179 0.0926841973029068 0.141865522012268
"ufb3" 0.709157080875141 0.726186764361992 0.195508301571662 0.354411009697289 0.131061887722934 0.0878658869247203 0.124964818999543
"ufb4" 0.787539551434162 0.775188595666998 0.211593706984225 0.546024783760015 0.162720437289059 0.0960937126805543 0.125279793454921
"ufb5" 0.72146933846325 0.686225638869704 0.170376646225462 0.55978892025126 0.128313912646656 0.0671781938202274 0.0642336675532688
"ufb6" 0.663599174485273 0.641258586306226 0.171966577207293 0.236400577468572 0.109511053307947 0.070056480662379 0.119633189164244
"ufb7" 0.756491288762894 0.795980511571255 0.210718707011319 0.559317166982398 0.160378370734754 0.0881494356180334 0.11030049300898
"ufb8" 0.591215426593742 0.646663612418135 0.183817720259174 0.120209893694108 0.117766202001806 0.0584642547728969 0.142955827768628
"ufb9" 0.606917456024659 0.670912903371047 0.202587683755621 0.120182118276075 0.129842961650424 0.068566365393617 0.163051624109597
"ufb10" 0.622862244126867 0.647680752056858 0.186576135464472 0.119134417385637 0.117743889166547 0.0518130598726883 0.145001283015204
"ufb11" 0.645609204383447 0.598711000439432 0.148813439289634 0.475690013785495 0.106731086627028 0.0563963045604538 0.0405191784619496
"ufb12" 0.757306044835714 0.748664828142867 0.193404901032934 0.428593957814748 0.137947358078727 0.0842028849164234 0.122631760235935
"ufb13" 0.702380952380952 0.720458481075287 0.175878800619537 0.719396333156884 0.139033878079686 0.0630077529298592 0.0435682281821806
"ufb14" 0.653621922563224 0.681422358358122 0.19445764302793 0.236535814853527 0.131493116914796 0.076837388974998 0.141150802042489
"ufb15" 0.758527643521545 0.72855037372355 0.202103012786174 0.559384971566299 0.156685426698526 0.0830031728070351 0.100588646329489
"ufb16" 0.798156403768321 0.817611123829721 0.234475840747692 0.516288672144221 0.177991142776149 0.108856809778856 0.150729355809748
"ufb17" 0.616186145856971 0.665405963302752 0.196272336581712 0.107018335122791 0.125069923251874 0.0583789730355192 0.155667545581209
"ufb18" 0.607664100158216 0.654617328038067 0.188949773783469 0.095414156426557 0.119480864674595 0.0513628800528064 0.147975042633406
"ufb19" 0.572416225084902 0.572819818238332 0.152879127678878 0.107214431031983 0.0959529773389028 0.0487926431345816 0.106220544506034
"ufb20" 0.590801802937814 0.573517771333305 0.155887813289295 0.13098372632153 0.0984579754929055 0.050405798150392 0.10808058133224
"ufb21" 0.587535041249008 0.570808964161315 0.153402390639549 0.131017965883416 0.0979999235693998 0.0472424132233324 0.103881297020073
"ufb22" 0.714652039247411 0.735151250353389 0.21168342959743 0.455939842676867 0.161035054892779 0.102893376319013 0.125173267080204
"ufb23" 0.718152536193981 0.719920322236618 0.206241377372374 0.442998288465778 0.151508970910934 0.103549779409904 0.128964903187058
"ufb24" 0.605285151516854 0.669560723293018 0.20067693917401 0.10962943903652 0.129509828638902 0.0622366886702976 0.161091876824894
"ufb25" 0.647894451762934 0.67461515112094 0.191193779969508 0.212797690541522 0.126606028942321 0.065715332617444 0.140134204223702
"ufb26" 0.646341463414634 0.516627078384798 0.145952681085091 0.646164003949151 0.107030616193244 0.0479325094303552 0.00734511747144316
"ufb27" 0.638382109511273 0.664008909461082 0.18508650377758 0.178096056398098 0.121746012177804 0.0541016672895265 0.13747466136736
"ufb28" 0.640162395018909 0.662243632272767 0.183268706421195 0.178054172085824 0.121600088269707 0.0497696385952266 0.133783307717209
"ufb29" 0.664898942852758 0.693322862562471 0.202230947943554 0.248289319100362 0.134963642854108 0.0831609934508975 0.146466035291711
"ufb30" 0.694890768985246 0.60226846784713 0.16108740309066 0.357453245235769 0.105122767639709 0.0641671672375561 0.0876665346214682
"ufb31" 0.708238575610719 0.622297366533456 0.149654371803875 0.54488444307138 0.110619440442151 0.0569561083506941 0.0411646819347047
"ufb32" 0.625367371857062 0.537580342244869 0.135097166344385 0.272883262685068 0.0884439629557709 0.0504841285351781 0.0746393236075501
"ufb33" 0.613861243295711 0.593817457572541 0.150994047673593 0.190435226754595 0.0986131650952227 0.0505408573435404 0.101431964045521
"ufb34" 0.600013303137601 0.65893124534866 0.193657745669272 0.130547352732924 0.121950157738055 0.0687179101824437 0.15328703329351
"ufb35" 0.685771478549429 0.646711995795559 0.164666920772837 0.424100291000114 0.118023648683392 0.062506834595191 0.0727630490845245
"ufb36" 0.606941490325966 0.652742276985874 0.183578654986268 0.130837805777859 0.120305975225435 0.053264213478666 0.141269704272705
"ufb37" 0.771167805086783 0.781796158504932 0.19949027243882 0.497957716389318 0.145582536880666 0.0860597801688327 0.111543134952558
"ufb38" 0.62497663270603 0.638257937905701 0.179366952935989 0.262790815672621 0.124030210987716 0.0728485980094115 0.113336516605561
"ufb39" 0.623994481203372 0.613442253102106 0.170793613011852 0.250620661537404 0.115940082545446 0.0686837896508257 0.108824581648896
"ufb40" 0.630829258752485 0.620887741333943 0.165157592303722 0.212568242544909 0.104782366552258 0.0654826001807225 0.11452229705269
"ufb41" 0.636675087620771 0.71989946854465 0.185992675242257 0.475825622953296 0.135360945937256 0.0778461660252402 0.082428632279229
"ufb42" 0.753557079301705 0.77505858192254 0.219105240007018 0.510479533943646 0.166429628441121 0.1087965702185 0.133378977750684
"ufb43" 0.73074077827614 0.66179819963125 0.143891961677355 0.606852266068997 0.105694749562679 0.0603508832402299 0.0349715540038406
"ufb44" 0.649037123870014 0.610735511002731 0.161035726354299 0.238393145265338 0.107846577963168 0.062296679975946 0.105537169544997
"ufb45" 0.635093756070625 0.614045619754997 0.161479888393506 0.214391059096939 0.106770811449466 0.0609701815758421 0.108561803144171
"ufb46" 0.617204413469824 0.644425541786688 0.186686449042604 0.154529243452938 0.117604109200841 0.0670635091903868 0.144530421528705
"ufb47" 0.606516052709971 0.651787044568034 0.190461920031401 0.142543435242505 0.119279894390314 0.0659839989272424 0.149097092509619
"ufb48" 0.671793074918193 0.697486935329883 0.194027030866483 0.273638094044035 0.128268876324395 0.0911698518513603 0.137613412136827
"ufb49" 0.660763900825865 0.700416171497529 0.202054717194316 0.249332586203487 0.129721663639441 0.0947165760313363 0.151637040136264
"ufb50" 0.77243878543063 0.763825200862238 0.216879031218451 0.462176317091048 0.161916944478888 0.0858844247610316 0.131207498029076
"ufb51" 0.690354480408412 0.587515671896964 0.133203613600328 0.516442120830379 0.0979589216248146 0.0623732512929571 0.0383784256401212
"ufb52" 0.661521132618364 0.571322762426165 0.137858047108505 0.367541604601646 0.0923174685073945 0.0612283958758669 0.0687315458926869
"ufb53" 0.597223020370404 0.636070694637914 0.179679085046859 0.154514909237217 0.114087848228112 0.0697540616909059 0.136425466938907
"ufb54" 0.641354194039017 0.681629499922748 0.19581447391783 0.189408879871423 0.129264083145563 0.0662200234603018 0.148829420026964
"ufb55" 0.655673876126191 0.635762771895829 0.170524672911883 0.247343309675847 0.111015980746172 0.0701161402372959 0.115564255267845
"ufb56" 0.590898243907382 0.628190353125548 0.173240991290171 0.0953549849409444 0.110068495518342 0.037671810326365 0.132247389809744
"ufb57" 0.734884421983175 0.756818181818182 0.19968459919978 0.388195170078472 0.137972476753015 0.0869020654891396 0.129484891686751
"ufb58" 0.6767109536568 0.666273118512681 0.176498001117049 0.260105890707534 0.114988659960423 0.0760271074729207 0.121933371752855
"ufb59" 0.674698795180723 0.681388621022179 0.167829963842616 0.674587134231097 0.128484075021718 0.0613277147576734 0.0327674959285161
"ufb60" 0.690482698692084 0.63547433919261 0.169525263276376 0.356788169889209 0.115857114295696 0.0605401184915298 0.0891842989640256
"ufb61" 0.670709177099698 0.587281295145498 0.153851624590372 0.333428093052967 0.0985416630112599 0.0621698717125725 0.0859686292648769
"ufb62" 0.701398576050193 0.649117999657476 0.156673606495883 0.535845951974017 0.115079185331095 0.0581724364118194 0.048777444952037
"ufb63" 0.698795180722892 0.745371115762357 0.193408393114846 0.707130814062332 0.152845908994101 0.0709855081902263 0.064093493315058
"ufb64" 0.771084337349398 0.81023185483871 0.216929455337113 0.770939750735139 0.177945419210245 0.0860380645234026 0.0904357613660168
"ufb65" 0.665269085874081 0.635907957897487 0.1604070019515 0.334425805058368 0.111078163993775 0.0728372843165386 0.0931520139821839
"ufb66" 0.684059010290815 0.702433450337715 0.188619057143269 0.285508058751311 0.123475557855634 0.0854885367786925 0.131813312901094
"ufb67" 0.681970162668243 0.698220640569395 0.193454460618682 0.261461372928273 0.123759812502221 0.0849528976008142 0.140006737403454
"ufb68" 0.685981533382674 0.698646791292234 0.196229608898309 0.243464291190465 0.124824888859867 0.0859781574132081 0.145443875990783
"ufb69" 0.636492518770933 0.629311087375965 0.156022739959624 0.286305121148545 0.106173228554073 0.0683671198054187 0.0932350723377506
"ufb70" 0.613685259408107 0.584150493829965 0.165135440124077 0.189409950507107 0.109036789189086 0.0599654189275758 0.112355053931568
"ufb71" 0.669151177622484 0.670088045894683 0.176874838568624 0.248754556049294 0.112951203545001 0.0717149110240871 0.119246867624492
"ufb72" 0.609388356999776 0.654819263943539 0.18934737168096 0.095414156426557 0.11966339970752 0.0458162720651257 0.148392727408908
"ufb73" 0.61931190824095 0.635340919463291 0.179435418382088 0.119159648073994 0.112792702558029 0.0473662011054807 0.136888638778061
"ufb74" 0.619047619047619 0.560134033689549 0.15141177265992 0.618748503500144 0.112316476205019 0.050874759522551 0.0151730808177825
"ufb75" 0.773809523809524 0.709621054930654 0.147550182530079 0.773714477747709 0.115013310931724 0.0550356393194358 0.0106915221675568
"ufb76" 0.722591509445233 0.669092037656471 0.159277965953616 0.475706864438531 0.113026162222396 0.0645707576803964 0.0675867479708293
"ufb77" 0.624062480810999 0.594899942890436 0.17440442764823 0.201129044392194 0.114783536281854 0.0662688370360738 0.119677394250014
"ufb78" 0.655486640010506 0.679689460949187 0.194713627829902 0.212644497113743 0.127613683993908 0.069834562968547 0.141423726662728
"ufb79" 0.618983917653532 0.59216657187148 0.151634478339408 0.202360787941342 0.0992302408623126 0.0518103221436979 0.100284760710296
"ufb80" 0.633785265990142 0.672805343124191 0.195701352697285 0.166342272919522 0.122017970872546 0.0701169034628042 0.153293374738537
"ufb81" 0.627019402313544 0.665748563082516 0.193719680516293 0.13049193896454 0.125689455553416 0.0588233420600996 0.15118753658428
"ufb82" 0.731707317073171 0.804375804375804 0.190290186008135 0.731481459571647 0.150928264704459 0.0716089407465938 0.060451604538005
"ufb83" 0.60159049842726 0.644688865484284 0.187640566912108 0.130731495433036 0.119377729845852 0.0479048328542539 0.147363026627743
"ufb84" 0.646261495895987 0.569472123192501 0.16056047119806 0.283993380343428 0.10749438431546 0.0595451698839285 0.0979265272887952
"ufb85" 0.635632844662084 0.558133583553698 0.151983605271174 0.272324641147375 0.101062390736638 0.0534443791326505 0.0926519742408039
"ufb86" 0.603807214222597 0.571268023893365 0.158875310306839 0.191779537260601 0.102114013325535 0.0514164265288072 0.107815643405147
"ufb87" 0.636991392382524 0.673774379758488 0.200041364867376 0.168285030143251 0.125157666644946 0.0733265071101888 0.158578137906653
"ufb88" 0.64011849563414 0.627925011344472 0.165007643127074 0.226343401433593 0.111811149630626 0.0601647232350309 0.106722321318252
"ufb89" 0.689656629646774 0.69395254066553 0.188278431282456 0.343330353880254 0.132136061626168 0.083468631957127 0.127781797207732
"ufb90" 0.662900947108878 0.651998641882825 0.158776257662236 0.356920990297599 0.11151673374822 0.0767153774573455 0.0912801904956647
"ufb91" 0.650820849833021 0.68802775352229 0.188186673156208 0.21429628579902 0.120323336068364 0.0803619079948649 0.13689275234961
"ufb92" 0.678571428571429 0.571779272067456 0.141523588090419 0.678386927392612 0.106147709202592 0.0465011308453722 0.00369737324591186
"ufb93" 0.630509556500183 0.676639436460085 0.19241284171417 0.177465723907158 0.127288480506294 0.0667008737835345 0.145229045285392
"ufb94" 0.670578959079286 0.692301422120301 0.190477427047309 0.250620340152731 0.123759785053233 0.0891273730194718 0.136843588654999
"ufb95" 0.601693796835476 0.629030294204016 0.175439204608244 0.156312119421188 0.112607759030638 0.0573280660399232 0.133783821754554
"ufb96" 0.591472681239278 0.638313993220866 0.179436617571511 0.144182747996954 0.114566410184984 0.0558103769911 0.138348665140067
"ufb97" 0.599101513718333 0.651591315696127 0.187561625519058 0.145881878987167 0.119770072877753 0.0613804026726589 0.14713212867105
"ufb98" 0.672796946283555 0.652181375608538 0.169426672408887 0.406975173964403 0.121367303405684 0.05901422841887 0.0782773991053441
"ufb99" 0.635620758207317 0.653095114180939 0.185830802969045 0.14243189936203 0.118027360733684 0.0543196056607724 0.140967980691465
"ufb100" 0.687741572565997 0.702887740686221 0.169171093094111 0.406443749016748 0.122654872524312 0.0844421057103952 0.0887422255918615
"ufb101" 0.797619047619048 0.711179442126071 0.137929104891014 0.795057609536851 0.110866538448224 0.05100079745513 -0.000474195132332537
"ufb102" 0.595752886904216 0.629014470548748 0.174741266409358 0.0965059407391467 0.110398796076874 0.0369635189532453 0.133871785689533
"ufb103" 0.603988589072654 0.642330892976171 0.183081336237785 0.0964842525457505 0.115548063125925 0.0375516999287894 0.142573948239848
"ufb104" 0.679081759943742 0.705739142575415 0.181662794020165 0.368708695671911 0.13117998307024 0.0793609357463169 0.102496026683599
"ufb105" 0.598127872925241 0.628219793014524 0.180050128949538 0.130446931224296 0.109278668275391 0.0431986474209488 0.13939659680394
"ufb106" 0.668028391007693 0.639717976587824 0.173590509251812 0.353484867058054 0.121979121435036 0.0693976710265804 0.0935894658582703
"ufb107" 0.625429039315646 0.538331810215047 0.141992656603151 0.272133120650523 0.0927833832953739 0.0540248515249173 0.0781612212730686
"ufb108" 0.614569817876165 0.551477351840963 0.144299675084313 0.23851040988681 0.0945117196704341 0.0536618527959114 0.0845782086302653
"ufb109" 0.611297482055241 0.637648469620831 0.182605687531017 0.156357390374697 0.114886650006878 0.0661955036555408 0.139505574391397
"ufb110" 0.631105481419883 0.662043230855117 0.188615759674373 0.18916366131762 0.123096236672847 0.069622593337943 0.139454336633135
"ufb111" 0.639479679291089 0.629416958198631 0.164006938746446 0.29714930734697 0.113697508227393 0.0672137807363602 0.0909626395935887
"ufb112" 0.644642946379444 0.680827009093984 0.193854768241869 0.189296084447774 0.129129533047758 0.0607716810265965 0.145010774482225
"ufb113" 0.639444087342786 0.628472222222222 0.173467611478751 0.274548541988068 0.118135381241773 0.0677001343594136 0.111698415883416
"ufb114" 0.64350121410433 0.621609349638952 0.163599558825296 0.262186495237876 0.111591739489943 0.0689075452809094 0.105215947917195
"ufb115" 0.617674715679512 0.629914016474028 0.172684832751518 0.143057465725624 0.112180315771756 0.0468305069995648 0.127137427844488
"ufb116" 0.678571428571429 0.551143552311436 0.139707503000846 0.678445632313144 0.10657206172834 0.0475618357230125 0.00158972029231963
"ufb117" 0.648759034963483 0.642163947966137 0.160260539081023 0.297210071963421 0.111334281603064 0.0597802481734814 0.0929850279783008
"ufb118" 0.62153000716303 0.659047781353005 0.186531318420074 0.154555404332928 0.119007866289042 0.0634802602751079 0.143639835220066
"ufb119" 0.685221059011476 0.642478310689147 0.158304519747839 0.419045689459307 0.113135736252184 0.0556997267756971 0.0659346725359505
"ufb120" 0.721566949316087 0.728656312957438 0.189532098325044 0.353241827757043 0.131180637918122 0.0844995213353913 0.124384112945088
"ufb121" 0.654761904761905 0.735031947621677 0.193115309227045 0.654672449644903 0.148761642187797 0.0653485474140795 0.063572014615323
"ufb122" 0.657870288032436 0.621530976002475 0.164323328580319 0.320564907724693 0.113341018008429 0.0659080762103919 0.0912670479786912
"ufb123" 0.671549040261512 0.624852194841208 0.166303115177651 0.308715006807631 0.114220783089791 0.0675004698146246 0.0995037137513841
"ufb124" 0.662982980199698 0.691260115323874 0.20006195718888 0.236653368467594 0.132955861549042 0.0827828896162838 0.147125982218397
"ufb125" 0.680119605441677 0.589595909463406 0.137580998120531 0.438901141621069 0.0961955056070665 0.0599411675649642 0.05418419734113
"ufb126" 0.646706451532735 0.643297525429662 0.16602624757091 0.309071150716171 0.114341208911614 0.0644781280976024 0.0931583840904197
"ufb127" 0.651579959923726 0.598617049240128 0.166617303327774 0.273120757145685 0.112075902911539 0.0653934587601523 0.0996773195498782
"ufb128" 0.701946407101482 0.645586276357257 0.16610052324547 0.419121741745137 0.118214519983362 0.0579614621813743 0.0745862296973884
"ufb129" 0.616669616257934 0.659394605201338 0.193400002809149 0.107367113556923 0.122425746215279 0.0499077027904087 0.152650099828771
"ufb130" 0.628675365048429 0.659357026263985 0.190485383854738 0.130654232333947 0.122185241050476 0.0549500341233257 0.146910238259534
"ufb131" 0.636104909043564 0.573796650402216 0.155361332964757 0.288519324595901 0.102896521978211 0.0582864498722831 0.0922574975784514
"ufb132" 0.697901093934947 0.590627541014971 0.135269053333482 0.48537650876812 0.0942674305574749 0.0636039277262466 0.0514799780020024
"ufb133" 0.694066281707422 0.704399121311972 0.189122195686241 0.3538020257734 0.124477744045116 0.0835641831563469 0.110345767337499
"ufb134" 0.581412034883973 0.557192468814726 0.143254156799266 0.166226276336396 0.0892371472096198 0.0400490345398986 0.0971816130298046
"ufb135" 0.719598294550778 0.681917735042735 0.184778880832941 0.481600330034284 0.139106830289566 0.0737300458156307 0.0811354785190674
"ufb136" 0.680570442557576 0.690135322359994 0.204442099437359 0.372720221206897 0.144984643010673 0.0974426171806232 0.127165694103326
"ufb137" 0.595834611122247 0.653010994969988 0.190411281933577 0.130559800403037 0.120550518363384 0.0644909365469299 0.14951899574927
"ufb138" 0.650602409638554 0.410034602076125 0.120333075294435 0.650469275429385 0.0888539558705002 0.0398372690782826 -0.0208707172330158
"ufb139" 0.703976824995233 0.592779367627556 0.147507836175943 0.498198017423986 0.106423830273401 0.0650576555803541 0.0544819249670475
"ufb140" 0.644723987377803 0.567160070471277 0.142459144818687 0.379142175655231 0.0974127471929796 0.0613486908506986 0.0676038715453738
"ufb141" 0.710409065426109 0.711659671271251 0.197147653094161 0.378904333536791 0.139412596848083 0.086065055710491 0.13276191633961
"ufb142" 0.616284179620971 0.606538146642174 0.163838476836691 0.238620988118062 0.109330161101158 0.0626487832193464 0.105256690408472
"ufb143" 0.673124532469626 0.707331412214844 0.172245760181651 0.406194358593231 0.122692763936254 0.0802830046152239 0.0921145375852801
"ufb144" 0.599061883003621 0.665940084236479 0.197032066300477 0.107055535645164 0.128391542862987 0.0590105652705015 0.15721818653969
"ufb145" 0.678571428571429 0.552583469643029 0.143164857010635 0.678445632313144 0.10862097323678 0.0489501056402469 0.00560214373667474
"ufb146" 0.623734594450729 0.658935434566472 0.186406744601882 0.167671877403815 0.122839239463891 0.0607508595228857 0.141595566605143
"ufb147" 0.651577027023645 0.728581292824136 0.186845671825836 0.499728781664397 0.137123952490864 0.0797948686556657 0.0833901534081559
"ufb148" 0.617419686207772 0.6077607592476 0.157142753551946 0.202370879103758 0.105800359614439 0.0599838296085796 0.101434921699776
"ufb149" 0.592682486800301 0.609100364250743 0.165908068759761 0.107333518830743 0.104325269337024 0.039075713062117 0.124601139532772
"ufb150" 0.60186661618513 0.649888279145219 0.184560960976555 0.0964563453980387 0.117226102823035 0.0406752120511871 0.143981302086795
"ufb151" 0.617989509044363 0.602666319192775 0.152325496530691 0.261407754050416 0.103170898112428 0.0613083348756864 0.0892079377947389
"ufb152" 0.645323594080346 0.674371787102918 0.188974773637289 0.214310284380478 0.122972085013541 0.0797715205275 0.141554979864788
"ufb153" 0.616468052137409 0.65161817228133 0.183473269152697 0.156133425331555 0.120065736998384 0.0570030687056367 0.139537291186148
"ufb154" 0.646359929033247 0.690594670785484 0.185229289609832 0.226047453067625 0.117760566202547 0.0791438680019581 0.128186223713457
"ufb155" 0.574125468744196 0.591452742689718 0.160117588466387 0.166397512581019 0.101682336737285 0.0640548758273144 0.11099790104404
"ufb156" 0.674891532638572 0.655412578183279 0.16197090594979 0.370471928171344 0.113190972473422 0.0743018784643062 0.0887323815471711
"ufb157" 0.678627608435685 0.690908791272176 0.185268669217587 0.255788582417925 0.120797094537925 0.081900469230202 0.131303097840319
"ufb158" 0.691944413040536 0.612981821074824 0.15836952125864 0.408067109274093 0.114459945410376 0.061696104477121 0.076822309617927
"ufb159" 0.686239950916051 0.584720333471294 0.147738782089075 0.402422919581761 0.103000010541159 0.060210859747524 0.0731780114017117
"ufb160" 0.672933686655489 0.664590036072926 0.183448662612113 0.333278159760544 0.127309211022014 0.0695619911416029 0.104454662005789
"ufb161" 0.672653836556197 0.603835312030617 0.162707782593076 0.337019435706044 0.112848491377662 0.0581217005041444 0.0815437269765263
"ufb162" 0.638939351350668 0.6808616195723 0.194086783746735 0.190365305381787 0.121456920849148 0.0823353414620706 0.146965883840015
"ufb163" 0.600653648043355 0.599326204976989 0.160895961326653 0.226662294154346 0.108173341158302 0.0642050349968232 0.102108021170482
"ufb164" 0.575743593731918 0.57601766004415 0.153390872789 0.107214431031983 0.0967721204029304 0.0438748832841813 0.106760476032717
"ufb165" 0.606984008197094 0.59415863882371 0.158635741722893 0.214600888759978 0.104135778019906 0.0581624542613205 0.102851824812593
"ufb166" 0.703431620115693 0.711248135256092 0.188191654789925 0.342387407557273 0.122753520183936 0.0792830142305444 0.117006597238547
"ufb167" 0.646640499527395 0.643394667896398 0.183595049182303 0.286733739430311 0.126564798000248 0.0774217064972381 0.117904817333025
"ufb168" 0.699098204244479 0.702658076579446 0.194008172873899 0.343537486264714 0.135282226771542 0.0841841514894203 0.133938569561641
"ufb169" 0.632476696856645 0.6127169938142 0.182790503552728 0.204132567192484 0.121271960477965 0.0700167070018695 0.125536503145158
"ufb170" 0.66795425841913 0.689033452720318 0.184611749386021 0.331783781049222 0.130604853824161 0.0830462766669976 0.113390522811155
"ufb171" 0.620357733046186 0.661206674457766 0.19126083822978 0.13049309694612 0.122987381399852 0.0542106447800454 0.149327605670979
"ufb172" 0.603214768000958 0.653206813790435 0.190846878805904 0.144182747996954 0.121256850252133 0.0634598801848992 0.150335436241368
"ufb173" 0.628849776578364 0.519695411900784 0.136196358564161 0.31998888155185 0.090450127844999 0.0557853294650825 0.0718333897549695
"ufb174" 0.702380952380952 0.55643016700351 0.139489627334762 0.702277519901919 0.109083038236493 0.0497359186585643 0.00133686523956198
"ufb175" 0.653788018379085 0.58227858652119 0.163503164743744 0.275092074149263 0.110583760904485 0.0615910099359626 0.101161525191053
"ufb176" 0.589168947635466 0.619155018522382 0.168956668402173 0.118989572950589 0.107262148263733 0.0440867329930572 0.127608513469765
"ufb177" 0.673372904506692 0.635280583257462 0.166406145276639 0.381427189166649 0.116854942770444 0.074993486274292 0.0934466868387205
"ufb178" 0.729859693361955 0.727683213836134 0.200932312616331 0.379001093772123 0.1398329066806 0.0838519397214206 0.136850091312211
"ufb179" 0.64727183470153 0.687484763192305 0.186370909114666 0.219236807656536 0.117495029801871 0.0805789895300538 0.132453776942744
"ufb180" 0.639012072002202 0.627184659942075 0.154495316466442 0.261407754050416 0.106335297980287 0.0575447392898143 0.0915393217939143
"ufb181" 0.621951219512195 0.446347503095336 0.135613048785105 0.621933620226362 0.104779884805176 0.0459582170104095 -0.00564311342506956
"ufb182" 0.656779173156754 0.633322280709026 0.172369903686288 0.316929793112021 0.116419717585395 0.0690892051207319 0.100017068410979
"ufb183" 0.601008531503484 0.637195444301754 0.179111270520006 0.13232397904595 0.115212816661448 0.0589607278907666 0.137650539702369
"ufb184" 0.63855421686747 0.541488451668092 0.156131168819615 0.638410346028529 0.120763287294308 0.055455309753378 0.0192821298211256
"ufb185" 0.628790533933556 0.647354180448529 0.178334827125377 0.225216813563774 0.119487020174858 0.0690101875663416 0.12089056971549
"ufb186" 0.591398781376117 0.605440092123103 0.172377585923966 0.154960162541043 0.108720431194814 0.0611498260519754 0.126772590443925
"ufb187" 0.598969085964591 0.569596264263391 0.152493143512355 0.189525653420726 0.0954620796427343 0.0543494842826653 0.104497208069224
"ufb188" 0.611322165324758 0.628205397336319 0.179074053289821 0.130493595459751 0.111433458729859 0.0499196080249084 0.137968150215676
"ufb189" 0.611982123871952 0.644907552491382 0.184884741510418 0.107379124666528 0.116218295142312 0.0461610464077062 0.143223440338485
"ufb190" 0.614114874051435 0.642421483265993 0.184033406784045 0.107393009801306 0.116425793140016 0.0494107077755526 0.141725035714267
"ufb191" 0.706962354632113 0.664951743612556 0.176829451713605 0.405537756345677 0.127097874297428 0.0748925755252719 0.0970259475887622
"ufb192" 0.668394619490123 0.594690435115967 0.15257238358716 0.358465467093678 0.103644656808628 0.0545582839084894 0.0702464649087508
"ufb193" 0.676167911659231 0.636596951964984 0.171805759177961 0.381643561342734 0.12465034997859 0.0730808198335883 0.091515225641261
"ufb194" 0.624503186402857 0.63476223076518 0.177260259549092 0.15422571104944 0.111466201488554 0.0495746669128776 0.130662023750013
"ufb195" 0.610161584320294 0.565435207580928 0.151476141746771 0.226122448324639 0.0985710508889136 0.0564857725934732 0.0920877449945547
"ufb196" 0.649187979321502 0.698976162563501 0.189057363908395 0.248754505140313 0.121077060715288 0.0775908417988912 0.128510099648187
"ufb197" 0.614733849835832 0.630557408733158 0.167740164851983 0.178327767258047 0.106076534912083 0.0676209119148835 0.117261509132296
"ufb198" 0.567338065004079 0.57508729834045 0.150367742443464 0.14252716737983 0.0943847738185525 0.0487203751565312 0.104652752604109
"ufb199" 0.61105891318282 0.650213347520473 0.186969284734996 0.0954261456731003 0.118233157646582 0.0491528142375425 0.14541452651166
"ufb200" 0.649959271268392 0.68860938611219 0.196314100641721 0.214169622890522 0.124669242403752 0.0844394440748418 0.149323429616166
"ufb201" 0.628323636038482 0.619120240826448 0.154578740850965 0.249558904956604 0.104341128084176 0.0579951491715128 0.0955328582174707
"ufb202" 0.709911487865359 0.606334540862109 0.136230208521921 0.595070198173198 0.103138608845374 0.0593457356808463 0.0263350158448464
"ufb203" 0.622554006244657 0.616403447807575 0.151820926454602 0.261511092317161 0.103027088265152 0.0571350071578492 0.0886657976003047
"ufb204" 0.648253056722311 0.681462530538616 0.192680193484834 0.19025798112279 0.122563660039406 0.0814029665976921 0.146973572961187
"ufb205" 0.687137385730175 0.704156869704095 0.204468504171201 0.394610909054426 0.144982716881634 0.0950294613572095 0.127169917246298
"ufb206" 0.619578497064818 0.636476071885307 0.17516410551358 0.14303738038782 0.113502569232425 0.0497876860628785 0.130797559704374
"ufb207" 0.845238095238095 0.839942260337947 0.173188160411965 0.845210140514032 0.1417543405022 0.0697831542231727 0.0404456125001825
"ufb208" 0.590911595396516 0.561051288573424 0.153008677883119 0.154501477606462 0.0968678259527714 0.0462904684288668 0.103471398036481
"ufb209" 0.731707317073171 0.831978319783198 0.206965234273362 0.728180137398925 0.162700104167296 0.0768623040483264 0.0791217852578468
"ufb210" 0.653955851299884 0.679009960940039 0.193125681685111 0.192644643672652 0.120963730084926 0.0763678913857583 0.145946502381935
"ufb211" 0.658525745510611 0.676083013412796 0.193726701475732 0.201808384352787 0.121210990478061 0.0731603389413817 0.148075582681476
"ufb212" 0.639183691320705 0.673723258120739 0.194456132645819 0.177868508773206 0.11964131854988 0.071781447427655 0.150085801079546
"ufb213" 0.66244014693416 0.647747003877036 0.16953915737353 0.251630620486434 0.10986823395265 0.0589100661852017 0.11133918881414
"ufb214" 0.599021171095227 0.640371881847496 0.183702727649852 0.144212009343531 0.114663172501123 0.0581807388853586 0.142464167967858
"ufb215" 0.607574878482132 0.607399446074987 0.167798487299027 0.238656721312072 0.112349252462345 0.0678143957289019 0.105605621385173
"ufb216" 0.672363313131275 0.621719312607969 0.175935959191708 0.289634974454261 0.120741775401676 0.0689021125882874 0.103682860506218
"ufb217" 0.640550817395728 0.602562894563272 0.157951591945891 0.487617513210295 0.115533910180638 0.0588015063787444 0.0502189373498022
"ufb218" 0.684295200003611 0.627228588838873 0.170422009388061 0.371627603230917 0.119352587284628 0.0714936043764874 0.0900231393700823
"ufb219" 0.708655656768536 0.707713095623625 0.191677888078311 0.331483173831154 0.13042095114644 0.0738214231989911 0.131434611437659
"ufb220" 0.675725187063954 0.68380705647516 0.184569675894684 0.296146555588919 0.12744495421601 0.0758186391387351 0.130608497757287
"ufb221" 0.601995628398985 0.640009799002545 0.176062440267398 0.119300546688387 0.113674856215814 0.0496691649041192 0.132626598179567
"ufb222" 0.635191228586419 0.60129879902134 0.158235988639389 0.227228987686804 0.0983544053322312 0.055309952216743 0.107146671949752
"ufb223" 0.709331781914385 0.58543220552733 0.142098302857797 0.504188216513519 0.102440528708448 0.0590814682036414 0.0482447448547387
"ufb224" 0.601334543464936 0.647937181717942 0.185863600797887 0.156335880346091 0.116837815452262 0.0686632187165042 0.143665546466019
"ufb225" 0.6365930268958 0.686433705245137 0.195826916569638 0.190224643891831 0.121727023086091 0.0808420744209431 0.148807760402713
"ufb226" 0.701083918858118 0.665218061334566 0.167211713003766 0.511697482371232 0.121820804140728 0.06310066956835 0.0606638090869776
"ufb227" 0.628882279731846 0.665071453121483 0.188794402349828 0.189268563013112 0.125549234192171 0.0663546847703916 0.141399196286058
"ufb228" 0.649448492168255 0.613683395461024 0.162295067471215 0.241145593139223 0.109964335710831 0.0591834191693419 0.10376156044538
"ufb229" 0.615571559736314 0.604842692225074 0.157313303929179 0.190410447986452 0.104479062005599 0.0605532580643495 0.106300669470728
"ufb230" 0.566761461027497 0.557656432152123 0.140818677262362 0.142303719878242 0.0891868841237581 0.0373261281196998 0.0955334233653482
"ufb231" 0.588134514844617 0.636651653011283 0.17989569179467 0.0834000448998462 0.112178756993618 0.0379133727528566 0.139232182786176
"ufb232" 0.60333161644381 0.641815829312883 0.177449459617721 0.119300546688387 0.115306394904691 0.0431831242182152 0.134086737577352
"ufb233" 0.637875952759884 0.525778665271566 0.133949650109384 0.356271961568825 0.0931679854954937 0.0517571159712947 0.0581831928451425
"ufb234" 0.605498801533386 0.653946772651809 0.192716636754315 0.095414156426557 0.121679374678489 0.0540386021465026 0.151932209721704
"ufb235" 0.740343072036256 0.668148301288678 0.142455363034665 0.654590778907298 0.112588411758215 0.0656481263198147 0.0333521806378438
"ufb236" 0.657253579208284 0.643789206214764 0.184198360759998 0.273539146247796 0.122972348149877 0.0729906324002688 0.123246539629014
"ufb237" 0.638913464935976 0.63328964199422 0.177707002302147 0.237587569366938 0.116132635505964 0.0663516455303454 0.120105704603635
"ufb238" 0.623229782951502 0.631512824258614 0.175085609131702 0.178124526736914 0.113795289386212 0.0612921165890136 0.125035714637096
"ufb239" 0.613522075829314 0.599668611489959 0.167386082375216 0.202421622026574 0.111717160753509 0.0640099060521771 0.105316651605688
"ufb240" 0.645939658324114 0.642641115299033 0.167934672996164 0.309271587476771 0.11748721018882 0.0660143506301824 0.0874398333745624
"ufb241" 0.625248751506658 0.652829872654462 0.188531697491205 0.132046501608442 0.121480866705823 0.0570667515782377 0.146445240643433
"ufb242" 0.611551639526062 0.632252831577247 0.182119133672303 0.130467479726678 0.115123052248796 0.0535201272690344 0.141564483785609
"ufb243" 0.592228997180675 0.649530378903409 0.18717231790661 0.096230507560068 0.118397001811777 0.0463403996414982 0.146868179771984
"ufb244" 0.660395000448067 0.683466647154196 0.186426018746223 0.284517932554742 0.12249240476144 0.0863308754431818 0.12569909957405
"ufb245" 0.662731120867459 0.671675084556723 0.179593859973376 0.332947118323806 0.126528303540439 0.073513711657111 0.10022694186874
