"quartet" "cluster" "phylo" "mutual" "shared" "clusterNorm"
"mb49" 0.788080493516064 0.224700529334348 0.592965363687401 0.175445049801093 0.125671075682149 0.136702639544846
"mb50" 0.890176821218546 0.291981733566165 0.642771247951752 0.233434966705186 0.161349954518141 0.21197354671421
"mb51" 0.789318687050188 0.270043129859972 0.284117165181351 0.189804367747038 0.114822593292491 0.215079763293993
"mb52" 0.823224786030434 0.249092483668807 0.568230015154585 0.1893018654271 0.122153344307791 0.164144434786487
"mb53" 0.873095859068035 0.288382351678527 0.535525195141098 0.221402904735504 0.15482736993992 0.217811997137111
"mb54" 0.663050266406573 0.215443451875462 0.106695933525564 0.131318140250347 0.0677949566117866 0.176388715175438
"mb55" 0.843112433276368 0.247189204572879 0.714170114401132 0.19944934410053 0.126350921803796 0.146434543453699
"mb56" 0.942241925269158 0.246980355151789 0.915626625412197 0.209896888530041 0.106713843755576 0.11893060278958
"mb57" 0.811512329185434 0.223692479750353 0.676695302196484 0.174271297436764 0.106815343576768 0.119866254871153
"mb58" 0.692608061332494 0.204820310466175 0.300904752548167 0.149044461588706 0.0904300727235512 0.114661171799786
"mb59" 0.913514860738987 0.25283051193759 0.829153643142649 0.209141232610378 0.101739068711715 0.125155385525762
"mb60" 0.672766149881473 0.221928897980145 0.0944871250017734 0.141037746480669 0.0727370364941388 0.182620076886603
"mb61" 0.882945691018806 0.242924768728014 0.845114652133248 0.20368991804939 0.101665584632489 0.115600951201576
"mb62" 0.884946094940639 0.277046633548519 0.714168554703946 0.225233538953199 0.145968261026855 0.180288029814015
"mb63" 0.750312109862672 0.21226317425411 0.695009008886104 0.171127908391961 0.0784900873802635 0.0768739598087596
"mb64" 0.671588312416171 0.220313698452467 0.0945396428546799 0.139644709047502 0.07209118447996 0.181269773149423
"mb65" 0.766884162359122 0.199663758229856 0.652731657277661 0.153004160116842 0.0939805011089542 0.0922002835549498
"mb66" 0.837777409738324 0.206329314731412 0.785520780313121 0.165350832815986 0.0804286430069784 0.0728509266755265
"mb67" 0.781923774954628 0.211943690192671 0.702206797496098 0.166994754817577 0.0791090299658514 0.0794095196824492
"mb68" 0.877309321047978 0.250889875948718 0.71110754226987 0.199679447715963 0.122135220309308 0.150104021339901
"mb69" 0.641435370664705 0.187465191357263 0.155079861400465 0.113963476375345 0.0670722997025732 0.135920913700514
"mb70" 0.642229063358342 0.182942259299227 0.240092915557318 0.128338801023633 0.0790182368858906 0.101716105629028
"mb71" 0.76644685193908 0.206010410012069 0.746879876236591 0.168094690172769 0.0798902056805792 0.0725413867000983
"mb72" 0.734909254988469 0.214615799798574 0.42837009309921 0.153697198311301 0.0969299367552279 0.136730095881345
"mb73" 0.630648880319946 0.175965934129514 0.215767157259101 0.119730989672608 0.0706112878059421 0.102431511111697
"mb74" 0.660044917008808 0.189488629468717 0.296431670990146 0.13381366983198 0.0901095700324105 0.12827823772536
"mb75" 0.645760593664372 0.189214951194507 0.131020653560535 0.116773811943103 0.0635690039329644 0.143143041480999
"mb76" 0.85337552742616 0.211145351020753 0.804726418001403 0.17146534480728 0.0834769395702913 0.0772958285871398
"mb77" 0.642618026248219 0.186808841650177 0.146545521922253 0.11525492464581 0.0653781426376147 0.137294728486316
"mb78" 0.665592958443799 0.215604681128888 0.0945870579561531 0.137132320806973 0.0692829415950294 0.176566074921153
"mb79" 0.733187733187733 0.191179504641906 0.594891257323117 0.138714994730457 0.0811782836447343 0.082928619544256
"mb80" 0.751181102362205 0.219823729170529 0.531415136694838 0.175472350744942 0.0814296837281952 0.0857871057870356
"mb81" 0.801034841267922 0.214210252472225 0.623062777786481 0.166556755880876 0.104745910454369 0.108390419812904
"mb82" 0.666316547335524 0.216399808930533 0.0838050244632477 0.137896475416235 0.068723336517348 0.176346680048596
"mb83" 0.64425245418973 0.205084818995489 0.106459040893322 0.132682445192178 0.0697930210830394 0.162242304368747
"mb84" 0.698496418168936 0.177308871795267 0.702206797496098 0.139415121475334 0.0640523766155612 0.0389498676152353
"mb85" 0.931187630222612 0.260334463550015 0.845173370998825 0.220881814473891 0.108935039666961 0.135938583321147
"mb86" 0.773959862946647 0.165323132462424 0.785462061447544 0.131421249379825 0.061631295026276 0.02494838397496
"mb87" 0.785581465275085 0.264061707589029 0.288341735110461 0.18901439036101 0.11238977689527 0.204245126764461
"mb88" 0.740363200274113 0.177427801869543 0.73784568285702 0.139193993569065 0.0660768168982485 0.0390887991774086
"mb89" 0.648664781580539 0.199350236833555 0.11889191619942 0.122454115016406 0.0579940505598551 0.158394494547597
"mb90" 0.723108518364188 0.184046440095785 0.510004388071269 0.133862944716391 0.0904913346130978 0.0916322734570618
"mb91" 0.644046341832216 0.189751080804831 0.132534084926847 0.116002475491849 0.063712366716029 0.144985843219401
"mb92" 0.756149100931881 0.215369155636253 0.48800159878019 0.158850015681266 0.0906425592674886 0.12670351778222
"mb93" 0.845085845333774 0.275554717224859 0.44555320105575 0.204119053459872 0.133667119427401 0.211049381527093
"mb94" 0.799193186911699 0.182723907832594 0.78300593755527 0.146086072903702 0.068250665622146 0.0441466187637687
"mb95" 0.765205247877697 0.223924461658593 0.511771607466191 0.169243082606143 0.0999486911733861 0.136225599035176
"mb96" 0.657355935305287 0.184476572371255 0.331725164120965 0.134602418020118 0.085566973728588 0.111623115091017
"mb97" 0.647397412886056 0.189877124166801 0.13121757716802 0.11679825513161 0.0611321470683492 0.14233541280544
"mb98" 0.681271862203876 0.181426065229535 0.467644845606254 0.125800080061235 0.0736509548747724 0.0884564035765014
"mb99" 0.729205322589196 0.194153320508379 0.585871368942427 0.146879152870396 0.0865566048972978 0.0857527469327767
"mb100" 0.675267343796353 0.18684234554055 0.356127429949341 0.129424389632045 0.0770047867372453 0.114310551854178
"mb101" 0.64233465936559 0.199429309943575 0.107977825854465 0.123106340665512 0.0691423356071464 0.159332115781733
"mb102" 0.649503819375001 0.194579479107577 0.132534084926847 0.117935733023006 0.0647322386879795 0.150055751635157
"mb103" 0.708100309617598 0.201332528400016 0.408302678913922 0.149764493576832 0.0990949645288119 0.121705886227916
"mb104" 0.845471390869785 0.248181755264455 0.737963120588174 0.201527747163943 0.0975678252928488 0.121742050131154
"mb105" 0.634428721988977 0.181411488173555 0.119250022680942 0.1109890960986 0.0604122399516254 0.13337297461726
"mb106" 0.860824157112045 0.252452865916959 0.749881894952199 0.205491488254311 0.100133905936182 0.126731469996391
"mb107" 0.682360911169447 0.170206112313375 0.565903968293993 0.12704776987833 0.075953915270509 0.0591481911723824
"mb108" 0.651741059803545 0.197781378974618 0.134085074703599 0.119449665335543 0.0642067946841395 0.154502441364158
"mb109" 0.646860419607481 0.180257832963796 0.311644907625126 0.12885284110233 0.0838298280579219 0.113419705500202
"mb110" 0.63801455858191 0.191644045625657 0.120340583791759 0.119011828897775 0.0585822733239221 0.149674103527833
"mb111" 0.718687847198409 0.229428532998144 0.212926801277484 0.153483556614524 0.0824563953279671 0.180568311938614
"mb112" 0.702392844518895 0.189099821627195 0.504110982782788 0.139747265336389 0.0859047861883262 0.097566631019696
"mb113" 0.656344237721541 0.18612374982416 0.311644907625126 0.13307218270946 0.0874415870533253 0.119678704236816
"mb114" 0.702566209162962 0.196603471354438 0.379528764389265 0.14669552788424 0.0879361766567609 0.116650872315339
"mb115" 0.734493389768511 0.204121362199416 0.542943599367536 0.1526539756624 0.0880999848235904 0.0976025889157568
"mb116" 0.656196639295231 0.179030313433221 0.336354342951691 0.122821297251709 0.0772508437824512 0.112204579448981
"mb117" 0.71350391106272 0.17936825181794 0.590169127458714 0.134583154570811 0.0795714759532185 0.0691972124320915
"tnt1" 0.624264553986678 0.192552951540417 0.106953097671573 0.117655963590521 0.0651103883377982 0.151742409173022
"tnt2" 0.646387723585099 0.205495990213832 0.106943096250731 0.125156405243205 0.063239623812833 0.165697447768879
"tnt3" 0.650600556388136 0.177236475508734 0.323437226663969 0.118652492448845 0.0729873839017977 0.115119491525321
"tnt4" 0.655238705543095 0.179108525046432 0.328190895164357 0.122152292784303 0.0722785920687986 0.112171148238377
"tnt5" 0.628254168078891 0.167751665729754 0.433292332265955 0.117074524922319 0.0722307591195821 0.0735088665121107
"tnt6" 0.775486192816112 0.209715093034282 0.687395545783035 0.165984118372775 0.0794028647589478 0.0745302081653295
"ufb1" 0.652063112049673 0.205153314945298 0.152893846206537 0.13125919958414 0.0680633848659097 0.156836926016795
"ufb2" 0.629213254092738 0.188068971696722 0.130048582713194 0.115199845027819 0.0604760143015878 0.14594168943842
"ufb3" 0.635211273918754 0.177533973148429 0.177162500556433 0.116997967177995 0.0691770662423675 0.125303729584524
"ufb4" 0.610065346727787 0.161184453319732 0.662387654382459 0.122460755212142 0.0547429629335965 0.0200538620216282
"ufb5" 0.732633669744471 0.213504600968271 0.413598805234816 0.154622848406253 0.089524282458581 0.135439871834983
"ufb6" 0.701969136860316 0.193135445147015 0.403507890504941 0.142115169481147 0.0825305924010352 0.112837714284548
"ufb7" 0.829707144470376 0.210868520601983 0.809299610175595 0.172619109468067 0.084159475403409 0.078153529624891
"ufb8" 0.727437498201905 0.182866928851571 0.628836181892371 0.138478127298147 0.0861019535192877 0.0731655920894937
"ufb9" 0.761999486652977 0.204348874951467 0.73149278675296 0.164764144015043 0.081226044918009 0.0682460533139985
"ufb10" 0.680086134257092 0.162554613046891 0.758822857287544 0.129873659803512 0.062446827925516 0.0201484020670488
"ufb11" 0.641434401594483 0.188702543723196 0.167328355323269 0.115304505032706 0.0550627742510111 0.14260704401761
"ufb12" 0.63127214277176 0.180301779692729 0.201065440720171 0.111936598499526 0.0666519657560329 0.125681129930655
"ufb13" 0.615338003470469 0.174683780399116 0.212844893625279 0.110451692384321 0.0664842453483449 0.116443417221019
"ufb14" 0.677561907011535 0.190502867872218 0.391948206443121 0.135057376808044 0.0878049152054542 0.110086438001062
"ufb15" 0.72706247071515 0.238163645113237 0.224596206850231 0.163370529679722 0.0843512851964187 0.184438414902606
"ufb16" 0.734447996065896 0.177192731680389 0.592890714514136 0.130943139276562 0.0788356562285721 0.0667296254627496
"ufb17" 0.617843804400457 0.180007531692262 0.141774319999825 0.110433957753486 0.0515226381771936 0.136667875390331
"ufb18" 0.616423430313571 0.165480767140189 0.365591450267272 0.11001883314155 0.0700375272787674 0.0823762660634344
"ufb19" 0.686835700422071 0.190253596255963 0.443513166554214 0.138377354540387 0.085995818643881 0.0985574192236567
"ufb20" 0.790552501630485 0.212336029210064 0.660006421745473 0.166121158374358 0.10586663243296 0.106420136836911
"ufb21" 0.741950715737386 0.24186109901274 0.179085439183041 0.16689280171714 0.0772290009338717 0.188355381459119
"ufb22" 0.635089460593585 0.177074427950953 0.25163891269574 0.124235472880696 0.078349382880468 0.118843359203178
"ufb23" 0.635487424270241 0.17512849931341 0.654531700039997 0.131126210138 0.0607631911301778 0.0364028032425959
"ufb24" 0.648657289002558 0.166708725788714 0.694851196269895 0.122296333150538 0.0563259293394523 0.0249293059849858
"ufb25" 0.675672947995213 0.215877058512599 0.142100573578699 0.144857626720696 0.070187849723513 0.168193002664241
"ufb26" 0.642053338585546 0.201036645915332 0.11828775181011 0.131528626067133 0.064212368269268 0.155683171157457
"ufb27" 0.633710755361072 0.195032433749512 0.107645803271817 0.126415232676089 0.057763104506825 0.150592796739843
"ufb28" 0.64971487293525 0.203625248107105 0.118260885980809 0.122959125784851 0.0621152774576944 0.163732995865573
"ufb29" 0.635196663803719 0.18312620235998 0.145214167807373 0.111976935866979 0.0601190034903016 0.135244991253495
"ufb30" 0.826241134751773 0.220276729673516 0.83331465013367 0.18723720791988 0.0913719844409289 0.0891439976920878
"ufb31" 0.539700480361684 0.15230261568462 0.638263997747897 0.114143792110966 0.0520289044255393 0.00922077627105936
"ufb32" 0.599571135558456 0.162391774361593 0.259546855409534 0.109518227410975 0.0625151829455004 0.099078596104225
"ufb33" 0.628457116451382 0.174079759230442 0.155255369496326 0.115085458797312 0.0650735678046248 0.123809869278964
"ufb34" 0.790625 0.185268215570132 0.78300593755527 0.151815663322919 0.0719009067308681 0.0482478023154944
"ufb35" 0.698318983189832 0.186887464092093 0.686511311017021 0.145417229181064 0.0684635387864178 0.0486190144202344
"ufb36" 0.827605405152274 0.270317964172188 0.40220375226285 0.199188129177968 0.125864574444889 0.205325876892985
"ufb37" 0.698645506807167 0.219272121949075 0.179544864557661 0.14589485382102 0.073254675648876 0.171793547813184
"ufb38" 0.646689809232488 0.202516939119344 0.119654062136929 0.125296243866634 0.0636908042482142 0.162567974358366
"ufb39" 0.624626263736685 0.180736464535865 0.143428048511421 0.113288865482135 0.0589911322742684 0.137449826586829
"ufb40" 0.735798059751918 0.210861817834152 0.356885930433307 0.147354343385248 0.0874265532053058 0.140574027957992
"ufb41" 0.737279118998783 0.243646574679902 0.227402243001313 0.16825309291185 0.0851395547519673 0.190305821451096
"ufb42" 0.690920407011246 0.220006855149269 0.200216526437711 0.147765142945167 0.0744250008876183 0.168057503676915
"ufb43" 0.655330143464123 0.205854695468323 0.14115467982221 0.128399216049559 0.0649246183291483 0.163052867611776
"ufb44" 0.839056453099085 0.230803688111858 0.74994194845107 0.189066603082213 0.0903285165342338 0.101441364776688
"ufb45" 0.872723589587765 0.259780884547214 0.678475095334277 0.209035638751221 0.129947916298649 0.160711468188658
"ufb46" 0.65938444627645 0.161502698978328 0.612096674780432 0.116187466406227 0.0714958080561131 0.0490241530538996
"ufb47" 0.905598265326237 0.267337057358257 0.738012009239237 0.21636082269659 0.135495129500638 0.169278943754071
"ufb48" 0.636075895329237 0.193085069183866 0.153830448703858 0.118515146573275 0.0557623840228408 0.151192589562296
"ufb49" 0.645267623257554 0.194278503716052 0.167495439925694 0.118326679133761 0.057155926781121 0.149742758416375
"ufb50" 0.66215119382514 0.211704942331463 0.0717305167485893 0.134679618948941 0.0563751710550834 0.171884380764825
"ufb51" 0.628202939939802 0.190909320815847 0.0946850646479934 0.115497851322882 0.0534342991425625 0.150784307825951
"ufb52" 0.81040882610713 0.226495195436498 0.633783182944504 0.17456999080624 0.105266011473829 0.12297089035047
"ufb53" 0.620267433322647 0.176986357741156 0.201065440720171 0.111506749659811 0.063039938328433 0.122144784599302
"ufb54" 0.522935779816514 0.138617243657695 0.698573139334303 0.108988503021022 0.0509860002027108 -0.00677453352245701
"ufb55" 0.645157576353593 0.204539403486748 0.0945261234429781 0.130149274620725 0.0620415511816977 0.162547612506818
"ufb56" 0.683475575332913 0.185446492243229 0.396294944298911 0.137380822879526 0.0759726853058644 0.104250935729699
"ufb57" 0.702605988638917 0.187708561597547 0.491930021000279 0.135902418827839 0.0799735966204559 0.0957480589479231
"ufb58" 0.621662848944043 0.195896456958385 0.282121549208494 0.12458353658861 0.0776468004298241 0.130479376376852
"ufb59" 0.622665169653403 0.171694187951684 0.263393509170621 0.118436300531742 0.0687703187266686 0.104157818992301
"ufb60" 0.7350781265108 0.235859856449661 0.224641807654856 0.158743129086534 0.0818216183103068 0.184968954954739
"ufb61" 0.657738482257651 0.209356133586363 0.0945606595924789 0.134250430611369 0.0653625283453782 0.168347092899754
"ufb62" 0.63249772732205 0.186378699777227 0.145219141492379 0.115836962106738 0.0592665573978443 0.144149802223776
"ufb63" 0.66556077035119 0.167207829531398 0.710634967651584 0.133738625914089 0.063416032192999 0.0271500466713781
"ufb64" 0.591161296602745 0.149034726456446 0.715815579496082 0.117323020683437 0.0548540041257175 0.00394806145799174
"ufb65" 0.676824873880366 0.160545504801613 0.542701092986822 0.115325064242241 0.0730467862869894 0.0652986403628531
"ufb66" 0.679011432165452 0.201247007155868 0.333809548895307 0.141415430698711 0.0764196710356532 0.121807784949169
"ufb67" 0.661217315638858 0.212631011449815 0.0825708244867872 0.135160581839254 0.0609699171690879 0.173202364423608
"ufb68" 0.627840959389994 0.170325044817387 0.272332101626235 0.11234823942107 0.0694423755733123 0.11496273892456
"ufb69" 0.643870193232626 0.196076029754342 0.130176015427289 0.122123820485469 0.059368550205501 0.155441910218922
"ufb70" 0.656844009700923 0.20815511088501 0.118260885980809 0.126874025859541 0.0590631313871188 0.168489769941364
"ufb71" 0.679232196527337 0.190782081200059 0.372090831689328 0.135613676378698 0.0906819930666171 0.118382671777419
"ufb72" 0.60423244867316 0.171677459895999 0.153548868097032 0.107431356134849 0.0549853274785276 0.125888509756319
"ufb73" 0.774896265560166 0.168901456816776 0.797439554677146 0.134567450929732 0.0653715033119369 0.0291285057443173
"ufb74" 0.700939800618257 0.198457481607936 0.365631200460883 0.140350179956718 0.0838477741658815 0.126837720942736
"ufb75" 0.636706369491872 0.178326747663219 0.189055002769396 0.118916606109913 0.072927559432934 0.123476218086561
"ufb76" 0.687804552433082 0.160921125952218 0.616895497414449 0.119818230881291 0.0723188460066576 0.0486996291924598
"ufb77" 0.679476317275882 0.184056214809789 0.395771299879979 0.129961934641202 0.0749149751195221 0.103176240031286
"ufb78" 0.623091780309489 0.169911800532174 0.224033901855624 0.117550489603494 0.0706825085378837 0.114462977590265
"ufb79" 0.662252214255588 0.175747246021346 0.449464304287738 0.12344020000178 0.0780989722937406 0.0939180214921893
"ufb80" 0.643603487039775 0.198534225574901 0.131656187278806 0.118972523294512 0.0589161294323882 0.157547723363291
"ufb81" 0.678280635092957 0.160551942442672 0.614091102872285 0.116629029083547 0.0691281066612241 0.0478664083650956
"ufb82" 0.713858139814703 0.197966898431944 0.431562449284682 0.141934956705486 0.0844933600758187 0.107384684510835
"ufb83" 0.661758035072191 0.17374487068785 0.406358398326445 0.115617158964237 0.0713718721680239 0.0915002475675538
"ufb84" 0.626505550533154 0.165856376615752 0.329819711709862 0.111467104829869 0.0701614687904491 0.097838389178782
"ufb85" 0.629863232845098 0.167181842400157 0.326130584015644 0.114042573996366 0.0698097662536866 0.104142207260984
"ufb86" 0.686046677746401 0.219078429872785 0.188996317032663 0.145104818187902 0.0754987717256583 0.167069903640992
"ufb87" 0.645496789214049 0.205581489448701 0.119761695101529 0.133915100360184 0.0680086138261956 0.161722222936808
"ufb88" 0.696636641599868 0.178848384418298 0.722815643235193 0.142162792886692 0.0674202750136765 0.0396139618132993
"ufb89" 0.628230298060608 0.192929801435919 0.0946866923819821 0.116872776756886 0.0556942860775928 0.152956621301922
"ufb90" 0.616596141868172 0.169323325157341 0.15291917839083 0.110277179043379 0.059996521631457 0.120598436750742
"ufb91" 0.780908353400209 0.219315161519862 0.511847205384064 0.16493219095127 0.0941833278829918 0.131095434161395
"ufb92" 0.609916173890441 0.1721670174902 0.478776466571833 0.119990033069548 0.0657858030435694 0.0606781356078526
"ufb93" 0.60930915638999 0.161861060071745 0.346486812077063 0.107738685337104 0.0697144311500443 0.0869468123772112
"ufb94" 0.717650267015112 0.208436424445819 0.344938565912364 0.14246439319997 0.0898216830388939 0.144061602882695
"ufb95" 0.617321773333393 0.187577027566261 0.106617164775448 0.114112249154672 0.0555500789160415 0.146521288557765
"ufb96" 0.608350467622914 0.181949628247819 0.107850080668071 0.109857938136433 0.0528509058367626 0.140112072273389
"ufb97" 0.756100115483944 0.246929347629521 0.224485582500064 0.169140748566971 0.0840355784060428 0.193822280863867
"ufb98" 0.602253011373883 0.1627634583363 0.188768512458004 0.109456347617505 0.0574843040659949 0.103567958466103
"ufb99" 0.613088257188903 0.166029202174855 0.179060197313725 0.110742748405223 0.0593793727581583 0.110360602367483
"ufb100" 0.656696138696842 0.207288459750165 0.131075303151067 0.128756013201652 0.0677816287636415 0.163535027568113
"ufb101" 0.817931286401364 0.269092566602235 0.357761545237863 0.193726908213332 0.121047534085528 0.209665385024178
"ufb102" 0.617861641414272 0.180156604179434 0.133318631734304 0.111263625159813 0.0507697512322123 0.136853727186631
"ufb103" 0.597002304164987 0.171916849290714 0.153856150011328 0.105202034716206 0.0532340614778165 0.126161245568029
"ufb104" 0.658061221709457 0.210863256095337 0.106635256408045 0.128766351050178 0.06157247170246 0.171728006258613
"ufb105" 0.636349959935263 0.187226886964848 0.147081430857151 0.112480028904485 0.0553829501202534 0.141064990385874
"ufb106" 0.644132374308049 0.204343239433 0.0837183047655079 0.130999280559349 0.0662549077112243 0.162331629069122
"ufb107" 0.597683786505539 0.180812456361961 0.258766084226162 0.115010574850543 0.0672334317756893 0.119069071361565
"ufb108" 0.770175784902446 0.253591475016225 0.320596481023994 0.18607211172365 0.110187265935425 0.18715632542231
"ufb109" 0.648282917581867 0.206270435683115 0.0837644454616639 0.131338229653697 0.0672984623264037 0.165093615265959
"ufb110" 0.710278867336521 0.207052958182559 0.40162125151074 0.149686060729549 0.0814405067605295 0.12834786198908
"ufb111" 0.625274339960781 0.168201352051902 0.272931924593566 0.111902063537355 0.0651050579677076 0.105384993252837
"ufb112" 0.722212015432666 0.177887875181474 0.68663015828335 0.134530732256067 0.0596620336396711 0.0384905886833055
"ufb113" 0.695366136001559 0.22048098838628 0.19151019731367 0.146426976722371 0.0758774685675485 0.173096323581773
"ufb114" 0.685006964670128 0.191838119621915 0.379528764389265 0.141922369488011 0.0827366368825744 0.111411281221846
"ufb115" 0.597355745006752 0.176623281237523 0.246290629388155 0.118686986671855 0.0698698065165329 0.109544043972388
"ufb116" 0.637903856602917 0.176761695338552 0.227378945829619 0.122095741885494 0.0722851749220729 0.118553535878197
"ufb117" 0.626258301250616 0.185742137876208 0.134978396069685 0.112483910675033 0.0505749360564407 0.14349212437921
"ufb118" 0.627035159961989 0.166545875792717 0.419381487502173 0.116974324544591 0.069539627852295 0.0721129872594507
"ufb119" 0.622585979337652 0.162902679910028 0.322265750112959 0.108111096245461 0.0635599377666018 0.0881095919734366
"ufb120" 0.615854356567406 0.165476372775163 0.254321477514758 0.117497128282972 0.0635528567064374 0.102396353318334
"ufb121" 0.685465594908842 0.200496622302239 0.321771971729989 0.139695083285362 0.0699948447374135 0.121176395724015
"ufb122" 0.605356962785255 0.177028773560888 0.107850080668071 0.108121037240408 0.0498300872971532 0.134951228628572
"ufb123" 0.703169176145703 0.157680748348751 0.65390660836928 0.118990550268305 0.0734688091914761 0.044290808511868
"ufb124" 0.767577841266767 0.253549113499723 0.300444889400887 0.182100315334195 0.113660871586528 0.192893096642923
"ufb125" 0.654247214278832 0.205239275640602 0.130196752845201 0.134969997934334 0.0652484573235142 0.158656079408929
"ufb126" 0.681211441390914 0.199491571495449 0.370811281008327 0.139659703389961 0.0872510337783076 0.128137361846234
"ufb127" 0.657594445301328 0.204649808653789 0.130097156819621 0.129714854752313 0.0639934964617882 0.161774180204506
"ufb128" 0.787787924219708 0.194419410061602 0.792518060031236 0.15935254741663 0.0790120608922032 0.0577319006648238
"ufb129" 0.751403348252924 0.216158902180761 0.44029461290128 0.15493923312741 0.0942500566996577 0.138426226062183
"ufb130" 0.613047760675177 0.165213458259643 0.236401566005168 0.110063108505335 0.0635587958132525 0.102171164667151
"ufb131" 0.79937395282574 0.267459229764179 0.32910920391107 0.194812669733321 0.118394781082734 0.202258399353893
"ufb132" 0.678133793228647 0.174460731616905 0.702148078630521 0.130628901077952 0.0618473113806546 0.0356227313406071
"ufb133" 0.623504820182785 0.181372598970679 0.318631504660106 0.12049925664893 0.0721027918857833 0.108403334541121
"ufb134" 0.599868331852679 0.173745746372623 0.109101944267093 0.105273702039083 0.048823421312413 0.13087175182572
"ufb135" 0.63497778215394 0.18501665387403 0.155219809982083 0.110186185522391 0.0543371227083674 0.138681235287942
"ufb136" 0.648792969523432 0.20641996067218 0.0946710745800949 0.126733017740477 0.0569608734605888 0.167114956280547
"ufb137" 0.648954574662646 0.168747079732964 0.463700645166452 0.115316719650481 0.073578890826904 0.0748130075218859
"ufb138" 0.668873795788457 0.197818833587933 0.455667674518631 0.143910693440309 0.0836553189709964 0.0899333888129192
"ufb139" 0.640465692231133 0.186188722472403 0.157353057655661 0.113891536558872 0.0580887253138682 0.136703581922681
"ufb140" 0.590325181402849 0.178519943851176 0.249865705649892 0.11224451447657 0.0669131879759705 0.116620774333154
"ufb141" 0.718857047835486 0.228245812114565 0.191080676650971 0.157092789414332 0.0667015392787578 0.173821169415115
"ufb142" 0.679342383442751 0.201981619153484 0.479878588435465 0.150699520497589 0.0882853772182303 0.0946560279265795
"ufb143" 0.671156105938715 0.157372223106313 0.743624482626481 0.124638366698175 0.0590276276601032 0.0153273470658342
"ufb144" 0.628181756727554 0.192012878088881 0.131724885519603 0.118008922551135 0.0632847220833603 0.151182271677324
"ufb145" 0.608116692071298 0.181193786008777 0.131679859674725 0.112151828210209 0.0643692451776232 0.139320907572217
"ufb146" 0.675958412463386 0.161506612029253 0.584915515010497 0.117795682958157 0.0679691839206921 0.0486316959813976
"ufb147" 0.650450880192083 0.201718100551834 0.0956670343296553 0.126828740160529 0.0577950998599649 0.160314133211458
"ufb148" 0.628372127854525 0.18904364701854 0.121037403793058 0.118435213575735 0.0638098604555802 0.148061337168536
"ufb149" 0.632301510529057 0.179669546467503 0.340411237234441 0.12458046070577 0.0671967871160383 0.0981180426266291
"ufb150" 0.632211787127309 0.196091162005749 0.0825542301534984 0.126706006006844 0.0544622531841548 0.153653394453285
"ufb151" 0.624026353765729 0.18952449534007 0.118207877597348 0.116001144305436 0.0582480856772972 0.148559230270516
"ufb152" 0.593964355305593 0.168467632894246 0.224472733857504 0.10724295552251 0.0632160750565186 0.105804782664436
"ufb153" 0.660050368456952 0.211036697496722 0.106530810803076 0.134106053110506 0.0639505481339731 0.170114824138798
"ufb154" 0.671924704030433 0.158380805922105 0.644115550586534 0.119817455222834 0.0735252454083865 0.045165069410487
"ufb155" 0.622678441075201 0.182331709007641 0.155577691710414 0.11331404828459 0.055773072192731 0.139132623129876
"ufb156" 0.61174435770338 0.18082736203651 0.0957977575280511 0.108592958207628 0.0507757243992122 0.140048281305853
"ufb157" 0.726224076573813 0.171642952931678 0.594891257323117 0.125340365789206 0.0736092285079927 0.0607773356078716
"ufb158" 0.641525213728163 0.171059645695148 0.284140653168845 0.112304965553445 0.0756274106089669 0.103558889675125
"ufb159" 0.666700449523134 0.212514059773095 0.18847207102499 0.137711864099455 0.0725027718492966 0.162578557471574
"ufb160" 0.57088354461196 0.166833388462148 0.261545514342094 0.106569982329553 0.0634270278846416 0.107977839167161
"ufb161" 0.632720619991113 0.196646413961325 0.0949361254116106 0.124578400104666 0.0605985412694179 0.156807944082623
"ufb162" 0.606645035009856 0.170789658614585 0.143356894875275 0.105786348659469 0.0513810776758685 0.126051274848596
"ufb163" 0.715068119359931 0.225830171640133 0.188364705740477 0.1530735795469 0.0707174136855386 0.17423738576144
"ufb164" 0.72580987595091 0.23674025713273 0.200779468036634 0.160568353196497 0.0836537138506817 0.182914648610613
"ufb165" 0.778897804894224 0.209846627728002 0.738023174087045 0.170944604925186 0.0817378554854493 0.076959776285207
"ufb166" 0.659654719552325 0.204813677821538 0.130196752845201 0.135284461474645 0.0591158301649575 0.158205536086
"ufb167" 0.695918597081985 0.216704714150089 0.176395095733282 0.145237066414941 0.0628253407060753 0.164503782930305
"ufb168" 0.678462951190224 0.187251093281014 0.415903841927139 0.133070966473293 0.081132997598218 0.106511628166135
"ufb169" 0.711170030790284 0.176748378614787 0.734699200652981 0.140906060475483 0.0676759163377581 0.0383604309239974
"ufb170" 0.760612521806552 0.154226172050495 0.868893481995721 0.130255576456115 0.0628610320495762 0.0119851528091822
"ufb171" 0.649721471696854 0.16877656756368 0.445358080970913 0.116730155707816 0.0731490428697299 0.074632948889844
"ufb172" 0.690395556759686 0.177274861407999 0.461241696905988 0.125491742990597 0.0725347378141985 0.0841089645192393
"ufb173" 0.697688454342447 0.1636679966332 0.638837366411224 0.126542875435279 0.0791361369555423 0.051084038283065
"ufb174" 0.695532825724649 0.165796908829755 0.499533601963478 0.116929038466422 0.0754668798456518 0.0710936609264798
"ufb175" 0.618547019194833 0.16862384300617 0.258669409811709 0.110586142303237 0.0669626862734337 0.109837727701507
"ufb176" 0.612465103294249 0.178143783966996 0.28961121266269 0.116394027246781 0.0648035423864798 0.104790706646227
"ufb177" 0.603385440197584 0.157619791811383 0.39226343053629 0.106494920014753 0.0736419701128281 0.0740818552653132
"ufb178" 0.657873335140588 0.188116828438916 0.344380334920748 0.13249777090111 0.0914309736938909 0.12183449825135
"ufb179" 0.607645138655847 0.165816494238541 0.49365758480167 0.119001438767147 0.0701922597592235 0.0538511424780598
"ufb180" 0.670264626145592 0.214469369417297 0.167324870415325 0.139624039984975 0.074840144024462 0.16465785583005
"ufb181" 0.671510402024178 0.162613350605293 0.548304822588505 0.116880775536322 0.0761272657838901 0.0678117885675696
"ufb182" 0.594484642719273 0.157924335839218 0.344648139416381 0.10499730602148 0.0671421583400483 0.074416600595868
"ufb183" 0.627948574839345 0.178724888555473 0.145106691655599 0.108183211143457 0.0574079939562458 0.128785897241307
"ufb184" 0.629393924502075 0.181965382875096 0.159388148749458 0.110262169228018 0.0522028191897618 0.134022740063289
"ufb185" 0.664941995737134 0.171375120914747 0.453352638927325 0.122388836505627 0.0691064620664272 0.0774894005495452
"ufb186" 0.644595331022336 0.197344683226907 0.130076983027653 0.119503951812014 0.0582390432989697 0.155687082947691
"ufb187" 0.713642484430231 0.201680484910766 0.316845601801288 0.139463978903304 0.0821175226716235 0.136580871038002
"ufb188" 0.666314668399581 0.186249927255277 0.308355122216672 0.131856033570023 0.0898738590394379 0.119815182822637
"ufb189" 0.623940547844245 0.171307048845468 0.475817429513196 0.119746748459163 0.0701727687138218 0.060396474804011
"ufb190" 0.624305042259858 0.167121023261554 0.404237824492513 0.113567465513449 0.0684280084635445 0.0730032017940448
"ufb191" 0.68526384155138 0.215853857594585 0.165332963511516 0.139965853351627 0.075338908850618 0.168190592793222
"ufb192" 0.664243807487217 0.207066379524831 0.153467174511724 0.131363526092561 0.0672753404782663 0.160603242071025
"ufb193" 0.542352347299344 0.150144440678981 0.630517994715215 0.106854385821626 0.048662702169765 0.00721696175853431
"ufb194" 0.616629915071065 0.164707054834357 0.239033167523479 0.116089795948503 0.0588748896208851 0.10162651813202
"ufb195" 0.617200735248526 0.168182921733884 0.155255369496326 0.10827676928981 0.0570278718338829 0.117578758501341
"ufb196" 0.64546209226101 0.176501356275182 0.348388446114655 0.122833740078447 0.0791729128600425 0.103074723297782
"ufb197" 0.650047278019421 0.200813651152946 0.130196752845201 0.132203672978945 0.0617497311445616 0.153971056428574
"ufb198" 0.637312617374913 0.186866257666999 0.167202880330448 0.112629668469408 0.0560117641777338 0.139118152683413
"ufb199" 0.639960973333545 0.199769755807623 0.109159486932133 0.120279921069192 0.058239242367046 0.159695165171245
"ufb200" 0.610225128092773 0.16566143963278 0.224523399968698 0.113322754439749 0.0628284060590502 0.102652977171767
"ufb201" 0.646644778402301 0.203337659662195 0.0945261234429781 0.129964018903563 0.0643802734351548 0.161282429492802
"ufb202" 0.653991637786878 0.207708461212824 0.0945606595924789 0.132271830389957 0.0617737118814052 0.166613959212626
"ufb203" 0.77336405100996 0.207706495381763 0.637254678089943 0.164448265136417 0.106140298242779 0.101010822220406
