NaN NaN NaN 0.4759865 NaN
NaN NaN NaN 1 NaN
NaN 1 NaN NaN NaN
NaN 0.7635952 0.6511882 0.9480329 1
1 0.7688588 1 NaN NaN
0.5836842 0.8449207 0.5286764 0.9717444 NaN
0.8799445 NaN 0.6454567 0.9344715 0.6898764
0.7612953 0.541376 0.9357127 0.8470053 NaN
0.9144525 0.9374138 0.7649475 1 0.7869434
0.5437257 0.7767108 0.5203849 0.5459057 0.7566087
0.4464993 0.7039107 0.3372104 0.8050736 0.3452344
0.763735 0.9609075 0.5297764 0.9203412 0.8711152
0.8883335 0.6061011 0.9418722 0.6836177 0.4778677
0.4790257 0.4559285 0.6595113 0.5255239 0.5893227
0.3436532 0.7117828 0.5921974 0.387462 0.3009943
0.8883913 0.6377708 0.6422868 0.5249742 0.4968487
0.342733 0.5168613 0.591943 0.3127161 0.4090406
0.4537975 0.3959496 0.3736695 0.4633127 0.3886783
0.3902435 0.4797154 0.2901153 0.500121 0.4661954
0.5231307
