1 1 1 NaN NaN
0.9961963 NaN 0.8132542 NaN NaN
NaN NaN NaN 1 NaN
1 0.4078699 1 0.5247932 0.9926114
0.9019428 1 1 0.7006769 NaN
0.9613552 0.05743104 NaN NaN 0.871084
0.7207222 0.7983566 0.2917659 0.8932601 0.6135314
0.6292576 0.8978349 0.7545646 0.9670621 0.7076155
0.7629105 0.5601609 0.9774923 0.465548 0.5470269
0.6865491 0.992806 0.2595315 0.8630391 0.503396
0.3236901 0.8217191 0.3603977 0.3893403 0.5569443
0.7121431 0.5126062 0.6524796 0.7145531 0.8414809
0.3643516 0.6343388 0.9334675 0.4822366 0.6901014
0.662255 0.4671611 0.5929975 0.4437921 0.3626044
0.4912598 0.5707713 0.4114981 0.5625609 0.7481154
0.7512228 0.4490057 0.798699 0.6566847 0.5624616
0.4801219 0.6324643 0.4587947 0.5560002 0.4510635
0.3347046 0.4901462 0.5393887 0.4610173 0.4640469
0.3256641 0.4783877 0.418984 0.4584994 0.3563157
0.3781809
