NaN 0.9933906 0.9077962 NaN NaN
0.8453393 NaN NaN NaN NaN
NaN NaN 0.7971213 1 NaN
1 0.9299139 0.8365445 0.9715071 0.417605
NaN 0.9045572 0.9674706 0.6179846 0.5386853
0.9931261 NaN 1 0.5529323 0.9855495
0.4477213 0.5664316 0.4051876 0.5520921 0.2951396
0.3718602 0.9646415 0.8151641 0.4350573 0.5357107
0.9740992 0.9122927 0.4644044 0.5169588 0.9135907
0.5212288 0.8521301 0.9040668 0.6560708 0.9401592
0.6716524 0.7700868 0.3950686 0.600693 0.5006222
0.7926531 0.5188554 0.6150587 0.5613454 0.3719435
0.4583601 0.9295694 0.8063803 0.5434524 0.5357597
0.4185324 0.4955229 0.5154142 0.5811093 0.71075
0.4908069 0.5469912 0.537797 0.4978193 0.4562004
0.6890462 0.882285 0.7764523 0.7367743 0.5182109
0.4890605 0.6090868 0.3169975 0.7954613 0.5456273
0.6495932 0.4271256 0.4895157 0.4500972 0.7475109
0.5532568 0.4961187 0.5504469 0.3531802 0.3872326
0.4858992
