"quartet" "wQuartet" "cluster" "phylo" "mutual" "shared" "clusterNorm"
"mb49" 0.778843079421755 0.852994300393353 0.236048207442932 0.699473908362657 0.196579874437384 0.12386115833544 0.135319632403675
"mb50" 0.776668739711299 0.846081661379655 0.243506603226896 0.622324326502108 0.200599885143004 0.140933423307792 0.159408044170427
"mb51" 0.793103448275862 0.89285224310605 0.228152536357391 0.793017448015431 0.191769538651579 0.0935739754116489 0.100328559067453
"mb52" 0.79585713900946 0.814781208465392 0.221059621547739 0.540097362914937 0.169723643999394 0.114563928425737 0.134663737708176
"mb53" 0.783132530120482 0.82946039185055 0.230987743888666 0.783024460888093 0.19349215826389 0.0971551893277506 0.101152501550108
"mb54" 0.915803086996131 0.911595988782188 0.237659711914819 0.861980921898815 0.205028878496415 0.135854406740903 0.137450631910644
"mb55" 0.889674848306673 0.906885232103026 0.260194300995873 0.758548448737489 0.21869587409228 0.13763370761308 0.162947376442982
"mb56" 0.931034482758621 0.967170373523465 0.266316815413464 0.930968028011924 0.235260768199472 0.119808781852612 0.14481314125224
"mb57" 0.802325581395349 0.876752767527675 0.242079398295875 0.802201570356452 0.209096262372939 0.102138218829813 0.116508053067737
"mb58" 0.795004188119724 0.793410662115646 0.22425481416801 0.607577552232577 0.180416565046585 0.106410535806619 0.121760392934156
"mb59" 0.718867853740461 0.778814430122573 0.239329526873369 0.333454806613358 0.180198465307726 0.132957051743504 0.182925608982181
"mb60" 0.792887764633316 0.774683925346177 0.191098968615615 0.643412525045143 0.149619753621636 0.090337004807558 0.0847695125494021
"mb61" 0.810700157745106 0.778754098360656 0.215592981302411 0.61286962090564 0.165540762297362 0.099034257686974 0.111253465357868
"mb62" 0.647983399530826 0.721645042225569 0.232710963867885 0.114600908981681 0.166134811780818 0.0913697826456612 0.193867349831484
"mb63" 0.711866402272397 0.783512056737589 0.237509867233261 0.324130262876591 0.184111711364353 0.121977663907912 0.152565381210919
"mb64" 0.691279356936716 0.708299155798538 0.205904616378836 0.115317603161947 0.144009195347576 0.0860427689889748 0.157820662152003
"mb65" 0.756084701638703 0.819486125937414 0.237713358171393 0.483413735738012 0.18733859574893 0.131498188990659 0.1633207579944
"mb66" 0.752941176470588 0.840501996577296 0.242302724238612 0.752842217778199 0.209991908971473 0.102466200023533 0.11629717747077
"mb67" 0.766969743257271 0.813685125297394 0.195808708102178 0.593800345321049 0.153616010117652 0.104887586055339 0.106329886670479
"mb68" 0.649695168383671 0.717229779157261 0.230921834115121 0.114582755406644 0.16564800873384 0.0906773227573253 0.192564100803059
"mb69" 0.758620689655172 0.792034266717811 0.211119431951743 0.758614826001052 0.17794944528865 0.0865673371357221 0.0804746393410549
"mb70" 0.663119290205349 0.704990981022096 0.220531537114131 0.103427217554682 0.156630194100479 0.0783927354864868 0.181658452279841
"mb71" 0.735632183908046 0.803863474757051 0.229084552574599 0.575266433233965 0.194252193437739 0.0940836630490894 0.101414924460364
"mb72" 0.818279079576533 0.827472855862138 0.219545448957581 0.597515279564166 0.170409504819199 0.105437796479404 0.116955262176985
"mb73" 0.747126436781609 0.857327916151446 0.234815391053372 0.743951358954146 0.194646705551029 0.0929933800705737 0.108094834617246
"mb74" 0.634233985391355 0.715942209175642 0.228095031046261 0.0925134971655075 0.161735991496488 0.0890409704169224 0.188571880193111
"mb75" 0.842139620699591 0.798255293063611 0.199615029082439 0.618857009914043 0.160646013865575 0.10856591200139 0.12151070365486
"mb76" 0.745760320307526 0.69450839088513 0.192142934987919 0.470869702675621 0.146133713410215 0.0843974469390365 0.102192945924369
"mb77" 0.700888213879084 0.741313267064124 0.204791323629762 0.230978445921964 0.153666322550403 0.101058889738075 0.134943858352484
"mb78" 0.648654745764826 0.720027329811839 0.230869176955077 0.0927952233117995 0.165768205447192 0.0875578930758155 0.192271064462509
"mb79" 0.701847430117067 0.755491494734836 0.215802741448573 0.242749822004485 0.163304761023541 0.10922279653601 0.139148615614338
"mb80" 0.677755159307509 0.705975709852002 0.20519815127742 0.103725922313558 0.143644251073827 0.0772609087214 0.16020310761931
"mb81" 0.896551724137931 0.897001303780965 0.212968807989679 0.896508724007716 0.185704194483114 0.0934113099560201 0.0826302865165
"mb82" 0.642897973146463 0.70754478772133 0.199332813221674 0.216526737788234 0.145141423974542 0.09649562677397 0.148831304517647
"mb83" 0.735632183908046 0.754847277556441 0.18444835163737 0.735434122702205 0.149426298741019 0.0708794865601688 0.0493866195082008
"mb84" 0.719646992355659 0.780497263113935 0.234480765479009 0.345076655608471 0.177689259537061 0.128922082742291 0.17313086355365
"mb85" 0.73020852036617 0.694023746701847 0.19610465415178 0.355893872598128 0.140886263337773 0.0902980453155992 0.125683993990593
"mb86" 0.773989903314674 0.818290862565305 0.195599491815062 0.696482203755238 0.161179505224227 0.0994516717837204 0.0893961712916121
"mb87" 0.858823529411765 0.798096460271629 0.153794008526726 0.858816704674359 0.131278198574157 0.0641213689459192 0.0124084817561047
"mb88" 0.653377156306417 0.691723730463354 0.210869829302717 0.103447901775306 0.148115765958099 0.075795314322711 0.171272408347255
"mb89" 0.678987507612134 0.694647813856443 0.191852568677161 0.296314270135147 0.140498919309114 0.095386408065416 0.126935496892701
"mb90" 0.671767617608702 0.700554167692903 0.20076305276337 0.103747115753665 0.140274208543974 0.079966220303118 0.154076591634734
"mb91" 0.669998518581935 0.702356457214148 0.186543634675381 0.161594274982773 0.138280916029625 0.0807686414147524 0.121284796860776
"mb92" 0.698296874137083 0.712969915963749 0.207839678318271 0.138447082933225 0.14356678550492 0.0928024659201605 0.15787407077641
"mb93" 0.866870515492282 0.833599400308175 0.208531373154925 0.658665385554669 0.171573707854905 0.105045664061184 0.120525028221097
"mb94" 0.785714285714286 0.824166060899766 0.19528778274961 0.785655587685479 0.165207415686077 0.0779720644935797 0.0589272402282351
"mb95" 0.741176470588235 0.789830250437695 0.193320148915529 0.737938710018421 0.163901353760567 0.0716170559787457 0.0571050540817726
"mb96" 0.698700840647207 0.746099290780142 0.202900449421198 0.308832654692382 0.147331005696421 0.101239419626827 0.143818450087138
"mb97" 0.666666666666667 0.604758175053848 0.150064058190452 0.666515514693788 0.120735394198981 0.0517691060335404 0.00930801811609912
"mb98" 0.715213344281372 0.67436527186653 0.186917927832409 0.333022746624819 0.133065840815096 0.0861547097658756 0.121832272973205
"mb99" 0.693684917353979 0.70920517297925 0.207318409355802 0.115289640832529 0.145515625083038 0.0841889168222407 0.161014871466383
"mb100" 0.66410412195821 0.691417614091034 0.199468883205679 0.0932301209749793 0.137067336028996 0.0749251945505847 0.155370438494728
"mb101" 0.802325581395349 0.825544920775356 0.182376121969505 0.797511434566236 0.157810677178685 0.0719213969104104 0.046531173542132
"mb102" 0.78809308729573 0.739076338533166 0.187821214342245 0.480645986781554 0.145545069316647 0.0927585401128572 0.116573574895689
"mb103" 0.65734815431133 0.697893610703372 0.214549902080929 0.104622596977815 0.15303934080043 0.0713600813850194 0.175137579274597
"mb104" 0.765491293210373 0.773933322228304 0.198659062974456 0.609087793431885 0.16067662158538 0.0944598617752518 0.0933233758488121
"mb105" 0.655778331713435 0.688881712897082 0.208241055994103 0.104641488256053 0.146251815789932 0.073825448408999 0.1681660769964
"mb106" 0.919540229885057 0.924505189865257 0.209703029257567 0.919519381337074 0.184801092550801 0.0927029710433385 0.0788236692817684
"mb107" 0.696334943176669 0.643736396016094 0.176538871954286 0.278914849831648 0.127383809369894 0.0770931963183955 0.115474284967931
"mb108" 0.724137931034483 0.734060984060984 0.181135322444421 0.723985476027356 0.147248591568402 0.0690268228293203 0.0455249267667288
"mb109" 0.675284251952367 0.691942136977969 0.18012394855335 0.341142069484043 0.132455634642654 0.0878716279065779 0.114223824255516
"mb110" 0.770114942528736 0.80327868852459 0.191603338977775 0.769950108696243 0.159404210719471 0.0763894003245332 0.0577265287177451
"mb111" 0.857896441335549 0.825970767888307 0.203940708650347 0.635109616480448 0.166103675628851 0.100996799225456 0.115474035421418
"mb112" 0.653999199521543 0.702852612085908 0.206559679782379 0.160433658319552 0.147470850561538 0.0952768044107242 0.158544603459043
"mb113" 0.736447145405818 0.787725628253259 0.226638772248069 0.437186593114921 0.17528222442123 0.124643302448145 0.158796627960903
"mb114" 0.785289694251495 0.802735822171559 0.184133744985039 0.684936222989764 0.15021062972993 0.0912575015504752 0.0764166258336186
"mb115" 0.744523972817318 0.786132020035258 0.184413889226001 0.612223652655469 0.145698025391322 0.0874119675292168 0.0769793069577044
"mb116" 0.790697674418605 0.80476821192053 0.170522247803731 0.785714285714286 0.144640500805656 0.0667111678320693 0.0327078254312072
"mb117" 0.631762458975753 0.700625127946515 0.213527544044904 0.114291149546933 0.152368081164063 0.0907169357940119 0.171203358301376
"mb118" 0.6525048151152 0.669885859382704 0.193747811213998 0.10351368405397 0.133790827368114 0.0755987359773379 0.151895951591977
"mb119" 0.744186046511628 0.604477611940298 0.143626596286107 0.744180712703503 0.118151347511666 0.0562458634749097 0.000742016740439073
"tnt1" 0.653765296754428 0.684723385632118 0.2066341927503 0.103447901775306 0.147279503211164 0.0656738767818609 0.166824233623307
"tnt2" 0.655432407645672 0.681776369666194 0.192804645876218 0.0932476539047467 0.133882913476646 0.0752235765068064 0.147105863884483
"iq1" 0.656968203519733 0.673165755863337 0.194229235916884 0.104702143041993 0.133881925559026 0.0742435584553512 0.15169751621859
"ufb1" 0.746073222034834 0.631171613170715 0.143997145728314 0.605017228102933 0.108569382767336 0.0654238330229725 0.0308099212146279
"ufb2" 0.731089768543035 0.670513392091636 0.161614404063229 0.505279943946961 0.119903938727784 0.0732252987897893 0.0686251759232789
"ufb3" 0.80141746763053 0.749018217519363 0.207696286393911 0.499852369660938 0.162700842426926 0.0888967294073746 0.119623552855845
"ufb4" 0.669775823950173 0.620543279683225 0.164182799496253 0.274661323775022 0.117560978880755 0.0725928428753497 0.102201935547057
"ufb5" 0.656213914811397 0.615607632236603 0.160375918325464 0.251923006094348 0.116284991749769 0.0715039484180389 0.101942243364803
"ufb6" 0.848837209302326 0.81079707198048 0.162443777282847 0.848870545603104 0.139789959630036 0.0669227989235115 0.0228869219455476
"ufb7" 0.674371872355947 0.580491813845559 0.154658182651769 0.344698188058606 0.106918522745419 0.0632230040317378 0.0803489352728269
"ufb8" 0.69577611643571 0.709865464111236 0.20453319199286 0.241285601590173 0.14625793703085 0.0905764223379701 0.149089726138282
"ufb9" 0.654241327642236 0.73352503099873 0.217782683273736 0.152893958779565 0.158155535422672 0.0972185568013113 0.163315401647331
"ufb10" 0.646770433456637 0.708673066291851 0.205678741462259 0.162126801577243 0.149439064214095 0.0940567143338415 0.153197395977992
"ufb11" 0.655452605005552 0.704000686333582 0.205170002405623 0.160417778866629 0.147647665172372 0.0938507009522242 0.155072459163351
"ufb12" 0.641836554409336 0.69941200598454 0.213544763841512 0.11577394883232 0.1537890271627 0.0913832655587367 0.172044817115614
"ufb13" 0.684316671998669 0.693115367154948 0.19734370509054 0.205483105645799 0.139461581266472 0.0843999176152814 0.146716062775271
"ufb14" 0.692420936639698 0.700802574906123 0.202150357440163 0.22849421736976 0.141523878316924 0.0935812913475651 0.14938968750246
"ufb15" 0.678317896934602 0.600594443902069 0.163230230901419 0.392301235518141 0.11629525135047 0.0673606082986838 0.0814596893102415
"ufb16" 0.648976605450476 0.707704493586602 0.220474476455568 0.114628875910876 0.157172203244101 0.0677082867366165 0.181738797709639
"ufb17" 0.623143888349281 0.538759242943534 0.139155413529342 0.299095055354754 0.099692468348405 0.0596440531091264 0.0752632414517258
"ufb18" 0.640130647363597 0.588812927284027 0.161978285670911 0.206862215131081 0.111393568171249 0.0650944449719291 0.109148019160526
"ufb19" 0.784751601206942 0.803827633041116 0.21071761565272 0.597580747895816 0.166842440546567 0.100285840953548 0.106967016563163
"ufb20" 0.756357677288918 0.747013417880697 0.210433871884514 0.424939276010752 0.159801411913147 0.0917481496306846 0.12285943695297
"ufb21" 0.719188273978736 0.695770804911323 0.194177810850855 0.378946619782346 0.142950119452682 0.089682542834581 0.115675950056292
"ufb22" 0.685602676440598 0.698358651105915 0.198019824303746 0.218118470104521 0.141871628222555 0.0851064641086216 0.145028745436171
"ufb23" 0.799333689407772 0.775888318323743 0.20251351599423 0.562895472925637 0.15748481341754 0.0998836371574066 0.114060597719938
"ufb24" 0.635815034684273 0.6948037497566 0.213783897183246 0.125899413130071 0.15218458425535 0.0693787126341545 0.174715754494202
"ufb25" 0.65499723540977 0.687793767647385 0.20307901620369 0.148748491337019 0.1399135303162 0.0677531884595392 0.161711531429595
"ufb26" 0.669774847903291 0.683280072549824 0.193421577104331 0.173696368066053 0.133542443188864 0.0750217041564607 0.146303818063251
"ufb27" 0.795349848980334 0.786989373949635 0.216962255082097 0.528515880276667 0.174750277619372 0.103165131523828 0.130111913357173
"ufb28" 0.725140804812836 0.665722826310521 0.176307546034074 0.401851973945487 0.133511986023878 0.0858332894171216 0.104152673291446
"ufb29" 0.710355753884567 0.647174745543347 0.167698998089809 0.383168567878907 0.126008848292767 0.0755647399613823 0.100982784388324
"ufb30" 0.705770912150216 0.646039353336258 0.165128820602588 0.37198346359922 0.124821219131373 0.0771086896333173 0.10321895517896
"ufb31" 0.826052874877829 0.789970573810691 0.215532111007773 0.551605874500039 0.172210288650052 0.100567321066381 0.128523145382051
"ufb32" 0.663742479508456 0.693298227899873 0.204889202472197 0.150872967509943 0.141411402205965 0.066381162707227 0.162920157333137
"ufb33" 0.650966804285514 0.674783633811119 0.174475913408527 0.228968984355221 0.128558961218177 0.0705270793739634 0.116937476799548
"ufb34" 0.632183908045977 0.502049622437972 0.147148556774378 0.631942846709921 0.109920406998698 0.0498803948511459 0.00590968686077378
"ufb35" 0.666853394712177 0.703990844835915 0.188011308706239 0.286417998696212 0.139236494098744 0.0784234243965627 0.122870213779424
"ufb36" 0.761371107478119 0.819343310252401 0.231203129025071 0.581775168952058 0.186213303277606 0.107099858336451 0.129537252365549
"ufb37" 0.658207933783102 0.705606027391171 0.221161238723458 0.125976687306972 0.157982675462715 0.0764842503418396 0.182461118592582
"ufb38" 0.636598765603178 0.696538595177622 0.194352700628048 0.22697862685256 0.14173433649683 0.101030680040523 0.14108047990753
"ufb39" 0.770114942528736 0.768245341614907 0.157436231984081 0.769893426706414 0.126565297148397 0.0587479530960463 0.0179010815543315
"ufb40" 0.649735305965736 0.661030687291127 0.186766416549215 0.137668970675456 0.130904811797574 0.0660065296711092 0.142988784118992
"ufb41" 0.780171284536271 0.706248582873555 0.193431700329729 0.453428217145715 0.147889831495224 0.086344423183754 0.114718626801501
"ufb42" 0.714892261364997 0.779764927406232 0.230275832442528 0.368038227284047 0.174687883658437 0.129859838016782 0.168588940644469
"ufb43" 0.758620689655172 0.784859154929577 0.17057364145728 0.752842217778199 0.139268182225983 0.0628903377893168 0.0332141487957448
"ufb44" 0.698796155686211 0.745541494044537 0.210466161986026 0.378344200066804 0.159780940625944 0.0984810757620474 0.133290393377367
"ufb45" 0.688481694059724 0.650677373249559 0.175027390541126 0.298559265485124 0.126314235889098 0.0786319207170346 0.11391543932442
"ufb46" 0.670657621587268 0.635943351469208 0.166274551214923 0.275509596438299 0.118541783774707 0.0742256312961306 0.108254804264979
"ufb47" 0.663530949812655 0.624630911501814 0.164349543795727 0.23241151133369 0.118522022078442 0.0734300998081027 0.109204163947365
"ufb48" 0.804270330489209 0.758449652933043 0.191432517106024 0.515379626196342 0.14808239579919 0.100234086450486 0.120501675883935
"ufb49" 0.765614466217948 0.722846365059406 0.1841122645984 0.434887131182963 0.140812617488437 0.092391886034166 0.118722806153456
"ufb50" 0.645668021496899 0.697651476519401 0.193264443029068 0.219242768945496 0.141203091023771 0.083759865336373 0.144390885321082
"ufb51" 0.779069767441861 0.841644530306689 0.215592425620596 0.778981759607805 0.18568794966398 0.0875832130609923 0.0855343084461754
"ufb52" 0.677450679658639 0.632168107500823 0.170136923042797 0.255716267707403 0.123827098933143 0.0738258854631515 0.11238256563554
"ufb53" 0.645247265702401 0.681061516028221 0.202505431896612 0.172244106627405 0.148408249446121 0.0910751036554288 0.154267533774132
"ufb54" 0.673875927803653 0.684112614754281 0.177922014466448 0.250389020772181 0.130947169317036 0.0757082819915211 0.120571307420969
"ufb55" 0.663917620451563 0.687072112975362 0.176937298285331 0.257774218019851 0.131948052993953 0.0745271170940438 0.115862454307997
"ufb56" 0.70876906137934 0.635861854171713 0.173642791132588 0.427677843285176 0.130706283761488 0.0696830634614807 0.0816329231504368
"ufb57" 0.632485750687694 0.710368515559363 0.223542690611286 0.0820099667959619 0.159842489411002 0.0746488033710616 0.184235039918013
"ufb58" 0.643303832901018 0.703965939658703 0.219029937960536 0.11593935475657 0.157389809087437 0.0723273021029067 0.180222338939515
"ufb59" 0.645085796628446 0.682610063281837 0.204954932267422 0.114404485503976 0.143046445543344 0.086349375880762 0.161140175776423
"ufb60" 0.724522108810758 0.698277685312049 0.186839798038172 0.413476221780074 0.142488333840827 0.0842489260857479 0.107623080209282
"ufb61" 0.734992501069807 0.67597507500577 0.164325165442 0.5284429092235 0.127130028855803 0.0754894201102815 0.0716366003972953
"ufb62" 0.709919865560528 0.612681320347962 0.150689222615329 0.406694767870537 0.106441168330151 0.0629162296810354 0.0678049068098041
"ufb63" 0.664718984132701 0.699463855421687 0.189104784114316 0.286127756205951 0.138624515859331 0.0794082145100271 0.117879485500099
"ufb64" 0.679891403525476 0.593784132658127 0.141885631117964 0.406533101449645 0.0992928999876446 0.0624397130940351 0.0581421720196417
"ufb65" 0.781609195402299 0.836392657621708 0.201375744474908 0.781568801340581 0.170987343694887 0.0812051015423685 0.0691173210039443
"ufb66" 0.665828800852571 0.666028250840978 0.178630459933449 0.276779536559438 0.130287448765857 0.0811091236337975 0.117554413466219
"ufb67" 0.642772911826693 0.662459461600703 0.200376323899782 0.126227698190297 0.140401521494157 0.0832889530546406 0.157329179143066
"ufb68" 0.632851645113102 0.69893794929441 0.217586742384278 0.0914785629862924 0.155316441367786 0.0873714283841242 0.177526696156682
"ufb69" 0.699596888591406 0.662155110560303 0.148685094523637 0.574370251828726 0.110163573358447 0.0673621782715078 0.0367803653561608
"ufb70" 0.742323662453599 0.713932029709504 0.183880829008851 0.388971729712826 0.13999135831463 0.0933161854136116 0.123361518613955
"ufb71" 0.701149425287356 0.791246039348611 0.205488746617343 0.701088182677656 0.166387500968352 0.0814016502120107 0.0739114684726425
"ufb72" 0.645227322820171 0.71355549542119 0.225485537677789 0.104474047589486 0.162365159192602 0.0855792272867364 0.186616550857424
"ufb73" 0.69193897420871 0.653146795723868 0.175803451096997 0.301838976464751 0.125034966570051 0.0795907563183517 0.109828103768233
"ufb74" 0.715417446275576 0.623590499365939 0.155359037832559 0.441496539164174 0.111008318951602 0.061887143304728 0.0614684790495752
"ufb75" 0.673356601571126 0.689642702453714 0.203327913239922 0.183045223076541 0.141383964712306 0.0710174730476898 0.160441812012263
"ufb76" 0.723234575617365 0.794135949159934 0.232854229075095 0.379709971299919 0.179463148770391 0.131751976251964 0.165557327946932
"ufb77" 0.741041075988761 0.727806084417122 0.189414992285711 0.430061492508126 0.144134510125495 0.0848326749688282 0.110343607390709
"ufb78" 0.697527188098395 0.64345339310558 0.176798709073832 0.302027481077505 0.12720814024434 0.0777387364937781 0.110821630200672
"ufb79" 0.717647058823529 0.756763548035849 0.179210126523992 0.714227016256908 0.148583634913196 0.0650554167582889 0.0406124284361864
"ufb80" 0.636918442045249 0.583181478098421 0.159850479657869 0.186121025184431 0.108937332635259 0.0635401882239754 0.10899766430568
"ufb81" 0.666666666666667 0.602870343064976 0.148546345526922 0.666458832703959 0.114455235824117 0.0496168488793942 0.00753896036409851
"ufb82" 0.726489391771037 0.699015648662292 0.192170329839877 0.525689711913663 0.150150405696144 0.0808059674788011 0.0856649559018724
"ufb83" 0.651162790697674 0.505365249690466 0.140569310967267 0.650957439084878 0.108885255095317 0.0470433614329626 -0.00282537191117472
"ufb84" 0.671766764467138 0.636766293678838 0.167129465509565 0.278712987491069 0.119518776561617 0.0749420689906052 0.105432455342164
"ufb85" 0.678486668614683 0.660979640316563 0.178674858861559 0.318801212731685 0.128080823011002 0.0845499885871746 0.106427894731542
"ufb86" 0.692962687888214 0.636003861518686 0.184754110542982 0.276364826041591 0.130272823509811 0.0738263533749108 0.119350340601444
"ufb87" 0.638599995546618 0.583390130759184 0.160472024850432 0.218345469060913 0.112288309261642 0.0608644379799421 0.104990589235089
"ufb88" 0.651575011079669 0.696676023015794 0.213760177195874 0.116047388590968 0.153767282409498 0.0698119700157412 0.174549680643424
"ufb89" 0.739913708011791 0.677231208372978 0.182362733950509 0.390616305695406 0.13452042653692 0.0742930520515894 0.102709867965723
"ufb90" 0.671442491870437 0.624930047464091 0.166647220073834 0.275531765589432 0.11770538308963 0.0708616548788276 0.104914486345184
"ufb91" 0.640055344688412 0.688047509613416 0.200488303214592 0.12740505655761 0.14234871356295 0.0944455567488949 0.153790566349761
"ufb92" 0.716342499599545 0.771094067426777 0.224648299881914 0.368266685125619 0.171047764416302 0.114107357103862 0.156631543901507
"ufb93" 0.710831232089717 0.76192041221847 0.223959092069238 0.356604090051604 0.17103711301089 0.117642586726022 0.161765966874403
"ufb94" 0.65562056554207 0.67175327037869 0.174803729277778 0.206244934134049 0.127370863851331 0.0644905088079136 0.122754375277844
"ufb95" 0.750777039223702 0.697623231295663 0.189991328865204 0.441785271432143 0.146121970270186 0.0854771329633016 0.110942509173679
"ufb96" 0.699922865816135 0.648623155951848 0.172305754674106 0.360269568212939 0.12733435306967 0.0784783350237564 0.0996944686048324
"ufb97" 0.688984214224917 0.691976504502271 0.198823676764032 0.228380042679024 0.139513624293457 0.092921976886055 0.142931134433199
"ufb98" 0.649389676935002 0.679967159095813 0.202540169009029 0.116109201404686 0.144413539857227 0.0596924722799383 0.162176638896212
"ufb99" 0.681392991132179 0.617017344022008 0.175741369516301 0.253241956385735 0.11997866644123 0.0689960181042466 0.114564619284022
"ufb100" 0.675148693821836 0.627110614250949 0.166699706341635 0.251923006094348 0.119063345594198 0.0747767088372245 0.108706135686606
"ufb101" 0.674653405932419 0.57880761877788 0.140097969266023 0.551421629088237 0.103158563823447 0.059968751188226 0.0270644686884624
"ufb102" 0.764471238130936 0.720745484772916 0.182070734339844 0.481341700420426 0.141192122187068 0.0822193757219909 0.102227620673744
"ufb103" 0.7578116662162 0.714019982629747 0.179166487829133 0.452254872352617 0.136822207073992 0.0821578642438187 0.107159620433011
"ufb104" 0.627350462625857 0.648803746171318 0.185983822898765 0.114518368380648 0.124276529954667 0.0664332764589277 0.144303913446322
"ufb105" 0.635630526018821 0.652302002295626 0.18724838956734 0.116219912326264 0.125759429423785 0.070394185108174 0.145047266480826
"ufb106" 0.615604707674207 0.571182262722083 0.148309469113017 0.194683340631522 0.100880783831726 0.0515942124830947 0.0967087507979467
"ufb107" 0.673307383998375 0.6909201250396 0.181601263406375 0.263315509122138 0.135447586263844 0.0770140848391698 0.120865265452822
"ufb108" 0.753832244340864 0.740435037251937 0.202577069523185 0.436374816542686 0.156610276486632 0.0874373171675634 0.11413120026504
"ufb109" 0.702272481687892 0.768260350846184 0.224259199395959 0.529139817286152 0.177923336529707 0.106368932593029 0.121675055870561
"ufb110" 0.703372635519232 0.627126399215622 0.159058172122925 0.482335891829925 0.118753528915778 0.0693098141367133 0.0657854204632154
"ufb111" 0.669954607479735 0.568217275209265 0.140373371508694 0.354839458514158 0.0986055126883035 0.0539026028537949 0.0649607473583708
"ufb112" 0.654395992997188 0.666244659847631 0.19367697202735 0.137668970675456 0.132252363953176 0.0723713092488007 0.150271345578885
"ufb113" 0.723471833334917 0.703363391597931 0.190382209247309 0.441254935110042 0.137915943741421 0.0821248417820551 0.10001249882668
"ufb114" 0.692501444116467 0.724975570882389 0.18826507905347 0.320066353117304 0.135277605009667 0.0898020606308069 0.123247165648985
"ufb115" 0.67816091954023 0.518816940159182 0.135762279306976 0.678077525348297 0.107231859854462 0.0482628227996588 -0.00736224721750977
"ufb116" 0.667342788342251 0.584012209014896 0.14178592209992 0.401966354447498 0.102809666621999 0.0620976081050676 0.0581801304222508
"ufb117" 0.689655172413793 0.726927214055217 0.183557341463677 0.689582854012976 0.14956046198884 0.069501527668518 0.0483480510803553
"ufb118" 0.810398617784969 0.815444531636004 0.182422839564552 0.666553674349626 0.145172475046577 0.0882427456165719 0.0747083250142673
"ufb119" 0.634089068865457 0.664695179957677 0.20135161120578 0.115955519730417 0.138975465277608 0.0822467639740305 0.157353847943487
"ufb120" 0.643006700100061 0.696026844049191 0.210979113325377 0.104566286038806 0.149939891993949 0.0585796195340594 0.171819484653136
"ufb121" 0.65644669228425 0.697810716119175 0.213755675606599 0.114433245627206 0.152347267715614 0.066302415477041 0.174687576637858
"ufb122" 0.690468759392383 0.700827045490879 0.200425658803781 0.187966757797269 0.140607665903325 0.084913016952582 0.149990801614624
"ufb123" 0.795704307385472 0.750160706742337 0.191222302317559 0.493742426932403 0.148528625245279 0.0895271241535518 0.112272529570954
"ufb124" 0.686046511627907 0.565110816055561 0.143071260336201 0.682076539311523 0.114401787485819 0.0513007562286594 0.00122079124409585
"ufb125" 0.896551724137931 0.899129447388342 0.20776675590774 0.896452042017886 0.181395117187095 0.0909676246463002 0.0765667339198804
"ufb126" 0.636841921571439 0.688371611023411 0.206857836616883 0.125959795098315 0.14554042653615 0.0619606473357884 0.167493666254699
"ufb127" 0.728261565932318 0.678080956019698 0.169604349810625 0.391509051998542 0.124573823767568 0.0769537537555788 0.103052152118631
"ufb128" 0.655856749213024 0.68961962352168 0.209478246534294 0.126003165356633 0.146413999875712 0.0658508952754679 0.169810997949979
"ufb129" 0.6800878903651 0.704022312517822 0.204790200247098 0.17232421644633 0.140046195140045 0.0751561727949237 0.158338980075613
"ufb130" 0.728579877004685 0.786361844698463 0.213164265132573 0.495419013873045 0.166738871063876 0.105756005575958 0.125692580913319
"ufb131" 0.682016427355484 0.73492049323523 0.215039731656893 0.229866022760933 0.158405804532631 0.0995549753787426 0.160367516138511
"ufb132" 0.681876932469958 0.7173641431819 0.208784804759626 0.229820185037897 0.152906446063361 0.09892780121882 0.156536620731739
"ufb133" 0.650971497182333 0.704800823248015 0.20664962197487 0.154635757767068 0.147284654208048 0.0950883464274573 0.156678476881127
"ufb134" 0.652060253523788 0.667870272442319 0.197790173035422 0.137217702107716 0.139653432855264 0.0607400031806356 0.157185605017584
"ufb135" 0.650688177482907 0.742649452099382 0.221572437550939 0.482270929884305 0.179178096417501 0.101308081397196 0.118632996015544
"ufb136" 0.667708703478417 0.566040130065826 0.149489615722036 0.349869786098638 0.104107931760923 0.0636703963682764 0.0746824928872747
"ufb137" 0.630632789866894 0.70378390642076 0.220790514114761 0.0924775378569538 0.157784176826401 0.0768891913089721 0.181685949807883
"ufb138" 0.614211879386465 0.522140284685303 0.13330148312588 0.505458915275609 0.0990572381321558 0.0574145605855957 0.0193745893563164
"ufb139" 0.685402655926577 0.693526111350885 0.191484879655043 0.318888371085878 0.14359308801958 0.0949218919228539 0.120364734937237
"ufb140" 0.683161650498195 0.700309983043663 0.198674348082064 0.199768651562162 0.141775570054326 0.0840864900198037 0.148168246542672
"ufb141" 0.694789893650433 0.612223322687261 0.164108506091332 0.385244294101718 0.118027938503442 0.0642950934722695 0.0824237910208986
"ufb142" 0.706025804035146 0.704466199984501 0.189274247968253 0.551487097419887 0.150853986183535 0.0841678313970942 0.0827049336914807
"ufb143" 0.616543394823817 0.583126972921369 0.154935735637583 0.172063609060336 0.108382977938461 0.0639729801795084 0.10710836306273
"ufb144" 0.693892104143345 0.736904274664415 0.216138800677675 0.232628913467185 0.161286998872228 0.104751503958721 0.161505158868099
"ufb145" 0.675706718464341 0.7012767692926 0.201663030612878 0.194811340126564 0.13939150102036 0.0785206815668404 0.153322240469319
"ufb146" 0.6531620508296 0.60956169823896 0.157854232054595 0.263994537894727 0.1119962388573 0.0676733598422386 0.0992485070855896
"ufb147" 0.694117647058824 0.805078313668668 0.219471931580305 0.693909492567937 0.180701296220239 0.0837167976911966 0.089669609234561
"ufb148" 0.697470006010841 0.744343059594238 0.220716650231268 0.229866022760933 0.162254962419789 0.103036825137793 0.166439830159376
"ufb149" 0.729411764705882 0.796150627615063 0.206940956741004 0.722796379457724 0.166685636676581 0.0782477177130869 0.0732910916176209
"ufb150" 0.62783089450901 0.691210191599804 0.208918009290963 0.0925313524169213 0.1490705750445 0.0527060140439075 0.16946239184997
"ufb151" 0.737548984061475 0.701522975700543 0.176481663465547 0.413291510315286 0.132347553300943 0.0856213887683401 0.110480649221886
"ufb152" 0.660434287510246 0.606582428068364 0.163157308899943 0.228872461506721 0.11511252729732 0.0584609933256465 0.104917204938869
"ufb153" 0.629958567109655 0.613412928615568 0.166668190125727 0.195008815617211 0.116856402616004 0.0597083629556639 0.121833177364286
"ufb154" 0.652331819098682 0.691100075847561 0.209987072421306 0.115721308255011 0.149834230717737 0.0626724600564133 0.170778208102599
"ufb155" 0.692130230526668 0.718287276040085 0.198093593350895 0.286214628732444 0.144455128095408 0.0822765406868063 0.127657830313556
"ufb156" 0.656071499485254 0.68181788002523 0.205061346108365 0.137333716543493 0.144502001634524 0.0599006464844947 0.164825425693008
"ufb157" 0.74337960435004 0.768077699731173 0.199874395826169 0.505717770265967 0.157386199587843 0.100143652723048 0.111128760515008
"ufb158" 0.781412213403658 0.723951664252678 0.180602933754612 0.482372562713127 0.137775460089912 0.0879257349926366 0.108722077260512
"ufb159" 0.63817144049108 0.548118785172086 0.132349071029493 0.355893872598128 0.0947890651083931 0.0539703355465031 0.0563434671618636
"ufb160" 0.621543521420405 0.622909253128164 0.171276709656056 0.114461274677957 0.118391410054516 0.0478237526644095 0.12969172388152
"ufb161" 0.599203272412403 0.571721052298742 0.144848538573038 0.160308113215631 0.097622995542419 0.0492706948948962 0.0948705086416324
"ufb162" 0.748790818913557 0.746885404360434 0.195728141646277 0.52373613790877 0.15619249946258 0.0788838914163979 0.0893710444218518
"ufb163" 0.684737210435744 0.594141190496466 0.149458096738352 0.424939276010752 0.108246005210769 0.0609019085987977 0.0551205562697428
"ufb164" 0.660010868089962 0.557669725904638 0.132949860723393 0.348625365564017 0.0934799074819519 0.0564132825509735 0.0568859928700793
"ufb165" 0.622997215261074 0.529411540803898 0.13382689696657 0.279297490453178 0.0938125772602898 0.0568498273654277 0.0734431032615719
"ufb166" 0.63447938726222 0.541905132009703 0.143853089195451 0.322254362720211 0.104375561274491 0.0616534535371919 0.0751680012795659
"ufb167" 0.782361942325715 0.746199808473045 0.188164545122115 0.503830703900244 0.147166115749651 0.102282936002677 0.116947024053491
"ufb168" 0.651493555270625 0.551848138031188 0.135480337233961 0.534722006127053 0.103141034086566 0.0597424261188879 0.0214957013123282
"ufb169" 0.703941661910333 0.63292331850301 0.173732153834427 0.421090742405121 0.131229919723059 0.0688445790829708 0.0815274032734839
"ufb170" 0.694549256061793 0.700441409879474 0.201481206133354 0.22849421736976 0.139033211616175 0.0911699792104368 0.148676286164876
"ufb171" 0.710254026522292 0.686283284851197 0.185495070383996 0.418029290709642 0.134245218720235 0.0810461517532438 0.0945798564814667
"ufb172" 0.703509547302856 0.695066567979751 0.188798812364492 0.385336357490053 0.133170307919892 0.090273094319976 0.109372856747841
"ufb173" 0.672637409248171 0.685472632964311 0.178918240568741 0.234157409920702 0.131613930787917 0.0757937642124842 0.117912029104907
"ufb174" 0.660093104358295 0.686136839763138 0.208984784847621 0.127433985231229 0.147029820496065 0.0635479113853002 0.169292775063117
"ufb175" 0.734396780947308 0.704242676386263 0.199523514362157 0.367356843159527 0.145400771402768 0.0861042445703312 0.121542423135054
"ufb176" 0.73765025967852 0.759751620981852 0.202973348023845 0.425065998402892 0.151596528564651 0.0987185708479469 0.125328333868732
"ufb177" 0.656616131603145 0.685830264234771 0.187257108909164 0.262044007851549 0.138207363194301 0.0974553811168241 0.126870969167902
"ufb178" 0.686833553636543 0.646250384497078 0.171611407861415 0.278712987491069 0.121217767136121 0.0753599479324807 0.11024640901078
"ufb179" 0.697674418604651 0.716084162338234 0.189098827818435 0.705800456092303 0.156055445564779 0.0704427983454125 0.0542526970366879
"ufb180" 0.703184617911707 0.744275106389801 0.202132223592963 0.354738856546282 0.148742887310735 0.104578567082941 0.138225033380951
"ufb181" 0.709233936228917 0.645990853658537 0.17477869767246 0.425954475012711 0.126456726165108 0.0695451588186417 0.0825097576219925
"ufb182" 0.697582955556052 0.703767915382253 0.186760397708473 0.307894754289789 0.139075831873123 0.0877499287664568 0.126344059798284
"ufb183" 0.687552663865926 0.684863491488825 0.185224007054131 0.306952817146937 0.137707696041549 0.0863988106752062 0.113555576755028
"ufb184" 0.684271061616806 0.713094613391972 0.197052394191758 0.316494107151875 0.148479258235838 0.0844582672889322 0.118591765632601
"ufb185" 0.669202178461616 0.600265676549689 0.142817201353605 0.413396312489832 0.101597938600339 0.065847560039128 0.0593118751899202
"ufb186" 0.612071011320488 0.532233080694825 0.131736015294532 0.287427618306749 0.0940307634463871 0.0558714648906522 0.0712100195794225
"ufb187" 0.614677645733133 0.580618403939617 0.152252045131406 0.174419825668294 0.106488330906835 0.0594361679285487 0.102750568583014
"ufb188" 0.713933159178307 0.683908823637952 0.171758234179781 0.332545119885437 0.128015461915344 0.0730692662836227 0.110339972865302
"ufb189" 0.733143907766502 0.782634197506159 0.218563418610738 0.460504622448877 0.171595564494917 0.109746550498483 0.142301949534597
"ufb190" 0.666666666666667 0.592371115339313 0.149156260977471 0.666458832703959 0.119277025078394 0.0521622732292282 0.00824988258395369
"ufb191" 0.68958596299247 0.704160431808465 0.20928329614212 0.264635540379469 0.151563438462318 0.0975611579228393 0.145848728125962
"ufb192" 0.719791404161607 0.782836704489393 0.226498357570211 0.368179954811118 0.172370276275015 0.121979487040219 0.158643895581441
"ufb193" 0.655357103967415 0.495356545138319 0.130646363832569 0.549342444513466 0.100744931645812 0.0582011128375 0.0160243812756391
"ufb194" 0.658323740720612 0.675173269972293 0.197038280909562 0.126020523341682 0.136892076321392 0.067095473601636 0.155934829485899
"ufb195" 0.647058823529412 0.654423480083857 0.187417244864548 0.638453304537888 0.149299568490234 0.0704820655542152 0.0526594575806257
"ufb196" 0.676950582859323 0.630817453398099 0.165529489774515 0.33287152764077 0.118607665885411 0.0728318088527359 0.0924304669743306
"ufb197" 0.651029664924602 0.677639172691646 0.203108262038885 0.137518820558951 0.140257611774348 0.0735861465524993 0.162316329731877
"ufb198" 0.651785907436209 0.652690510647095 0.187790767368195 0.137662498519293 0.131994349912022 0.0727244588114293 0.141832869963648
"ufb199" 0.650597024763792 0.643019641620012 0.178959879655256 0.171503778824383 0.12759780453225 0.0737264523761698 0.127209559410862
"ufb200" 0.646465335342175 0.709834787662679 0.224157512514497 0.11593935475657 0.161310539275414 0.0825803066453767 0.185604508147367
"ufb201" 0.716703508394357 0.713049233745736 0.189671132167442 0.528473006347748 0.147051788253363 0.0819126974016973 0.083153988031866
"ufb202" 0.694790826971481 0.65847019604245 0.179198649164064 0.309997827263591 0.128938259958422 0.0778259688541816 0.113495080905502
"ufb203" 0.728639277302118 0.798275453442819 0.227856051760552 0.425980789986473 0.178068552743252 0.117061438548104 0.152501463514497
"ufb204" 0.674418604651163 0.529315015479876 0.140419697477364 0.674234588270864 0.113330080045681 0.0512331527792723 -0.00255467491702285
"ufb205" 0.648503770675918 0.67067561362666 0.171543362038107 0.22256499714049 0.127302748924077 0.0632691211374627 0.116805759947733
"ufb206" 0.680236948031188 0.585283507538618 0.157906731129011 0.36193797812259 0.112298612908987 0.065546499997894 0.0755262084399109
"ufb207" 0.744758243883435 0.752637443398687 0.199185341140221 0.574763061818627 0.156955099923235 0.0933057310415157 0.0939188328991809
"ufb208" 0.782575795797601 0.801235710533557 0.205573175060845 0.620660307299605 0.164477530708891 0.101763508783617 0.101146342972843
"ufb209" 0.67370851309164 0.626553230059328 0.167815661692248 0.267268164962757 0.122273510119131 0.0721386252258523 0.10610419628783
"ufb210" 0.631250846139772 0.644051836021741 0.16842635319153 0.22879917635547 0.123437805711676 0.0694122803812751 0.101714072040079
"ufb211" 0.660548106410446 0.671255819766897 0.181749058897561 0.263116784140248 0.132083413469877 0.0754911632203446 0.109877667280421
"ufb212" 0.695662179406381 0.72580592132301 0.207883214118741 0.297588100692521 0.152146108102434 0.0836750414631271 0.130454966164251
"ufb213" 0.662696863225525 0.684587111824697 0.19701511535644 0.125868204805086 0.13393132816911 0.0661896525252696 0.153787679561059
"ufb214" 0.71266355131835 0.668579509913242 0.174592998544701 0.37900280612284 0.13031964150626 0.0770059790739125 0.102287932662254
"ufb215" 0.655205985971793 0.673788059610147 0.194558605759006 0.116170417278914 0.135540752784853 0.0659910497748479 0.152749849659387
"ufb216" 0.667653761457043 0.684567304063836 0.192900921415491 0.194818320852537 0.132743852381344 0.076745399545138 0.141993049985704
"ufb217" 0.648420190251635 0.65580228308782 0.18741554184244 0.149260770923298 0.129813532241845 0.0711024793033979 0.142654937607299
"ufb218" 0.825500824421565 0.794053344993441 0.198938905448699 0.597421007680942 0.160353620057847 0.0959558287329343 0.110089510568486
"ufb219" 0.663822125881275 0.606648653781411 0.161397985882366 0.252946516230642 0.109706240050219 0.0700694693747102 0.106016689592143
"ufb220" 0.669977308868365 0.682665027806883 0.206111168355733 0.172196195948938 0.142241559242992 0.0899679609601318 0.156030024068604
"ufb221" 0.642732491991395 0.629185501252006 0.175509412099743 0.171460301104868 0.123940650369178 0.0734462520371759 0.121030951044188
"ufb222" 0.820149175786434 0.714007066097453 0.150403723474797 0.698051581540328 0.118375081572437 0.072812927020285 0.0380636255216556
"ufb223" 0.620414504871381 0.694797781854105 0.215115634423412 0.0807982026817725 0.152839466901499 0.0861561093922948 0.174361257529648
"ufb224" 0.64563497709133 0.706983376711441 0.217409110369178 0.103036433894045 0.156218251466171 0.0582905808503974 0.178377430666803
"ufb225" 0.655172413793103 0.469183786785119 0.138000435754401 0.651014777522217 0.111334141686807 0.0494834125614043 -0.00475343455576422
"ufb226" 0.691242333952895 0.715338763039261 0.190207984697955 0.316755992520386 0.142164336349004 0.085262084097966 0.125254135247234
"ufb227" 0.639996293448764 0.659624116812223 0.167529911592068 0.263676242701176 0.12166443017532 0.0717730737545446 0.105591703171258
"ufb228" 0.701097166301317 0.642453519483182 0.16844423704 0.325412617962999 0.123736783870507 0.0713318930667846 0.101797572651857
"ufb229" 0.668551585891225 0.680384338904045 0.196720897665571 0.183074846714267 0.137881036208375 0.068793512058667 0.152472871963141
"ufb230" 0.642771282380046 0.705236162048288 0.215823893801741 0.0927952233117995 0.154935509364081 0.0617653155700946 0.176470037651299
"ufb231" 0.648329745870815 0.660494347899443 0.190677757927947 0.127701472329747 0.130747364729256 0.0724782614362697 0.147957321284082
"ufb232" 0.641083625730344 0.647094030154849 0.182654489843682 0.139416155015447 0.12796060197011 0.0657806957465674 0.138653972226706
"ufb233" 0.646242079901771 0.644361723590772 0.18412994825551 0.149233428861842 0.131362441957562 0.0740696767309811 0.136498464977496
"ufb234" 0.64382769635956 0.638239516251915 0.178523800035828 0.182993983494778 0.12971741159039 0.0741749706042343 0.124244515560567
"ufb235" 0.615704090615107 0.529020829749138 0.129707077605326 0.267535503000191 0.091501674057605 0.056043278830119 0.0721889327010597
"ufb236" 0.685833778893127 0.692934720891041 0.196510556568162 0.205483105645799 0.136816013085446 0.0844040444499734 0.145830363309664
"ufb237" 0.648632077642507 0.672621745363733 0.197906736015677 0.137518820558951 0.139012336600302 0.0677086168313742 0.156848543830039
"ufb238" 0.671474668465132 0.613419333221645 0.171827053534002 0.392941734822451 0.127987001126015 0.0671244527929659 0.0796150141725202
"ufb239" 0.628018235940452 0.582693406610919 0.155905466628171 0.195274652035403 0.108002280315014 0.0625348881996699 0.104816784596565
"ufb240" 0.630219961181983 0.655205038221449 0.186661149738515 0.126028220634787 0.128071578156609 0.0587659804806703 0.145842790006708
