"ci" "cci" "ri" "rc" "rhi" "rhiBar" "rci"
"1" 1 NA NA NA NA NA NA
"2" 1 1 1 1 0 0 1
"3" 1 1 1 1 0 0 1
"4" NA NA NA NA NA NA NA
"5" 1 NA NA NA NA NA NA
"6" 1 1 1 1 0 0 1
"7" 0.5 0.758398624801295 0.75 0.375 0.25 0.259000259000259 0.749293046341853
"8" NA NA NA NA NA NA NA
"9" 0.5 0 0 0 1 1.01386748844376 -0.0140209994187811
"10" NA NA NA NA NA NA NA
"11" 1 NA NA NA NA NA NA
"12" 1 NA NA NA NA NA NA
"13" NA NA NA NA NA NA NA
"14" 1 1 1 1 0 0 1
"15" 1 NA NA NA NA NA NA
"16" NA NA NA NA NA NA NA
"17" 0.5 0.896527483220681 0.875 0.4375 0.15 0.149932530361337 0.870693953025239
"18" 1 NA NA NA NA NA NA
"19" 0.666666666666667 0 0 0 1 1.01844262295082 -0.0185967341380592
"20" 0.666666666666667 0.960881292853868 0.952380952380952 0.634920634920635 0.0588235294117647 0.0607164541590771 0.947525991501501
"21" 1 1 1 1 0 0 1
"22" 0.75 0.671692239576498 0.666666666666667 0.5 0.333333333333333 0.339904826648538 0.665070464515628
"23" 1 NA NA NA NA NA NA
"24" 0.5 0 0 0 1 1.02092904543134 -0.0212837558478829
"25" 0.5 0 0 0 1 1.01971447994562 -0.0201694137608198
"26" 0.75 0.503759540196178 0.5 0.375 0.5 0.512557662737058 0.491106998600832
"27" 0.75 0.944831334447463 0.9375 0.703125 0.0769230769230769 0.0766400980993256 0.930516326439847
"28" 1 NA NA NA NA NA NA
"29" 0.666666666666667 0 0 0 1 1.01844262295082 -0.0185967341380592
"30" 0.666666666666667 0.806762867748192 0.8 0.533333333333333 0.2 0.207770621234158 0.7989228469378
"31" 0.6 0.896339777772985 0.882352941176471 0.529411764705882 0.142857142857143 0.144654997830175 0.868771371877052
"32" 0.5 0.808994223222799 0.8 0.4 0.2 0.207986688851913 0.800910891838274
"33" 0.428571428571429 0.343781132710934 0.333333333333333 0.142857142857143 0.666666666666667 0.691204423708312 0.318468674835207
"34" 0.5 0.255785042725758 0.25 0.125 0.75 0.77120822622108 0.234084519718314
"35" 0.6 0.507634774494265 0.5 0.3 0.5 0.51413881748072 0.49327792396376
"36" 0.75 0.959949986473467 0.952380952380952 0.714285714285714 0.0625 0.06156877231868 0.945775365701718
"37" 0.428571428571429 0.687921408211035 0.666666666666667 0.285714285714286 0.363636363636364 0.356728796932132 0.663732530525027
"38" 0.5 0.84790071644216 0.833333333333333 0.416666666666667 0.181818181818182 0.177588350204227 0.836752998560353
"39" 0.4 0.41037789075805 0.4 0.16 0.6 0.619834710743802 0.390023843760892
"40" 0.6 0.507634774494265 0.5 0.3 0.5 0.51413881748072 0.49327792396376
"41" 0.6 0.338409930231624 0.333333333333333 0.2 0.666666666666667 0.684462696783025 0.320341899957395
"42" 0.5 0.872228437410548 0.857142857142857 0.428571428571429 0.166666666666667 0.167322011210575 0.847231635993692
"43" 0.428571428571429 0.756927238926538 0.733333333333333 0.314285714285714 0.307692307692308 0.300797112347721 0.721581739579973
"44" 0.333333333333333 0.818446819224383 0.789473684210526 0.263157894736842 0.266666666666667 0.262260687123 0.764441162485982
"45" 0.272727272727273 0.712879248987708 0.666666666666667 0.181818181818182 0.421052631578947 0.416905518786805 0.622830391312389
"46" 0.333333333333333 0.829473254022576 0.8 0.266666666666667 0.235294117647059 0.236560411615116 0.791238151354572
"47" 0.666666666666667 0 0 0 1 1.01844262295082 -0.0185967341380592
"48" 0.428571428571429 0.442041192651278 0.428571428571429 0.183673469387755 0.571428571428571 0.599970001499925 0.412591195584804
"49" 0.25 0.690675383218575 0.64 0.16 0.45 0.453446191051995 0.589030406663219
"50" 0.333333333333333 0.763978654750162 0.727272727272727 0.242424242424242 0.3 0.304460344040189 0.73036683250858
"51" 0.285714285714286 0.464366461383757 0.444444444444444 0.126984126984127 0.555555555555556 0.580046403712297 0.438754791881709
"52" 0.5 0.878010761990913 0.857142857142857 0.428571428571429 0.2 0.198360222163449 0.820787880102538
"53" 0.428571428571429 0.442041192651278 0.428571428571429 0.183673469387755 0.571428571428571 0.599970001499925 0.412591195584804
"54" 0.3 0.737220019676895 0.695652173913043 0.208695652173913 0.411764705882353 0.422756371542457 0.610985345030578
"55" 0.375 0.815280973794276 0.782608695652174 0.293478260869565 0.277777777777778 0.285844957694946 0.74341581815667
"56" 0.333333333333333 0.798777151075226 0.76 0.253333333333333 0.285714285714286 0.288447670785058 0.747314879547418
"57" 0.25 0.690675383218575 0.64 0.16 0.428571428571429 0.432671506177588 0.611566338176716
"58" 0.375 0.297058223466642 0.285714285714286 0.107142857142857 0.714285714285714 0.735618655289098 0.274872380332919
"59" 0.375 0.841785290218035 0.807692307692308 0.302884615384615 0.238095238095238 0.239693192713327 0.791810972757699
"60" 0.25 0.331075960169697 0.307692307692308 0.0769230769230769 0.75 0.734873846656324 0.285228280970075
"61" 0.3 0.488216606786183 0.461538461538462 0.138461538461538 0.583333333333333 0.570357695754909 0.45442189070003
"62" 0.375 0.815280973794276 0.782608695652174 0.293478260869565 0.277777777777778 0.271458819697052 0.758482071778436
"63" 0.272727272727273 0.498034051646669 0.466666666666667 0.127272727272727 0.571428571428571 0.573888091822095 0.454657977714077
"64" 0.5 0.870624224619396 0.85 0.425 0.176470588235294 0.180516276550936 0.839149831009025
"65" 0.3 0.440678079315778 0.416666666666667 0.125 0.583333333333333 0.611033519553073 0.411345030872405
"66" 0.153846153846154 0.529140281440054 0.476190476190476 0.0732600732600732 0.611111111111111 0.614250614250614 0.428108871611126
"67" 0.333333333333333 0.56484937277386 0.538461538461538 0.179487179487179 0.461538461538462 0.486460191341009 0.53865564039685
"68" 0.2 0.503709437587359 0.454545454545455 0.0909090909090909 0.631578947368421 0.627418174213113 0.412469774860432
"69" 0.333333333333333 0.73508542153255 0.7 0.233333333333333 0.352941176470588 0.361032553101871 0.670637299839899
"70" 0.214285714285714 0.668014145792328 0.607142857142857 0.130102040816327 0.5 0.491773962804006 0.558084421245129
"71" 0.2 0.651370863199458 0.586206896551724 0.117241379310345 0.521739130434783 0.517486739402303 0.534932127046666
"72" 0.25 0.674301997081266 0.625 0.15625 0.45 0.448721144737498 0.59415369025412
"73" 0.272727272727273 0.697216380701399 0.652173913043478 0.177865612648221 0.421052631578947 0.417798203467725 0.621871348032309
"74" 0.333333333333333 0.56484937277386 0.538461538461538 0.179487179487179 0.5 0.504413619167718 0.519792234794564
"75" 0.25 0.690675383218575 0.64 0.16 0.45 0.441934691873312 0.601514474356787
"76" 0.2 0.597592872910598 0.538461538461538 0.107692307692308 0.571428571428571 0.58343057176196 0.461393572677254
"77" 0.2 0.554484682059409 0.5 0.1 0.6 0.600090013502025 0.44285446359443
"78" 0.2 0.597592872910598 0.538461538461538 0.107692307692308 0.6 0.61053167133045 0.431241223524296
"79" 0.25 0.506811160198141 0.470588235294118 0.117647058823529 0.5625 0.579076051988161 0.453170523221929
"80" 0.3 0.440678079315778 0.416666666666667 0.125 0.583333333333333 0.612369871402327 0.409930127722103
"81" 0.166666666666667 0.456762537229802 0.4 0.0666666666666667 0.681818181818182 0.693834127387946 0.349055376695711
"82" 0.176470588235294 0.522143060653367 0.461538461538462 0.081447963800905 0.636363636363636 0.649923401884778 0.395267152324892
"83" 0.176470588235294 0.522143060653367 0.461538461538462 0.081447963800905 0.666666666666667 0.665019950598518 0.378144578422241
"84" 0.25 0.637182295341937 0.590909090909091 0.147727272727273 0.473684210526316 0.469385626369041 0.571756788327323
"85" 0.15 0.506361272000807 0.433333333333333 0.065 0.708333333333333 0.724020442930153 0.321250418287748
"86" 0.125 0.270445200971562 0.222222222222222 0.0277777777777778 0.954545454545455 0.950699443161755 0.0597869489301299
"87" 0.15 0.528062746651536 0.451612903225806 0.067741935483871 0.708333333333333 0.71763265650724 0.328723697549894
"88" 0.214285714285714 0.710666034275962 0.645161290322581 0.138248847926267 0.458333333333333 0.461486826648767 0.591631139234663
"89" 0.1875 0.148767949088185 0.133333333333333 0.025 0.928571428571429 0.929368029739777 0.0787815101328716
"90" 0.157894736842105 0.470375451775045 0.407407407407407 0.064327485380117 0.727272727272727 0.730693702333653 0.310103364175667
"91" 0.142857142857143 0.16776094216576 0.142857142857143 0.0204081632653061 0.947368421052632 0.963391136801541 0.0429369098065473
"92" 0.15 0.506361272000807 0.433333333333333 0.065 0.739130434782609 0.740321386578409 0.302190543239409
"93" 0.15 0.483223334997134 0.413793103448276 0.0620689655172414 0.739130434782609 0.747384155455904 0.293937118880827
"94" 0.176470588235294 0.544960289456805 0.481481481481481 0.0849673202614379 0.666666666666667 0.655369347439378 0.389089014229289
"95" 0.136363636363636 0.437612624318223 0.366666666666667 0.05 0.791666666666667 0.809199318568995 0.226721538742638
"96" 0.142857142857143 0.472334187174035 0.4 0.0571428571428571 0.75 0.763132233857633 0.278570542000653
