NaN NaN NaN 0.5706922 0.5401593
1 NaN NaN NaN NaN
NaN 1 NaN 1 NaN
0.5943366 1 0.4019137 NaN NaN
0.786005 0.3985561 0.4024702 0.4597467 0.5706922
0.7852144 NaN 0.4827364 0.3257835 NaN
1 0.2139049 0.8294479 0.3283396 0.6604076
0.4618676 0.6425421 0.3036171 0.4082334 0.2405066
0.2525826 0.4578059 0.489194 0.5422686 0.2704413
0.1433648 0.3468413 0.3465517 0.2743884 0.2966832
0.2513153 0.3013397 0.2482891 0.3301968 0.4504108
0.4872482 0.2610355 0.2438832 0.2397002 0.4369776
0.2055151 0.2988335 0.3975369 0.3207627 0.358509
0.16796 0.2027358 0.2686128 0.2772529 0.2166219
0.3237675 0.1952144 0.2513177 0.1655156 0.2732855
0.1947998 0.2128358 0.216193 0.1430211 0.5860244
0.1433702 0.3099455 0.1443838 0.2847621 0.1613891
0.1423276 0.2229162 0.1321763 0.136522 0.2042345
0.1780225 0.1565421 0.2024714 0.235437 0.1442277
0.1421438
