"quartet" "cluster" "phylo" "mutual" "shared" "clusterNorm"
"mb49" 0.819735403698994 0.236737043437929 0.625942789750992 0.179315044247716 0.111672955443987 0.13697275909111
"mb50" 0.949782372143634 0.263870606038681 0.88740194156651 0.21327423176826 0.106347773406104 0.144492269251739
"mb51" 0.758379363972757 0.210505540133418 0.572305688604949 0.156415479094322 0.0962247706171204 0.107576354145478
"mb52" 0.689953149401353 0.193630231712398 0.411557205937855 0.135961484898843 0.0807346113620262 0.104399240908437
"mb53" 0.794364710665871 0.213647605944772 0.521237639333363 0.154763343514608 0.10705998859401 0.136646687747685
"mb54" 0.899945125297238 0.260513156313069 0.799839378286808 0.205296144566199 0.101894970085321 0.140590340841568
"mb55" 0.713211138743054 0.196065551953361 0.536883956142754 0.140024266888069 0.0844150001037654 0.0915704030411039
"mb56" 0.718971270448441 0.203981618112529 0.662329164216639 0.152201609620976 0.0718859147863414 0.0748910652000986
"mb57" 0.822809917355372 0.220625778659124 0.762286135556126 0.17095918504469 0.0827847105147388 0.0942344145300346
"mb58" 0.847875677216995 0.227977964139202 0.772025889632267 0.176767305384418 0.0848781351880405 0.102242281020813
"mb59" 0.831663904302083 0.226388278096565 0.674823162725836 0.174095488403971 0.100873707278369 0.125834467674602
"mb60" 0.858701353194168 0.21675430896361 0.694619329001621 0.161821917182313 0.101568687292782 0.114130889158734
"mb61" 0.715186184272953 0.203748787044954 0.416534964946335 0.146232426834167 0.0757356761711999 0.115381155158227
"mb62" 0.873027930349421 0.245012945353174 0.781887990380033 0.190749156804403 0.0927436252287614 0.121057519754238
"mb63" 0.664123012428971 0.185899821936426 0.277090473650505 0.12811798462171 0.0743639950417014 0.0957878617429148
"mb64" 0.848102415108044 0.180732112472636 0.824751533923486 0.138987378201244 0.0675952425374119 0.0478711798726439
"mb65" 0.8509130108124 0.185315885152497 0.774702228239565 0.139962697666477 0.0872350903504785 0.0794234979009161
"mb66" 0.748359221176985 0.215696741807994 0.499743473773045 0.154507916859938 0.086681843986486 0.113264360729499
"mb67" 0.61930494872123 0.174115710090927 0.0867950828407959 0.107909791634072 0.0508684414074469 0.131120764068792
"mb68" 0.719886715638552 0.188921489551588 0.468936095078645 0.143853088793122 0.0644865551331273 0.056990158628495
"mb69" 0.686507501249193 0.178574815767661 0.27388219752135 0.11726597201836 0.0761371686064068 0.116045061784672
"mb70" 0.606894803112003 0.168370072147152 0.0864717351382806 0.106180791413696 0.0427983978713463 0.125078143997498
"mb71" 0.59749158612863 0.165078805432238 0.0862366625849959 0.102435169704858 0.0422191094031707 0.121004440048911
"mb72" 0.63889419644204 0.166496979672176 0.150279705418102 0.104810108416318 0.0628868299658111 0.114264873295228
"mb73" 0.819717707442258 0.149754729027677 0.874884193989616 0.117986099352594 0.056821666525597 0.011870184350778
"mb74" 0.612346533762572 0.167897825395137 0.0754413405964659 0.105040550016915 0.0462829331636454 0.124327328465102
"mb75" 0.710262599663521 0.214706030413681 0.645331974354068 0.162954658302137 0.0755324328652174 0.086166403390674
"mb76" 0.754852875454198 0.198450435945687 0.387010344192801 0.138209705583441 0.0863566285494045 0.127483986181359
"mb77" 0.616238685450086 0.167278946345137 0.287358195658819 0.114666876801192 0.0680584163403977 0.0994695864354238
"mb78" 0.598915400319586 0.168348491986155 0.208888636444706 0.106997798692893 0.0623411813518993 0.104885656625342
"mb79" 0.879300499643112 0.220992921458251 0.80494492268074 0.174551158234751 0.0829604363607329 0.0926997199342088
"mb80" 0.677949825951266 0.143440147126411 0.772025889632267 0.109754473595846 0.0502161054252551 0.00437146173717641
"mb81" 0.670553935860058 0.145877625243162 0.743438559194059 0.108438053443669 0.0472266530300229 0.00619483461637304
"mb82" 0.762310931846491 0.169994945059812 0.612158985920987 0.121429379919162 0.0830237882070519 0.0889883576820109
"mb83" 0.626413023596122 0.164900230822166 0.399220745764486 0.113761910777124 0.0655029728072321 0.0728036150307225
"mb84" 0.753909618083146 0.189129686989888 0.530794987399765 0.135956992645826 0.0872321549789925 0.099241371017169
"mb85" 0.765944217445372 0.198288558872771 0.717700196176387 0.152653545465362 0.0660001206890878 0.0664171620799656
"mb86" 0.865394149727318 0.15181886427649 0.884461970433438 0.118467724560797 0.0574381026308571 0.0134369410969739
"mb87" 0.832665818742727 0.219311892591879 0.588609205043404 0.160040143140836 0.10837381537978 0.132744078443962
"mb88" 0.639658062149515 0.167325249747152 0.150243548536417 0.104816996915253 0.060825268280661 0.11832979350648
"mb89" 0.585582301987336 0.145511445411854 0.148486299636793 0.0889281353686131 0.0440147065269067 0.0920715457493699
"mb90" 0.671804050246926 0.170745972593313 0.447728857974057 0.125502497956712 0.0741288370531828 0.0790953951824234
"mb91" 0.796611563450942 0.182834997485207 0.781838856328918 0.141740715240119 0.0694350678995874 0.047634854206017
"mb92" 0.784582454795221 0.195297839213915 0.623763574474791 0.142611322696967 0.0845978180967622 0.0901872331104381
"mb93" 0.740972181502919 0.165695705235325 0.536967734592827 0.114846645998676 0.0800628417474223 0.0919352359565023
"mb94" 0.634761405938367 0.167716065759469 0.225857280541953 0.110733446749283 0.0638820330239045 0.0997864900355439
"mb95" 0.625779268535766 0.176764147038799 0.300051517128216 0.121342739355432 0.0761319524538156 0.103996037066292
"mb96" 0.596067268413354 0.164416076458145 0.110829478693758 0.0999515005749957 0.0459449144577675 0.11759219544374
"mb97" 0.589556510078821 0.16360024169345 0.098695674929101 0.100784280064153 0.0441127236922874 0.118963219704225
"mb98" 0.569278838034116 0.148262650295726 0.201583102127591 0.0919362745186424 0.0589113143337014 0.0726427891705393
"mb99" 0.632432093639091 0.162999928281874 0.20057005207235 0.103978863913592 0.0603910436212744 0.10280876087649
"mb100" 0.637328974893664 0.16369511462586 0.175410012849749 0.10416923219757 0.0617600178989905 0.106614136651372
"mb101" 0.695739543735859 0.181135172603541 0.286364588672065 0.121310955042376 0.0737815184343816 0.114413434470176
"mb102" 0.599776175143581 0.164299543106014 0.088539131785345 0.102500239068672 0.0353449824988769 0.120542425922209
"mb103" 0.598920487565855 0.164109306221315 0.088539131785345 0.102671864054719 0.0387470000186871 0.120344488382879
"mb104" 0.593284468114531 0.150673280353268 0.16098827728012 0.092621773480561 0.0502748551710488 0.0954037678580871
"mb105" 0.831481024121182 0.197302844761013 0.73992656357432 0.14886133116487 0.06940149205152 0.0657361777457891
"mb106" 0.728223210179365 0.186308331826939 0.537130915753826 0.140741587426906 0.0763125764402425 0.0965726478975672
"mb107" 0.624903663656755 0.160911559169475 0.162916424183347 0.100881878958287 0.0594705243836465 0.106182503097639
"mb108" 0.704035874439462 0.16494665022693 0.756228640525487 0.128707682678296 0.0607876714116537 0.0274633132720127
"mb109" 0.761700965215808 0.185778657538368 0.740135780950288 0.145587911814027 0.064525306914356 0.0524150846255494
"mb110" 0.825173708170274 0.19994372366913 0.771900994410558 0.151935085247719 0.0733195462765836 0.0689877513328595
"mb111" 0.698447584855748 0.164929155642718 0.410536506049706 0.110048634822773 0.0783008095301251 0.101258962738414
"mb112" 0.630817977666349 0.174432259007663 0.328028176884083 0.117503773495714 0.0649474230857534 0.0936718011222546
"mb113" 0.577001969149984 0.151627855736836 0.24890500823409 0.101040823585595 0.0598292280569287 0.090661187615437
"mb114" 0.842443729903537 0.190163368155064 0.791941250859456 0.145504015229205 0.0698788701877461 0.0575422367864053
"mb115" 0.594988514413692 0.155476376868426 0.122818297855897 0.0941301828234437 0.0404278554383967 0.108164928150218
"mb116" 0.60600852545765 0.157948798626939 0.257857262361193 0.105411139591928 0.0632128189438223 0.0755219190191433
"mb117" 0.594366932691544 0.168290171202472 0.211987237931451 0.109056707866382 0.0645976892691134 0.100402171028066
"mb118" 0.723539121822384 0.180611734972761 0.57183833397556 0.131767638077053 0.0763104513243809 0.0736617445911604
"mb119" 0.634863579249686 0.165123396521345 0.152114224888208 0.103617289508299 0.0607634918145793 0.114515072840441
"mb120" 0.580338975212727 0.159505265195809 0.219138034027636 0.103795658957319 0.0586458009861804 0.0770637002542933
"mb121" 0.796801792625789 0.186088419360709 0.779016121568932 0.144498311841742 0.0669399503491896 0.0508242286298552
"mb122" 0.585030370931778 0.154830446966859 0.0745913187811188 0.0951471933840633 0.0465142150640744 0.109721306751742
"tnt1" 0.62840383344349 0.171125901490403 0.37721179125267 0.11942519348926 0.0664003769962269 0.0792594895586262
"tnt2" 0.613833687477059 0.167024559208693 0.0872050199368785 0.101729167668047 0.0530854472767448 0.121947477884075
"tnt3" 0.595339616436718 0.151542178305704 0.185433307435711 0.0977573995397402 0.0418023997186424 0.101656145583024
"tnt4" 0.592516938302861 0.152418992679356 0.123145226635571 0.0951403718779675 0.0366033413276466 0.106556159283646
"tnt5" 0.627722243418543 0.166325359675291 0.197702186929714 0.102695235172657 0.0590790919674791 0.112046951648779
"tnt6" 0.622134026916788 0.164692774687111 0.175031944887303 0.103466779215586 0.0538102529192374 0.112398743030815
"iq1" 0.690297629270589 0.160040765729232 0.460530921689519 0.107982178759243 0.0770078832675068 0.0915357749662014
"ufb1" 0.711576269226321 0.199067440399621 0.529078296329016 0.143753060682329 0.0803183532637069 0.0947230315372626
"ufb2" 0.678614684605061 0.160536663756061 0.365151464790403 0.107560187311802 0.0662135105300104 0.100144842495258
"ufb3" 0.746341292626567 0.1754933776093 0.633957827898068 0.127232163498718 0.0756129705957485 0.0675480322320295
"ufb4" 0.614735925638088 0.163763337511183 0.136689543441379 0.101892155259732 0.0452722093594447 0.119110097141159
"ufb5" 0.498320938642883 0.126195250569746 0.198471001790343 0.0821262905407916 0.0511204551158546 0.0664984321310005
"ufb6" 0.565218509217755 0.145140512497193 0.299431186395602 0.0952533577597186 0.058513845826934 0.0692309747716821
"ufb7" 0.590987367520775 0.157536158408249 0.327878854803299 0.10325709247973 0.0608721222073378 0.0748805490735201
"ufb8" 0.611813690047562 0.160504819765722 0.138414702248882 0.100236517970564 0.0471786770628353 0.11507358244052
"ufb9" 0.829371165644172 0.170123436419547 0.849848698835829 0.134136430173102 0.0650192335954646 0.0355420914666202
"ufb10" 0.655538582551499 0.168552216094618 0.227494047907657 0.10956040450104 0.0733523293178666 0.114358222734959
"ufb11" 0.585444533216498 0.154831759121358 0.0880507359528908 0.0960009514091699 0.0499163042459257 0.109118536483205
"ufb12" 0.609385083670717 0.165812096736639 0.0880680436372841 0.104478102594627 0.0448916663128551 0.121772295919413
"ufb13" 0.564117680403605 0.158072052733677 0.28676918647794 0.103194759397347 0.060805428419423 0.0759018184440106
"ufb14" 0.595452385083702 0.162477871443224 0.301520891838723 0.106329269736841 0.0596801433961852 0.0882052048520214
"ufb15" 0.577463028299046 0.158513602097821 0.227423336675842 0.101377648878159 0.0551169262092489 0.0898223891178876
"ufb16" 0.585006425870855 0.160777611907743 0.110420531033284 0.0964581345727956 0.0497521367254766 0.111462977902085
"ufb17" 0.486933333333333 0.149787335936213 0.589642271966549 0.105061000640275 0.0418896739846295 0.0116381105326786
"ufb18" 0.705969006441733 0.156529971072425 0.525353747786565 0.109842905323107 0.0724019859587618 0.0819591633386968
"ufb19" 0.592539007723641 0.154641609403868 0.260686819016672 0.0973736404945654 0.0651723272996768 0.0995785228419321
"ufb20" 0.585657271962663 0.14530294933942 0.322066329953237 0.0960756669325495 0.0597947890772135 0.0696361114486864
"ufb21" 0.60396332852421 0.163639530029508 0.161148423235423 0.103195381901514 0.0550243442047175 0.117648898745646
"ufb22" 0.751244920153397 0.18209060879962 0.654249893052411 0.136790401714099 0.0827529983814564 0.0747625698093105
"ufb23" 0.592696939374073 0.15782137495623 0.135239161294744 0.0954929244030784 0.0512792273668408 0.109592030072413
"ufb24" 0.661441388490328 0.169758885429142 0.21652636519296 0.107677332929305 0.0647567264535996 0.110131131649602
"ufb25" 0.60172766282492 0.154900519125402 0.377776052571864 0.108819291131626 0.0662586823795013 0.0720911091752772
"ufb26" 0.578398806298905 0.157123279765084 0.240267818299538 0.105539473284388 0.0585166917155749 0.0928570793653528
"ufb27" 0.559136852238088 0.147224652231933 0.226771404329204 0.0964620787547422 0.0551375765760441 0.0889994976428369
"ufb28" 0.604348862365473 0.161434361372129 0.3663699020116 0.107551856188684 0.0619165401889915 0.0688058551499344
"ufb29" 0.715598441775421 0.164887386908118 0.486814070472527 0.113791901175816 0.0787588164709736 0.0909299665945924
"ufb30" 0.592479724748095 0.160118766993883 0.302847319566545 0.107003796687695 0.0429839862287764 0.0777105297699583
"ufb31" 0.544446351370126 0.145074244352936 0.236693791040707 0.091899087472005 0.0486229438872771 0.0694906409473387
"ufb32" 0.637322646349348 0.169449018105241 0.222124333148351 0.105970001213401 0.0611972545772831 0.109806430353559
"ufb33" 0.626032850697414 0.166144964014021 0.187156648095812 0.10397058523809 0.0569185157643118 0.109260165902468
"ufb34" 0.572672771703745 0.146545098127024 0.326502689718754 0.0991087532639771 0.0617660491925501 0.0707833887720685
"ufb35" 0.591631969394217 0.156951501845764 0.161134703215305 0.0990446602737727 0.0541850377293005 0.109698400219645
"ufb36" 0.589751072373485 0.158972422903766 0.112391460709673 0.0990660650293776 0.036509548048964 0.112716438883099
"ufb37" 0.588976157598149 0.158698391479405 0.112567401468189 0.0988702198269217 0.0392005506847955 0.113165676020821
"ufb38" 0.6494506204098 0.16322696017332 0.223600414536538 0.107618024198865 0.0588653158264199 0.103172061894364
"ufb39" 0.774496471625992 0.167924782103208 0.662280026620871 0.126654696745632 0.0769257544959938 0.0761617203942259
"ufb40" 0.561659315309241 0.157082941707067 0.134432779366961 0.100993408637804 0.0537668005289066 0.0995375081006892
"ufb41" 0.600114621479133 0.165847369456944 0.0989523779784742 0.100856897164285 0.0455166553256418 0.122624520750051
"ufb42" 0.604548537211185 0.162366923598233 0.136512433313467 0.0984307772308438 0.0523343790320531 0.116291850613876
"ufb43" 0.550760160312676 0.159459221574748 0.399585858208536 0.106319143756827 0.0501004802468323 0.0502059932527346
"ufb44" 0.651591240631131 0.170630238631342 0.213857895334911 0.107732970855175 0.0587007267759581 0.107446360111526
"ufb45" 0.54406887854396 0.133900809351547 0.262537907235443 0.0857591809055066 0.0555226845820594 0.0676587353007686
"ufb46" 0.646113778279833 0.183536073112697 0.427028054253201 0.127320384198928 0.0661115244492636 0.0768766855917178
"ufb47" 0.652255639097744 0.142110687358539 0.607965524298614 0.0983947179947623 0.0570970729489216 0.0298723178577168
"ufb48" 0.588555969296182 0.1596023238195 0.100057432498811 0.0986601690036452 0.0315833228309737 0.115230161619572
"ufb49" 0.59227855618967 0.161021019573884 0.100182750551651 0.100108070707927 0.0360915926451284 0.117088105569631
"ufb50" 0.632201587315538 0.164277169511449 0.188780959850787 0.100838173326687 0.0566762621275918 0.107299272370234
"ufb51" 0.605569874379596 0.166081441403971 0.0624704289876671 0.104077670394793 0.0448166640666515 0.12282018307151
"ufb52" 0.606676275454128 0.16765818434976 0.101692670112006 0.103141037270296 0.0504688252291115 0.124075431817666
"ufb53" 0.589459436373552 0.159163058159032 0.111604185480648 0.0979909085811862 0.0406628867730733 0.114765372848775
"ufb54" 0.512915048649592 0.128249685032956 0.137201508999852 0.0802549147432586 0.0447915605521542 0.0769530166326481
"ufb55" 0.569363219829088 0.15104880748599 0.227822968460257 0.101786818591863 0.056382041394133 0.0900366891607458
"ufb56" 0.559916886239674 0.141156163544741 0.11151524558489 0.0902223641210079 0.037382457547949 0.093044506385028
"ufb57" 0.667427041987925 0.174999106647211 0.467975846324325 0.12766875457513 0.0634407162144532 0.0838149960252714
"ufb58" 0.59544261365737 0.15929829874117 0.0876446239658752 0.101339932788752 0.0300374228769638 0.115685207597428
"ufb59" 0.563808892564396 0.150496931809508 0.136534738282173 0.0915377269725558 0.0469237147322322 0.104498133754933
"ufb60" 0.552359202145491 0.146867594656256 0.148930675954776 0.0891803287955471 0.0469111380580381 0.0999070338893664
"ufb61" 0.713896044855281 0.164666024417484 0.55100246275509 0.117776852922955 0.0677904353114706 0.07207906197307
"ufb62" 0.598335823976462 0.165452504614463 0.26598387997703 0.106854016424051 0.0613806486515541 0.0972677828408795
"ufb63" 0.59232106286678 0.154028920605556 0.238637609693599 0.0981214738261796 0.0634129945544219 0.101041863894628
"ufb64" 0.596750986758959 0.163250078580448 0.286528005324026 0.110382134168497 0.0467328445866968 0.0813361554213863
"ufb65" 0.499049024103351 0.127386971121909 0.200630515360223 0.0828087224475843 0.0512477930760323 0.0646367781358872
"ufb66" 0.605833333333333 0.161245057994908 0.357983637876629 0.109706189995008 0.0668424894537288 0.079140843295892
"ufb67" 0.716753387390719 0.203381591529111 0.499670420560982 0.147546799087813 0.0766792122398909 0.0998373791599684
"ufb68" 0.602482858923748 0.163841467903823 0.306600806284903 0.111814234248419 0.0593002410652185 0.0819085380804703
"ufb69" 0.577999867189056 0.158533261078273 0.0866419592005782 0.0936170586114303 0.0377543752077372 0.114096091473531
"ufb70" 0.581891182349032 0.157088393927356 0.0868101985834437 0.0934825482816135 0.0348505131516896 0.11320073588617
"ufb71" 0.611321776814735 0.179465099483683 0.599555417056507 0.12996361665639 0.0579219922137302 0.046398694986292
"ufb72" 0.601343707202826 0.16696496968536 0.294159945391334 0.115367252935065 0.050194686721257 0.0852491415211209
"ufb73" 0.491272260477919 0.139856108142501 0.184692497298287 0.0909612281489855 0.0489754680060914 0.0741430478462694
"ufb74" 0.475151142914228 0.129823289171524 0.172409257953561 0.0819942012123491 0.0423664908991358 0.06717379870399
"ufb75" 0.492046872304662 0.123635542999628 0.148795579386836 0.0757241529562771 0.0354650705638854 0.0720914759415918
"ufb76" 0.508132379782412 0.127214944837425 0.148822847603708 0.0790235778943003 0.0349961242414836 0.0771790097103466
"ufb77" 0.699485795291078 0.179198950146257 0.267727944601435 0.119260406788067 0.0728411428200548 0.11226073676852
"ufb78" 0.558282876682493 0.154608210535133 0.198511137843203 0.0990590154229815 0.0521733107414056 0.0797004485025419
"ufb79" 0.547292794785501 0.14910016332089 0.176053851103667 0.0944906564074331 0.0467801953785187 0.0797067326864736
"ufb80" 0.594056911676616 0.157806061243816 0.13586195100641 0.0987779161870257 0.0446921671959779 0.108316171600469
"ufb81" 0.592213599624157 0.158753172673498 0.125130241905036 0.0989108043386497 0.047159249705581 0.110561854685252
"ufb82" 0.525265718017382 0.133117633989829 0.199977506358341 0.0848506349554986 0.0520605364961207 0.0765279191929022
"ufb83" 0.614915118917556 0.162414231662044 0.404525940165262 0.110690433836171 0.0634829673059205 0.0804817675967419
"ufb84" 0.590573838528368 0.151321845437487 0.3626099184821 0.100706956034465 0.0577414627296166 0.0761507115490933
"ufb85" 0.572139212383115 0.145138701389263 0.341696885574159 0.09557302288705 0.0597852472490061 0.0753159935649945
"ufb86" 0.593427842295196 0.147892064906642 0.365151455927843 0.103071334276133 0.0615901917818752 0.0644332480006557
"ufb87" 0.550449165686448 0.159638810467069 0.223372899953297 0.10406545024996 0.0546436130141844 0.0774009991966616
"ufb88" 0.829024058335687 0.211879225985086 0.666980774130589 0.156545311386804 0.0952754007514744 0.108979173936591
"ufb89" 0.504027840913325 0.134599292089738 0.160773132929197 0.087547018872823 0.0418898447234091 0.0721811716188608
"ufb90" 0.543472974850632 0.151685735240247 0.211162932318249 0.0982702019692675 0.0557874948292712 0.0824906303314158
"ufb91" 0.523956281077024 0.14163615189602 0.201330350073178 0.0887839696716082 0.0508410374387354 0.0761779588255623
"ufb92" 0.556033582089552 0.147456918663965 0.215107185148845 0.0973962538118297 0.0544726573282262 0.0861224844442516
"ufb93" 0.671725140128711 0.161418544679939 0.336166520240974 0.107342888702945 0.0684616619581626 0.104164558406354
"ufb94" 0.630864607508787 0.16435319261299 0.189209336418993 0.103615394986417 0.0564710296759582 0.116413956413751
"ufb95" 0.624013546686062 0.161550280174694 0.201749898474033 0.102475124103189 0.0601311457670101 0.110726262414433
"ufb96" 0.511201372516803 0.139565255052959 0.148792713294419 0.0844441177004148 0.0469261757718326 0.0777618443448582
"ufb97" 0.513091132484536 0.138505387883233 0.138258915647792 0.0845682796921763 0.0463600845421204 0.0797687535910961
"ufb98" 0.67455648781696 0.169821994407161 0.289994162596117 0.114288594454571 0.0587746098265959 0.102113935294055
"ufb99" 0.625880671419358 0.162263513861345 0.17816113376692 0.102798088683833 0.0549757572369655 0.102051634637266
"ufb100" 0.592881154834882 0.152759785988335 0.490693271583882 0.105395677210588 0.0533393107606438 0.0419498294782242
"ufb101" 0.850217076700434 0.168563566109229 0.837330951258935 0.131586624336189 0.0631106462890828 0.0337292564944149
"ufb102" 0.510947964122229 0.129329399860762 0.138939315782639 0.0817904287033782 0.0449083655246484 0.0765824596344764
"ufb103" 0.522947377598245 0.131336756415355 0.137123050768487 0.0824380478843461 0.0448305028982872 0.0815245039257134
"ufb104" 0.521234416324722 0.1422018999724 0.212353596995041 0.0861724630248826 0.0444918513441204 0.076743935059463
"ufb105" 0.71982883433609 0.176809924273681 0.607950143930364 0.130687027790411 0.0777381736557077 0.0692432915738179
"ufb106" 0.5811881516352 0.146985855448462 0.336423105687324 0.100716058330076 0.0628258746459848 0.0714449920301166
"ufb107" 0.640573077423399 0.164713570894627 0.214164687862604 0.10267576049769 0.0584444467761289 0.107770195770719
"ufb108" 0.587798324245179 0.162583677254215 0.0868675712317104 0.0973643352206898 0.041774046421163 0.119142143283396
"ufb109" 0.563676504764118 0.139989408925881 0.68329643560993 0.102439373757895 0.0478260529609673 0.000199121856334501
"ufb110" 0.668804780876494 0.14324300615588 0.661548063619339 0.105032515028764 0.064929637355962 0.0312725628678836
"ufb111" 0.604783467881291 0.165359474873162 0.112819296237384 0.101056098877513 0.0430032614504892 0.12165655553633
"ufb112" 0.638738139180669 0.159589968695939 0.213790534765456 0.103626163061845 0.0524936069498544 0.0992281717307092
"ufb113" 0.499376370151461 0.123066213710967 0.176460814459601 0.078772307267591 0.0480377655953241 0.0658197783594556
"ufb114" 0.523598820058997 0.136617152640125 0.683358883220784 0.097757005629798 0.0416964323799258 -0.00324451753136731
"ufb115" 0.614659484417084 0.164239547638063 0.628114320262743 0.117245985442862 0.052206238369053 0.0259627827757929
"ufb116" 0.587592083245177 0.155855563105992 0.12299372691906 0.0950131306065425 0.0488921579211766 0.108565356955478
"ufb117" 0.577753231969162 0.157176633603223 0.171685698780612 0.0998345379350642 0.0570304555844517 0.0965548584136061
"ufb118" 0.551449895393868 0.148529212215269 0.147515350249095 0.0939493720981345 0.0482568703970292 0.0951942476017491
"ufb119" 0.613219893813762 0.157480386139283 0.172711162258763 0.0975246257949895 0.0499736275467801 0.10476430636015
"ufb120" 0.611969236344601 0.157228328805536 0.162468424957089 0.0993750903397161 0.0432771264722372 0.106241482842831
"ufb121" 0.464441838149056 0.147633722365199 0.581953792909541 0.105933701098987 0.0450116943839701 0.0091539994793325
"ufb122" 0.587192663451656 0.159619940942786 0.10132582375266 0.0985440933529747 0.0352970138533002 0.115251766521898
"ufb123" 0.774867729848807 0.167837136606238 0.63715492133691 0.120319677730374 0.0734361587729057 0.0760644091615462
"ufb124" 0.591689950919806 0.160729023326132 0.0997895895642074 0.0992233139764536 0.0438572800060284 0.112650874667862
"ufb125" 0.596410771170915 0.161524062196409 0.0987325702215874 0.102084928391544 0.0411335086011457 0.116757887048074
"ufb126" 0.593847494273754 0.161569736569289 0.0742906247934185 0.0978811765386209 0.0376645379453675 0.118072169255685
"ufb127" 0.668077967726474 0.165257044500554 0.400486056231946 0.111572570700095 0.0765739973217126 0.0972055343330498
"ufb128" 0.664158563876524 0.1625478553343 0.350194125633979 0.10632259557666 0.0752385554252382 0.0987155914094395
"ufb129" 0.653809293239611 0.163437344996099 0.273709358561934 0.106923170052773 0.0760209287639037 0.106330903738076
"ufb130" 0.600403920340025 0.161881336604502 0.111522888875888 0.102466864006794 0.0505137831839978 0.11714686413776
"ufb131" 0.611192265498044 0.157620061102644 0.162076670466013 0.104839523014975 0.0602123739644328 0.10022419221819
"ufb132" 0.604855682692332 0.158066148913323 0.153452442002557 0.10236065445787 0.0517114986242873 0.10325263063885
"ufb133" 0.593297136300162 0.153237234944472 0.149083377829266 0.100068892050382 0.0447605417198632 0.100258109282495
"ufb134" 0.529889034721394 0.151432071424684 0.599555417056507 0.106606247185029 0.0461557614424052 0.0138195418951483
"ufb135" 0.520694731338971 0.128244638736675 0.138864012761342 0.080958136417882 0.0455142628102895 0.0769748810279442
"ufb136" 0.514244943191553 0.127751861375008 0.138939315782639 0.0791822883036856 0.0451948453255405 0.0749084148896284
"ufb137" 0.509444751590838 0.131067796505029 0.13728087538355 0.0823258239349793 0.0462583323581317 0.0744362993308904
"ufb138" 0.646854618135914 0.165076675784165 0.21753373757276 0.106106437611564 0.0609171880915603 0.112749216023972
"ufb139" 0.648153277106711 0.166502648481387 0.202351919209216 0.106190909769398 0.0616801783862872 0.116004439893693
"ufb140" 0.560630630630631 0.128287625112416 0.507289441035153 0.0864832110668579 0.0541326690268093 0.0314535475674814
"ufb141" 0.659140833722064 0.168809317582885 0.264856015987044 0.109488539039769 0.0633527009766786 0.105498050409923
"ufb142" 0.567705600019584 0.154060394121351 0.0984055865882311 0.0941121079094726 0.0433303631310895 0.107550927954639
"ufb143" 0.705228893816426 0.178882857472423 0.419215872709006 0.125435345803409 0.0784754119095627 0.0985764658616769
"ufb144" 0.664305463519411 0.173448956769086 0.353743592410959 0.11899493007016 0.0731766539006164 0.10007576928706
"ufb145" 0.637136322091853 0.162023741135696 0.334141507183334 0.108251421209926 0.0674424139680541 0.0979477027613144
"ufb146" 0.545410346168806 0.161839334959271 0.399585858208536 0.112130336664692 0.0580344767790745 0.0528954730329229
"ufb147" 0.631646256394357 0.163729803655864 0.223466541752947 0.104236869644027 0.055274143096567 0.100069995502338
"ufb148" 0.559611916872989 0.138338500085906 0.111781066647025 0.0872212059293368 0.0356227158949941 0.0877424700001637
"ufb149" 0.557227365772127 0.143763954149331 0.210585463185097 0.0936231813536559 0.0534512232308131 0.0822319078190005
"ufb150" 0.55005727954378 0.140419531312063 0.1977519087535 0.0903005238017261 0.0519785389384209 0.0843839498842516
"ufb151" 0.588266902801828 0.156433572511934 0.111474018278773 0.0974452613968158 0.0438938901679357 0.111891408259003
"ufb152" 0.590648546443626 0.162376643067426 0.1109971511229 0.101087355682011 0.0476314412100898 0.116324401383766
"ufb153" 0.759815783311217 0.149313138916463 0.749732461861132 0.113137568893315 0.0680054849574204 0.0387411259337971
"ufb154" 0.599436505045744 0.154342781513401 0.211006524963847 0.0960867284432508 0.0523212257741303 0.0936502689467955
"ufb155" 0.684364538974791 0.174218297137055 0.438443974574307 0.11760829267112 0.0733464576770314 0.0935147891151976
"ufb156" 0.701460159450293 0.176238507750279 0.383470472599847 0.119453235648433 0.0685090477903818 0.0956734950812898
"ufb157" 0.593163996126418 0.15669847270719 0.149009665244441 0.101837063641811 0.0461246414706442 0.101795912823781
"ufb158" 0.585445213201362 0.157883731390633 0.074831473158589 0.0988077585867914 0.0397885731984585 0.112942340280444
"ufb159" 0.489237686003024 0.126422913171649 0.1983238162732 0.0818586320174755 0.0519001567523537 0.063533581244973
"ufb160" 0.711347931063192 0.191282181522527 0.657945163032119 0.144320248460099 0.0652402537239541 0.0601321569592133
"ufb161" 0.745595537718522 0.217613649841457 0.679124274317986 0.164564916680805 0.0782057555459808 0.0894737737557598
"ufb162" 0.606900616437033 0.158280215675074 0.234198069825998 0.0979041649373681 0.0583604422357569 0.0940851294027427
"ufb163" 0.590846785568133 0.148085524803385 0.209368559457433 0.0916778995806343 0.047723721100297 0.0868422206129375
"ufb164" 0.607253149448382 0.16735753671402 0.101505514677529 0.102244895136619 0.0395924540022135 0.124162015828979
"ufb165" 0.5861882437793 0.157408605652822 0.382452168405118 0.108477684372298 0.0588239127500684 0.0640690897275976
"ufb166" 0.549520386412082 0.155614417479479 0.237640299951192 0.100218979279923 0.0482920267910062 0.0866878381772764
"ufb167" 0.510432076722951 0.135804264298176 0.186830626538344 0.0882072424649201 0.0432816338759407 0.0650691078430403
"ufb168" 0.564622534204283 0.14527109665857 0.273241809412044 0.0895353685617072 0.0586244205823342 0.0754092238889849
"ufb169" 0.588071561081685 0.158419425618835 0.113821245639906 0.0972956895383366 0.0378671754757249 0.112138588982374
"ufb170" 0.637273145022664 0.162187502492172 0.243412601056305 0.103630171082205 0.0612342864435623 0.107584732552334
"ufb171" 0.699602172425735 0.156341921904521 0.531233847819353 0.111634369687173 0.070605776537164 0.0816382006152906
"ufb172" 0.702082658485928 0.158577456235005 0.480455072816134 0.10979318380065 0.0725501848954915 0.0899587393169133
"ufb173" 0.603027700370822 0.156210572192379 0.136735510821393 0.0972065500439696 0.0471040365719605 0.109795361614561
"ufb174" 0.58448313689163 0.144814575970855 0.198522191308504 0.0902209118986447 0.0442202887056748 0.0865462006178964
"ufb175" 0.588221852928957 0.151234455071848 0.11195336572508 0.0914495032109663 0.038527129955795 0.102627876053888
"ufb176" 0.596664876047227 0.159815301606872 0.336365365206469 0.107522761743951 0.0634642409140253 0.0775711306231643
"ufb177" 0.618100690926889 0.155159917509736 0.369820287893272 0.109182651278925 0.0664311956754397 0.0725642137492405
"ufb178" 0.522241634188953 0.147307143734557 0.653702137981382 0.104460686528146 0.0446447238783633 0.00785813592160341
"ufb179" 0.533588997619677 0.13243110221625 0.532218795669863 0.0901359257866239 0.0491395173617405 0.0185998792918188
"ufb180" 0.595265584379884 0.158996751311148 0.112851657382485 0.0988969404515137 0.046571851685526 0.114589928540955
"ufb181" 0.581783859474981 0.153899161881371 0.243332264015384 0.102934060320924 0.0582212560296544 0.0893946298959097
"ufb182" 0.684602990993968 0.177606323625633 0.294358772093034 0.118543476707804 0.0729911871290785 0.104756817747893
"ufb183" 0.620565436943167 0.16922738830213 0.422964541918505 0.113896179999042 0.0626629172023269 0.0605938219568175
"ufb184" 0.637136421184169 0.162535821797783 0.411733479733102 0.110131760823009 0.0692034759925412 0.0697852867636523
"ufb185" 0.598400052136794 0.169841616125784 0.298263015097682 0.113333033525537 0.0552714665635326 0.0779782328114293
"ufb186" 0.608095213388706 0.158465550111467 0.185451581694681 0.0985763420410984 0.0536886829182639 0.105811111606554
"ufb187" 0.6095392240753 0.160805303993046 0.162618260777551 0.100413509164094 0.0507662429672208 0.11003486146336
"ufb188" 0.650544281402851 0.153714465308108 0.386329201514208 0.103611878647167 0.0688327708812756 0.0928318483550022
"ufb189" 0.579262486112619 0.151733482194453 0.147262985695731 0.0925260714987785 0.0497052084748375 0.100414203489496
"ufb190" 0.662948870026035 0.176464730433515 0.437186312762869 0.129338919874359 0.0665679634305681 0.0856434727691319
"ufb191" 0.604807071053964 0.165108950862798 0.150877112251833 0.101970869680101 0.0477352432419142 0.119927785623197
"ufb192" 0.603035878564857 0.167977113953094 0.263654496039753 0.110102076900586 0.0462538978681938 0.0865259455578787
"ufb193" 0.582177196944091 0.153883828028082 0.0988493920978475 0.0960796910587293 0.0349850833523576 0.109204051192782
"ufb194" 0.594424741080104 0.159129414019773 0.0863712173320392 0.100083346056989 0.0376385813372689 0.115097446587392
"ufb195" 0.558077773909919 0.154639657503192 0.17229287851924 0.0984481104724368 0.0535211374633201 0.0995313761780842
"ufb196" 0.605640008812514 0.164658430228025 0.422891494165534 0.112659197143174 0.0604855507197714 0.056080993425793
"ufb197" 0.592471470978143 0.159163073986457 0.112819296237384 0.0989875773068852 0.0410616726020262 0.115129462428523
"ufb198" 0.557969610047291 0.142473792634106 0.124061564175785 0.0900285666294318 0.0396120146958976 0.0933673611010487
"ufb199" 0.57923387938343 0.157801249818217 0.0874599622885621 0.0977810163101399 0.042521638526431 0.112243509646824
"ufb200" 0.614411053830141 0.168250320904524 0.138138494851464 0.102352891769483 0.0506043388837146 0.123837813520477
"ufb201" 0.532428720817427 0.135295698660303 0.199863125275162 0.0868942509154221 0.0541294149992984 0.0810683244828504
"ufb202" 0.526662054424458 0.136078314242829 0.202463138570391 0.0870493104407116 0.0515286944935729 0.0770562625257804
"ufb203" 0.542455583465047 0.133782328613028 0.299438765250102 0.0875109755230509 0.0539051994825079 0.0629734360003874
"ufb204" 0.616804737430867 0.163071292195167 0.325825336236242 0.109024868957683 0.0593679871352505 0.0888926480739803
"ufb205" 0.540309183369968 0.156929353784865 0.26184226054356 0.104691488911339 0.0572989964357176 0.0823938552979866
"ufb206" 0.501975224268592 0.136313080064499 0.149558060003636 0.0864075096736815 0.0482515334965336 0.0774532582157261
"ufb207" 0.595686543267498 0.161780869818945 0.0984055865882311 0.100230554956004 0.0420664710721244 0.115695872728693
"ufb208" 0.583004740926687 0.154195811808205 0.0877314895710089 0.0927125807486244 0.0307988993817387 0.110369220458765
"ufb209" 0.613936243684344 0.162664263361129 0.377697703926765 0.111520430024085 0.0608206014263754 0.0701672714796274
"ufb210" 0.4898409664378 0.127525002145451 0.1983238162732 0.082153662043155 0.0503675922125352 0.0647150102568
"ufb211" 0.615713522180652 0.170928890593859 0.449382922376764 0.114592500584846 0.0579874335862457 0.0631664862750191
"ufb212" 0.60448178123126 0.152181107719585 0.201772233565012 0.0965436286718603 0.0559766633130702 0.0990142427826648
"ufb213" 0.57068943535604 0.14750617820215 0.13504309527025 0.0901736549205661 0.0461942624103653 0.0974293854449249
"ufb214" 0.569963840593307 0.147293795923579 0.224769040039427 0.0962507315913634 0.0582153057564564 0.0891286824617481
"ufb215" 0.585541039187146 0.154375089384236 0.161749833105556 0.0965983093628061 0.0509942550999739 0.105940097266523
"ufb216" 0.583144022875485 0.157272901515433 0.212035686425477 0.0989708998927819 0.054514040287709 0.0965984014089368
"ufb217" 0.585376643878343 0.156960270677181 0.212592490681777 0.0977689266740074 0.0555449635279335 0.099316377616585
"ufb218" 0.562055396435522 0.141762155603162 0.353595993011946 0.0956245782219153 0.0600296976423225 0.0656948406250096
"ufb219" 0.572924134321055 0.150073045906505 0.361533045620681 0.102680138955116 0.0592141531276895 0.0668752230113531
"ufb220" 0.672973982322918 0.14167558266327 0.597007469569742 0.101377385627696 0.0699141885931567 0.0465403997112521
"ufb221" 0.63965402929299 0.175106480693574 0.404572634983596 0.123343288898364 0.0615457081744158 0.0838800330023958
"ufb222" 0.642616007856617 0.165108832257997 0.299404173779491 0.109634422330863 0.0623785460483458 0.0832950555024308
"ufb223" 0.593836737099413 0.16152949093116 0.0985583395523712 0.101514286029595 0.0443837956798785 0.116172722936179
"ufb224" 0.598826736959078 0.163711242462012 0.0988493920978475 0.104043680783674 0.0429531384961781 0.11955040935846
"ufb225" 0.601514959122476 0.164853775065386 0.0866523936216879 0.100938978619789 0.0438924915893916 0.121579441799804
"ufb226" 0.613545279771467 0.159782604431512 0.11352421668454 0.101585519353756 0.0496085176573102 0.113577648672083
"ufb227" 0.584126928348034 0.154578110772824 0.23057797283509 0.102727398443315 0.0588157676521205 0.0902018367459449
"ufb228" 0.530643113154804 0.148560067707238 0.212228487596982 0.0972475806227881 0.0517603676169184 0.0834619369970668
"ufb229" 0.533188337094556 0.133705518763645 0.137047395730608 0.0832549026630832 0.0460329334381886 0.0851304092161023
"ufb230" 0.560106449680233 0.146146711092878 0.21492411238177 0.0934810988558713 0.0535703358381979 0.0904827734254939
"ufb231" 0.754197610590894 0.17994464999771 0.75313860082911 0.139559782120672 0.0662660882555255 0.0466277042244309
"ufb232" 0.588035093739806 0.154467093149686 0.12454306407174 0.0927870109966504 0.048656011572991 0.104798552466599
"ufb233" 0.616614926241196 0.158458992726022 0.165590004505329 0.0988808946692334 0.0518579902288747 0.103631569634908
"ufb234" 0.59595147004874 0.158929739103503 0.111474018278773 0.0994877843483527 0.0454707190993593 0.114519377941237
"ufb235" 0.644065657203157 0.161268491453809 0.249088262114511 0.104419547561702 0.0661338706508956 0.10870235994194
"ufb236" 0.674800964705272 0.194187110096966 0.441885834177114 0.137276673622757 0.0707716977505668 0.0885499010548392
"ufb237" 0.602534890344631 0.160023871133949 0.186612789570488 0.103465592982781 0.0500053192777536 0.102763564333881
"ufb238" 0.543554773427189 0.152506881944234 0.619980701776258 0.113207263405964 0.0483891225940815 0.014379414506824
"ufb239" 0.553203846879125 0.148780821658712 0.27245441921694 0.0968255443425275 0.0566698218478644 0.0732739905918369
"ufb240" 0.660024656444352 0.166497483099497 0.304058192589772 0.108086876586138 0.070248486407836 0.106610422747233
"ufb241" 0.812516859994605 0.197557750330349 0.670114076351556 0.147372500648613 0.0909225683649309 0.0926577567745527
"ufb242" 0.574993907463068 0.143157389299622 0.150497635047046 0.0882324926298756 0.0463062842043587 0.0895403185877261
"ufb243" 0.580911446644312 0.150266234349698 0.125101100512648 0.0915078575615122 0.0488816138344862 0.10035150288941
"ufb244" 0.582346563068854 0.155422050985825 0.161134703215305 0.0973897004471216 0.0537238216793938 0.108083223215749
"ufb245" 0.561618236304253 0.14389054560449 0.317211430079718 0.0957814583610886 0.0611644242278776 0.0678931900118264
"ufb246" 0.586271254365375 0.155397899829894 0.343087996477908 0.107365615267753 0.0642888442935242 0.0725695855042444
"ufb247" 0.566315387995722 0.149879267581366 0.136883279371306 0.0892990315752077 0.0490494665161851 0.103117295191302
"ufb248" 0.501768469824516 0.129504920296525 0.189068155251534 0.0810994412717004 0.0367034690935152 0.0585219521969442
"ufb249" 0.5113632381007 0.138030254895752 0.161997894275468 0.0833954279561052 0.0376506090805996 0.0791898362796054
"ufb250" 0.64301614134366 0.159550357687309 0.311262405521509 0.105264914901819 0.0745105157466164 0.099100648218144
"ufb251" 0.644280531973959 0.160497039412513 0.264555129811009 0.104817846798755 0.0657417689079453 0.105733441253063
"ufb252" 0.588907726884735 0.154505460734444 0.186212904279267 0.0967642463642562 0.0595072774391437 0.104778578321658
"ufb253" 0.585981068597822 0.154240726181764 0.11150108122384 0.097669337212564 0.0499791121174947 0.108481960289814
"ufb254" 0.603609883871404 0.164296695340228 0.100574761165268 0.10272566827123 0.0429138161639369 0.120169102550929
"ufb255" 0.687619795758052 0.179452462517471 0.462152612862577 0.129791867198613 0.0667574269565532 0.0889606984345483
"ufb256" 0.553571562207671 0.152450697163671 0.225252054004059 0.0980413959699414 0.0533327998574697 0.077269399962621
"ufb257" 0.574109956286439 0.154990813254809 0.110639206233637 0.0969614860052756 0.0504636322185147 0.106583966300221
"ufb258" 0.5241216384241 0.144943898865836 0.198598220281317 0.094232359575459 0.0561642448386169 0.0751988773817626
"ufb259" 0.574156450037973 0.153640449184135 0.670808142153589 0.114052801784886 0.0521501517299183 0.0156977346003845
"ufb260" 0.666924225129511 0.165091881050284 0.483555508457152 0.117835564833632 0.0757255574492517 0.0726698909501339
"ufb261" 0.55756803159702 0.144319419682278 0.298426098171412 0.0935110060468007 0.0455680845691522 0.0682621463636319
"ufb262" 0.55326830702636 0.149624789137459 0.135069926056581 0.0973999054371502 0.0526316413549712 0.096358449962668
"ufb263" 0.571635590764177 0.145584634166602 0.315658462502424 0.0970573951245361 0.0563669089372593 0.0620878029877115
"ufb264" 0.568691296180338 0.147136859435085 0.666413206149684 0.105915762096693 0.043847497998008 0.00766000340406137
"ufb265" 0.527989663096226 0.141661228927761 0.273337206782776 0.0943546552761054 0.0425648197778457 0.065446438503668
"ufb266" 0.525536722321235 0.133776770642137 0.211222235158952 0.083695975140999 0.0428759714709704 0.0794881548890984
"ufb267" 0.607656927302207 0.164968304557963 0.449667859554037 0.114748862516991 0.0576435783074983 0.056431145124526
"ufb268" 0.580855287305523 0.154050369997929 0.0746096259103287 0.0924874425603403 0.0320612341445981 0.107525148491016
"ufb269" 0.577892209784647 0.150897041236921 0.0756836663092054 0.0922186105972939 0.0278071068258426 0.104938572519827
"ufb270" 0.580690147284056 0.152404483409099 0.0758100772044408 0.0930970331777713 0.0297503439160258 0.10714115591334
"ufb271" 0.58289179239154 0.158730566040503 0.112021691670133 0.0967269880128543 0.0489853990882519 0.107814178218609
"ufb272" 0.512296802070922 0.131744395254899 0.223751616398944 0.0811910701839162 0.0420855957343056 0.0751060141375453
"ufb273" 0.644252739566332 0.16405695685564 0.252912343591109 0.107303950678159 0.0706058303422238 0.106992812284001
"ufb274" 0.594074092168725 0.157785479426811 0.0891706184003762 0.0993764697760221 0.0450765049382918 0.112832391126601
"ufb275" 0.586865380702499 0.159055016655354 0.0742137275598427 0.0967765091337211 0.0419463582752767 0.115276701055162
"ufb276" 0.537164153962773 0.139760555916124 0.436529427640956 0.0899289714676352 0.055094474597798 0.0445074799972466
"ufb277" 0.612436647739649 0.168061468825018 0.287502077436981 0.114071286111086 0.067506875019155 0.0945241048859367
"ufb278" 0.598932338799612 0.157601656359645 0.111474018278773 0.100182520548772 0.0435360169439248 0.113121169505091
"ufb279" 0.578308485967154 0.146385005024202 0.134886394841986 0.0906172991726235 0.0380269633314415 0.0962423528373349
"ufb280" 0.598849294632215 0.160807075876501 0.114280936777596 0.0993512972104155 0.045626799894214 0.116504313706862
"ufb281" 0.590974624658512 0.150901786888172 0.13672170134341 0.0935329049389774 0.0474525574906011 0.103310490947762
"ufb282" 0.650144396194235 0.163398394269188 0.219187907532043 0.106773392918045 0.0559900241182058 0.0996094807294828
"ufb283" 0.603691929184915 0.157238708297309 0.138414702248882 0.0976121498201655 0.043546879704015 0.111618117664196
"ufb284" 0.555823569951757 0.140495378547466 0.708710155798595 0.102833247535501 0.0474023710576036 0.00126195244447943
"ufb285" 0.593288851667627 0.157371936924538 0.113501523334852 0.0997662909673299 0.0485211102933643 0.111773240711186
"ufb286" 0.660948375513416 0.149781092307923 0.497257950474253 0.104427880494766 0.0653493260160396 0.0666338618980531
"ufb287" 0.651204123344886 0.173083132584824 0.679250764990413 0.125308237540037 0.0595907672085809 0.0376025678346733
"ufb288" 0.545087920725259 0.153439087567355 0.174308991459132 0.0942547143984629 0.0493723093453785 0.0888023234433162
"ufb289" 0.507999044890162 0.127426097793021 0.721260896865791 0.0936486027960021 0.0429677080081605 -0.0139244556537
"ufb290" 0.581527083709635 0.169233740686601 0.235004368938009 0.111653621491226 0.0586110167031195 0.101418896805409
"ufb291" 0.671346292296616 0.16874453233673 0.68818856094391 0.124958707954977 0.0583275408888235 0.0308336093961674
"ufb292" 0.596307510631705 0.158833523345699 0.0885498303444272 0.100414535081393 0.034362305539389 0.115247241858976
"ufb293" 0.60398308750763 0.158342303691186 0.138414702248882 0.0973941862919668 0.0452430303507788 0.112794975660868
"ufb294" 0.508512171802604 0.127588781266149 0.198581388362075 0.0821095756507508 0.0498416712873059 0.0706839552858946
"ufb295" 0.585772202656068 0.155679822829332 0.249825360429058 0.105114142564811 0.0650725328358502 0.0913874407836664
"ufb296" 0.608634813061138 0.170317872410337 0.270098025006299 0.111922055691143 0.0661151319655358 0.0967475754060505
"ufb297" 0.579647089513304 0.151573311219282 0.139426788569292 0.0947034551425651 0.0452934763626919 0.101737531541367
"ufb298" 0.600146320459588 0.163132820690889 0.112819296237384 0.100879164666762 0.0438735082121568 0.119307099960485
"ufb299" 0.562551259798966 0.140207468350346 0.29334555270052 0.091463225297125 0.0569243039264428 0.0699902354508943
"ufb300" 0.598735564879346 0.156278090536977 0.223454394044766 0.098668393340032 0.0637309794313765 0.10518899896896
"ufb301" 0.644721986311635 0.16073799734822 0.291306426702465 0.10435506249442 0.0612533301503244 0.103446410184243
"ufb302" 0.65853741150967 0.165050354894085 0.522314738112934 0.117474463345257 0.058214425718076 0.0562742462141211
"ufb303" 0.620946141687462 0.158313628589592 0.211973500842811 0.0993760629297847 0.0566150928834048 0.105568706237367
"ufb304" 0.733000641222225 0.182745596107043 0.590241000025778 0.134235917663308 0.0816638384008391 0.0756365466034687
"ufb305" 0.777601580213941 0.201815538403105 0.550733709219648 0.145633790194015 0.0963429240477313 0.113150335800346
"ufb306" 0.626140668753088 0.158300359857026 0.26925555820825 0.10117592957796 0.0588063617238543 0.100851169423754
"ufb307" 0.616655553992305 0.163424267132003 0.269901760816752 0.10283364461806 0.0624426234270844 0.0951807290327655
"ufb308" 0.636928100945251 0.158609122619412 0.435927277115312 0.111407635841503 0.0675173557788596 0.0763585331076724
"ufb309" 0.637978351044207 0.165218850468893 0.201899416908573 0.103628431240843 0.0600177627929962 0.114648239928916
"ufb310" 0.576111840473934 0.150075747034928 0.161818605210236 0.0942124510783892 0.0502426366043125 0.100138010692275
"ufb311" 0.602540805231139 0.161696309999286 0.13818379932452 0.0984076874308001 0.0494572860139951 0.11631835345078
"ufb312" 0.703579435326744 0.180062944055382 0.286364588672065 0.120683946909667 0.073023739914378 0.113253839912372
"ufb313" 0.628669942246358 0.170494173939969 0.356433058726376 0.117549520959601 0.0703389903698238 0.0783522438438177
"ufb314" 0.594699270089721 0.152619998765359 0.357501933945206 0.104048910223468 0.0645888668376413 0.0696081050995521
"ufb315" 0.61483141737482 0.151606818112108 0.235872079740725 0.0985400206532254 0.0597793858618045 0.0963455096690372
"ufb316" 0.53603999542536 0.137569064158061 0.240636875569887 0.0883427901237723 0.0567729895486069 0.0786504883974139
"ufb317" 0.551847708737106 0.135299435639367 0.329773098569516 0.0901173236226493 0.0592466405677687 0.0646283112940357
"ufb318" 0.686830163666956 0.17120846237015 0.311396636845441 0.117100160695792 0.0615617759900518 0.103677888225568
"ufb319" 0.599935022822003 0.16442102560402 0.111584467726148 0.0995666016175669 0.039663887824199 0.121074504295301
"ufb320" 0.593583246860969 0.158545059963923 0.148942092218371 0.0952684614788575 0.0529245802575636 0.111364183907293
"ufb321" 0.598859776807375 0.141401159178489 0.692088323831142 0.102251745530531 0.0454492372908415 0.000986289296385323
"ufb322" 0.69219710885712 0.146689116014352 0.653533691297531 0.104699036613143 0.0649806082738202 0.0350497461276203
"ufb323" 0.573153656348708 0.151034483163785 0.0989804168296833 0.0939468964317657 0.0295802917957893 0.106989295758205
"ufb324" 0.563212041302575 0.149085883802846 0.12550230028359 0.0911014271178056 0.0440783684414674 0.103627792105479
"ufb325" 0.544094968753492 0.144360913559104 0.150758538642089 0.0882125562705403 0.0466751026038264 0.0963656377373643
"ufb326" 0.730937389551399 0.189289637524027 0.349187627104197 0.131565243574115 0.0765286534684434 0.117512122081235
"ufb327" 0.628324525067847 0.161740217729492 0.312807594457615 0.105500065169286 0.0618129217905718 0.0977821755242337
"ufb328" 0.606792369610762 0.164433201235094 0.326216765813174 0.110124197158118 0.0624531096086094 0.082641068151309
"ufb329" 0.721220033230477 0.14196732184597 0.799839378286808 0.110110777816725 0.0486657609285805 0.00281989088187603
"ufb330" 0.403825202759956 0.135105883942885 0.576613539600794 0.0936079825497741 0.0374266184882222 -0.00525674099682088
"ufb331" 0.590880387675005 0.159038703162703 0.0622994601870561 0.0978457976298467 0.0363566749881236 0.115006669853246
"ufb332" 0.595367238373393 0.16020467059366 0.0639838011106321 0.0993096623710799 0.0345443881795451 0.116488029738692
"ufb333" 0.631286865498048 0.168836124036802 0.372502443285124 0.116753978465982 0.0685002118856302 0.0769744668877535
"ufb334" 0.589913881185228 0.152185695663295 0.326633837524332 0.0977907860625172 0.059590396832028 0.0691610494048584
"ufb335" 0.538987580862509 0.141553972125044 0.177315493589006 0.0920502184492807 0.0486714167009551 0.0798053058775514
"ufb336" 0.52888699388314 0.136160060515973 0.290136382924627 0.0917116414327694 0.0581511762930276 0.0595568874853227
"ufb337" 0.493642941825763 0.118511809374523 0.360881840109718 0.0744548378081043 0.0464952108608539 0.0319696820968887
"ufb338" 0.593437965184646 0.167292022264804 0.261364018877348 0.109404860054712 0.0439720594978856 0.0934789138299457
"ufb339" 0.59118177827635 0.150215562916908 0.197528210939062 0.0972972093603674 0.0469536538779989 0.0969509102016948
"ufb340" 0.573394540697961 0.142968206166548 0.135318525032488 0.0902217534888833 0.0356306874748706 0.0949224540184341
"ufb341" 0.582702669976388 0.153047368388924 0.324455941546029 0.104679599387675 0.0465029367172385 0.0701302594940937
"ufb342" 0.575600972152365 0.149761883203103 0.100231756205769 0.0925535293087907 0.0296968805125343 0.105494495998715
"ufb343" 0.571905945119285 0.150636846542972 0.138210353495823 0.0907421317247043 0.0478996342518852 0.103899046168526
"ufb344" 0.585274729158935 0.154672141997111 0.175790244428007 0.0969921047343817 0.0583966572538222 0.106255333095195
"ufb345" 0.580934844620191 0.146420665514793 0.112760212978426 0.0883104774031792 0.0370141236620418 0.0962793902930676
"ufb346" 0.58676985419248 0.154146650984802 0.201126677837716 0.0961773488863769 0.0620002075593141 0.102932161449822
"ufb347" 0.564865181787978 0.151626490117714 0.0982338684017018 0.0922989006826208 0.0411721643943249 0.104085915002147
"ufb348" 0.627276459479432 0.16165839707113 0.191564001067482 0.10232615650879 0.0560454592479773 0.112330592820902
"ufb349" 0.628845311712934 0.159928689819626 0.249993632273694 0.102003177110928 0.0601351378992555 0.107283401373117
"ufb350" 0.595387981821242 0.170221215899042 0.435615514329801 0.116833966849229 0.060810005542167 0.0621623653555202
"ufb351" 0.742476720417897 0.191188371288914 0.587250894665527 0.142678403970216 0.0686576651695898 0.0860592879544637
"ufb352" 0.565993612973365 0.153273854962009 0.240365032856968 0.103992105948256 0.0572827781744344 0.0842173031695687
"ufb353" 0.541523792625964 0.140427460248065 0.224122563975693 0.0912769167266911 0.0535214123999095 0.0785873063008096
"ufb354" 0.61473973973974 0.145463418500442 0.692025078494929 0.104567637776995 0.0461642097378859 0.00571288868846166
"ufb355" 0.575249599408357 0.151125590861297 0.314388285556313 0.100060541901138 0.0626605061113272 0.0679834782594207
"ufb356" 0.6561780868799 0.158780725709547 0.320680124458687 0.105465479635611 0.073684373378187 0.0983392172228556
"ufb357" 0.563753249202562 0.146000682343835 0.101632965030095 0.0911169375951211 0.0403546063428306 0.098145845168223
"ufb358" 0.563802248968163 0.14583216597243 0.100170426764351 0.0903618614483352 0.0416168201325442 0.0988710624523157
"ufb359" 0.467482482976414 0.155547839923408 0.54960776626604 0.112051066064908 0.0461583963694516 0.0186027658738576
"ufb360" 0.548147981928612 0.144235806987163 0.21089384338926 0.0949222402517291 0.0470668947018995 0.0684089757769909
"ufb361" 0.584551884712398 0.166510202496845 0.33684469681128 0.109678407894829 0.0598820853664494 0.0745911378774057
"ufb362" 0.625582075259842 0.169754538139944 0.233092295113889 0.105223888936472 0.0657950242245658 0.106515267817394
"ufb363" 0.582600772072307 0.152588455426177 0.13504309527025 0.0932100362771575 0.0501166885421554 0.10281020341702
"ufb364" 0.503273897513195 0.129405250590981 0.138935361744914 0.0814468101688344 0.0462918830475971 0.0748464666126813
"ufb365" 0.642956764295676 0.166920362855609 0.407895536497011 0.117898469412894 0.0685040139078246 0.0748469724949815
"ufb366" 0.579188188204813 0.144110550185564 0.308259778223931 0.0950367857663435 0.0580585716374125 0.0683275129798293
"ufb367" 0.61858888239106 0.156208378806493 0.441529672539636 0.107441760688522 0.0698642568118469 0.0814928326244139
"ufb368" 0.587540971665817 0.14937501302235 0.136741593296372 0.0926888761612975 0.0466990541893392 0.100620608797272
"ufb369" 0.547357228421067 0.136567468415165 0.148679566771627 0.0849596553808635 0.0443170524845206 0.0842596684908226
"ufb370" 0.598172894698479 0.159294714165685 0.306917866611137 0.108175940148621 0.0451920805837331 0.0768585342559359
"ufb371" 0.605211923080927 0.160104701424237 0.327878854803299 0.107003081642571 0.0558620170361482 0.077777630526415
"ufb372" 0.594321029491764 0.157392056979734 0.269063838407269 0.107903049679745 0.0639053636187103 0.0932300562930904
"ufb373" 0.59363815734716 0.15879622538859 0.175822868817628 0.100383510972034 0.0598791340819069 0.111666089957661
"ufb374" 0.577564384732257 0.155931539987534 0.0889196992639625 0.0924930593231341 0.0331857200782618 0.111723464860472
"ufb375" 0.614366568790161 0.170049660274889 0.0891760674858623 0.106216635324759 0.0422801308559645 0.126591414359701
"ufb376" 0.464389996191443 0.152444318778119 0.576867958462033 0.104811650172204 0.0420546715872938 0.0138354422709718
"ufb377" 0.708794841091653 0.159745578835105 0.46108915246332 0.108571206815334 0.074376099809112 0.0913147349345875
"ufb378" 0.67378425229153 0.161141632641548 0.311928027484671 0.104711097567999 0.0730592123936081 0.100856476985109
"ufb379" 0.546721938460779 0.137694825803191 0.327249261539885 0.0913513910271149 0.0523870846413655 0.0531304090220556
"ufb380" 0.752130235040698 0.161672922516486 0.61202981605295 0.117466152223348 0.0700431096361002 0.0692203921576598
"ufb381" 0.570229681978799 0.139571292283818 0.704925882671872 0.10247125213996 0.0465031284371748 -0.000475438978853962
"ufb382" 0.584305302704877 0.15456345222414 0.113058835188784 0.0966538674353063 0.0427624691172519 0.109439641810688
"ufb383" 0.66111718354895 0.164061617113956 0.413187524299301 0.111756428127469 0.0716131617374773 0.0900709400582957
"ufb384" 0.61389646385623 0.152078821663316 0.38553344498023 0.106287175716302 0.0639289616723684 0.0691818948843314
"ufb385" 0.579332648098473 0.142416463531905 0.305889493812959 0.0945067423992056 0.0582502623904717 0.0664834267766585
"ufb386" 0.559221930753064 0.137313337683157 0.271009818848553 0.0870584799102382 0.05597747595155 0.0714637560701991
"ufb387" 0.605589730943796 0.154938648760418 0.136576072270905 0.099540421530013 0.0531212077912337 0.107570433080177
"ufb388" 0.604309550100799 0.152861732981119 0.253026748915892 0.0975399303445386 0.0566180476797598 0.0949863034927877
"ufb389" 0.595566729188421 0.159948620112776 0.0639838011106321 0.0989019484049244 0.0314026848005632 0.116217146093109
"ufb390" 0.518550933016597 0.160099297920177 0.374616091830103 0.109337713847567 0.0527685242431807 0.0509292665219834
"ufb391" 0.548030546623794 0.154361129413097 0.354144412558901 0.105407664777152 0.0602040278919668 0.0609031051771213
"ufb392" 0.53612434691274 0.14472483528638 0.175159679393921 0.0912450044874257 0.0503178350263914 0.0795103664503038
"ufb393" 0.559389224913137 0.152613142222259 0.134785737627606 0.0975453178788636 0.0516123514916302 0.0973727541864411
"ufb394" 0.62105201476649 0.178817684399831 0.325454697440688 0.123497938960832 0.0684218276249042 0.098563673727661
"ufb395" 0.573335420988766 0.149672801526362 0.49713939827798 0.102311121991097 0.05108637222325 0.0388458792333448
"ufb396" 0.589250529810104 0.157362756572975 0.150795218872468 0.0941656703594654 0.0519957887119999 0.109067839313852
"ufb397" 0.606596351690153 0.166011981582121 0.331388695787642 0.110623917935105 0.0644783512557088 0.0845524013320893
"ufb398" 0.588828759078025 0.158077644709408 0.114280936777596 0.096322406681334 0.044196349032267 0.113622943931256
"ufb399" 0.530292162689247 0.129144574811872 0.12419136372096 0.0800156034061691 0.0413777483168905 0.080313531453678
"ufb400" 0.557549688519727 0.149111441275403 0.353850065911012 0.0985425414029955 0.0470469626845973 0.0550660686087469
"ufb401" 0.52561895443455 0.138196675634917 0.347870352602357 0.0896417386059802 0.0479074005961499 0.0539329352798597
"ufb402" 0.592244859505573 0.158842350127119 0.101063031277268 0.0995166722641694 0.0399780615876948 0.113331177735174
"ufb403" 0.565172707337705 0.146252751061797 0.0993190381897198 0.0869439476229509 0.0373158120854825 0.101548875715537
"ufb404" 0.604550150501231 0.157460012998329 0.147411033063331 0.0973159653633361 0.0524231638630667 0.106487183698326
"ufb405" 0.606880068816141 0.158768628937044 0.184522830643877 0.100240044274364 0.0531359066685167 0.103964299144577
"ufb406" 0.591470802035377 0.163862412378964 0.308412981830737 0.103777839054532 0.0585972629004237 0.0821628914751137
"ufb407" 0.604974684166544 0.16300921347244 0.26581699335616 0.101749366209255 0.0619837214453638 0.088956655142444
"ufb408" 0.552660736332268 0.157684092713956 0.417488704096961 0.109593214987944 0.0524355652106973 0.0478698540865127
"ufb409" 0.668501992249331 0.170311447307896 0.327621069880311 0.114653637205445 0.0683742716411259 0.0969574967024258
"ufb410" 0.622928558495888 0.161717539146741 0.300356139228392 0.105138113511384 0.0615616964397208 0.0977577665975208
"ufb411" 0.59105826464905 0.157035895838698 0.0622238971502759 0.0971513731888398 0.0312999585740445 0.112514579458201
"ufb412" 0.601924822952606 0.168043252742374 0.335365530494371 0.109775837921177 0.0576551511421929 0.0756758308595959
"ufb413" 0.59757133465797 0.163563131918015 0.0630870820449724 0.101603601037768 0.0304248114703207 0.120171415793599
"ufb414" 0.529253193114597 0.143946889223104 0.135252203853789 0.0902645174070354 0.0441945028456162 0.0787283960629092
"ufb415" 0.552520427172289 0.154372317870671 0.114916495601731 0.0981211453082374 0.0510247928955015 0.093595121347394
"ufb416" 0.606337499831716 0.167173602360028 0.101505514677529 0.102523018991317 0.0420754276976681 0.123967796923666
"ufb417" 0.556645910801118 0.156822715487444 0.262737877375151 0.102485739814597 0.0620058893736905 0.088004043348525
"ufb418" 0.574621879576131 0.15424026786365 0.112032288777053 0.0936891456653566 0.0432365233738253 0.105774497647173
"ufb419" 0.574028396925412 0.153640319992538 0.112260395074569 0.0940130035533368 0.0443993277863503 0.106179414511249
"ufb420" 0.578238999002368 0.153091858614427 0.0984599052302592 0.0959382705970508 0.0417463079252446 0.106501340771317
"ufb421" 0.557286201128347 0.143812699374198 0.0615635177442661 0.088003320447145 0.032989875083977 0.0989656788586808
"ufb422" 0.584431795173656 0.144278145478132 0.126691600791619 0.087986466412797 0.0367657654660231 0.0925064620716818
"ufb423" 0.604308877709413 0.170425242941826 0.259124900299368 0.11268915516359 0.0535732719488723 0.0892137349812669
"ufb424" 0.536783581874297 0.143287383797595 0.203870211365939 0.0922994705303805 0.0440448370993708 0.067204474237872
"ufb425" 0.64832463377673 0.169325853468703 0.522386354562723 0.120707528035449 0.0601850505844911 0.0611067509511345
"ufb426" 0.617491482032265 0.155800611987728 0.473177955314138 0.107301269421124 0.0654592729916746 0.062545421121538
"ufb427" 0.590119847379019 0.1514878944737 0.126090470696535 0.0931507956342116 0.0334576957228855 0.104831821275018
"ufb428" 0.605662897337726 0.168620426565794 0.332680636972582 0.108852632332096 0.060411473089549 0.0769340820385936
"ufb429" 0.622582377021676 0.161485718821182 0.230753819173507 0.101452690398873 0.0593922578024679 0.104201933652991
"ufb430" 0.637556877843892 0.173152531600464 0.365714146594419 0.122865509403236 0.0492957837854341 0.0815926723271915
"ufb431" 0.662003989082511 0.150303933139822 0.447501025204773 0.10110953316 0.0697889570978507 0.0750550048271884
"ufb432" 0.632482761014439 0.164637120988388 0.217796942751282 0.103267255367863 0.0624956321552957 0.110151062521768
"ufb433" 0.577440001453959 0.151165906898326 0.112838421428642 0.0941433391486761 0.053736656266144 0.104503625048621
"ufb434" 0.809498276522405 0.190013914263234 0.792133441977694 0.148230721687054 0.0696690819040164 0.0577097784010295
"ufb435" 0.613250650488988 0.169779433850673 0.210561911298473 0.107967880296425 0.0570829315749117 0.110163383913016
"ufb436" 0.575782654819318 0.158058781928402 0.184175241936323 0.10157626247728 0.057610238806348 0.0975004570411671
"ufb437" 0.546402941795856 0.151256153641249 0.212678870648879 0.0945666326939082 0.0409452037494066 0.0819738124403542
"ufb438" 0.518841877141122 0.139266472450638 0.187421789013823 0.0860752795925549 0.0396089697630356 0.0735845071444646
"ufb439" 0.576069634715035 0.154257089741511 0.113460899884911 0.0942498245767271 0.0408856716264012 0.105784916184567
"ufb440" 0.563636954473077 0.141190972165293 0.300960404342327 0.0927460321793893 0.0617860324970824 0.0710013572899091
"ufb441" 0.588955315260158 0.159547304890928 0.336929460335587 0.10189072182724 0.0663370735133728 0.0955451159156676
"ufb442" 0.578242662109632 0.153408710117241 0.315745151801342 0.0990684294175238 0.063879921557002 0.0925680733197246
"ufb443" 0.59087145154535 0.1542858927648 0.286943871977405 0.0984078575093145 0.0642029803092788 0.0965973095659377
"ufb444" 0.553665443572064 0.149029311629231 0.15996077444161 0.0962560951100283 0.0516708053929279 0.0957256725584423
"ufb445" 0.600658626567539 0.154111499116484 0.249503383118453 0.0979093953711241 0.0569693982014833 0.0932171168408669
"ufb446" 0.595731281623135 0.157693462739799 0.138577992704586 0.0962364560485704 0.0508540070954106 0.109413675801788
"ufb447" 0.63134305240944 0.184795277376577 0.300256754451541 0.127325889256043 0.0752946529293953 0.105096871525034
"ufb448" 0.593359763122192 0.154965526243412 0.161134703215305 0.0991027252043471 0.052352868029835 0.107601110135185
"ufb449" 0.757889104214271 0.191020599641143 0.541908020256562 0.13897237970894 0.0923917343592437 0.101066671790429
"ufb450" 0.652275277605641 0.167764816519223 0.233923560909949 0.108006589303339 0.0713399085439661 0.110953782301967
"ufb451" 0.601055135236113 0.15303026095601 0.11211058973059 0.0973607871059923 0.0490375637982778 0.105555074432779
"ufb452" 0.583437260091153 0.149681471275202 0.137107465838685 0.0921759093893036 0.0328733643279163 0.102025479513215
"ufb453" 0.597834922774947 0.146894056629545 0.248326415104145 0.0951116889994032 0.0595977440365015 0.0887025695503013
"ufb454" 0.524106365236727 0.145738411548137 0.187148295406252 0.0895641415286903 0.0403711205202859 0.0842974466278674
"ufb455" 0.582496158846472 0.161903948526586 0.231040733239145 0.105213456756343 0.0556048334840743 0.0876617992394527
"ufb456" 0.584841398316623 0.155006833985102 0.0984875239031514 0.0968957476570688 0.0418660559569815 0.109911198605533
"ufb457" 0.566959567300886 0.148658875402683 0.173564443679992 0.092995591763129 0.0565215503117626 0.0986392758820875
"ufb458" 0.462668620598955 0.13270650782793 0.417157190805976 0.0880287101828121 0.0473864507900653 0.0196456322878862
"ufb459" 0.551952637587278 0.155886752078842 0.200243881663026 0.102538014391233 0.0518935304138527 0.0869188713410001
"ufb460" 0.517051070000917 0.125377538144696 0.12423183851589 0.0781620646941517 0.0378601576810635 0.0763160719456553
"ufb461" 0.563082981811392 0.148773367697502 0.315308179562703 0.097151283312421 0.0623081057108892 0.0731864190792198
"ufb462" 0.631013638407354 0.161480377213625 0.33384638446901 0.105252609009956 0.0630903503339074 0.0871348921245782
"ufb463" 0.647563821094188 0.162486486041523 0.307998420593082 0.107168031182254 0.0733233848199192 0.0985713222033551
"ufb464" 0.572768526863484 0.152794598402637 0.0859700346799857 0.0946181660592977 0.0397981024554225 0.106965319461127
"ufb465" 0.611893161016861 0.170043599374341 0.271272054007868 0.112783864868601 0.0620904706092446 0.0887294972737531
"ufb466" 0.588443814753507 0.156152157755033 0.112871933346488 0.0978802126036032 0.0544993834120442 0.110510352467642
"ufb467" 0.550686050770575 0.15315309904196 0.240690790323533 0.100891553024134 0.0501753702709018 0.0779848469432499
"ufb468" 0.493486389292434 0.129332129828973 0.200391868846067 0.0835939876582742 0.0516423836007779 0.0629058650625316
"ufb469" 0.618099666994293 0.169841421194682 0.344470981649417 0.11947489543881 0.0461114472824587 0.0776555525510887
"ufb470" 0.687658956037302 0.135890404949055 0.781887990380033 0.103774180933559 0.0463048557726255 -0.00424252155141802
"ufb471" 0.626686973987816 0.160394568729829 0.241327914491492 0.105565954502905 0.0573177698976605 0.0964266991751512
"ufb472" 0.676085764068147 0.166478141528375 0.445146584750492 0.112686911765917 0.0779431046761783 0.0924495583154409
"ufb473" 0.593763294036593 0.155996484612702 0.147851604161249 0.0940492673986755 0.0524553473460338 0.104934462517261
"ufb474" 0.580742271569511 0.156461667879305 0.0740418186455234 0.0958817080013046 0.039876035596124 0.111923089279141
"ufb475" 0.583101055589951 0.158280135115 0.0750555432824004 0.0956012713157481 0.0411535060686186 0.114201492766869
"ufb476" 0.705439794131313 0.176883120631697 0.440281654845191 0.119745349294614 0.0671415864634141 0.0857857084719694
"ufb477" 0.598470028927775 0.155556199242571 0.136732856677488 0.0966763632862538 0.0454875332024726 0.109844530557371
"ufb478" 0.597383429430935 0.15325226227396 0.141932336127654 0.0959886890222564 0.0471264430802585 0.106674320837835
"ufb479" 0.591218371073469 0.150381712050354 0.138437718327661 0.093718676859265 0.0463129564566482 0.102741488131647
"ufb480" 0.620792588780237 0.165081453208105 0.483523870077433 0.115842912926374 0.0550093514055862 0.0559980990488348
"ufb481" 0.561425882385871 0.14153463125109 0.101899579896537 0.0889942433884078 0.036803098492376 0.0923744184297674
"ufb482" 0.498946202275122 0.123600109059364 0.178561030031974 0.0793148328573258 0.0486067474464958 0.0637276512514425
"ufb483" 0.479216068642746 0.126060023369564 0.189508337474644 0.0759807153774297 0.0372886478799943 0.0631338788920042
"ufb484" 0.576117430852386 0.149799280078094 0.0862363092894382 0.0900737029896224 0.0377975174383713 0.105281234750491
"ufb485" 0.590462202369686 0.151507247123993 0.126090470696535 0.0932225078395034 0.0348147616235872 0.10485784389973
"ufb486" 0.619694807010315 0.15572201879871 0.21398710452018 0.0995911166444024 0.0521324607129769 0.0981622114376471
"ufb487" 0.659003091190108 0.178602843840538 0.637046990028634 0.128094443140747 0.0577640831094569 0.0453966070726139
"ufb488" 0.541216518705601 0.138132147381025 0.315308179562703 0.0905513259876473 0.0537500251171301 0.0616002831048268
"ufb489" 0.531914893617021 0.140048996541888 0.315658462502424 0.0938140786573412 0.0500612405897081 0.0559708149082951
"ufb490" 0.51539770348397 0.139085353495497 0.164348405149268 0.0896954825736773 0.0425282831104422 0.0732487538976902
"ufb491" 0.616720768318073 0.155351895527925 0.211148998203767 0.100052696356788 0.0575235654518344 0.10420525100985
"ufb492" 0.367209361485627 0.127892086624898 0.597142428364513 0.089525685338361 0.0363646119067207 -0.0149154538120514
"ufb493" 0.514656023346638 0.1232207785898 0.55177500394994 0.0839633348167426 0.0472143622661399 0.00818109555965599
"ufb494" 0.589304989870118 0.148836847297328 0.139519000047568 0.0907573546877404 0.0454318586291258 0.0955783217394809
"ufb495" 0.534565547928359 0.135566824644514 0.176605537836532 0.0876493595107053 0.0485338274477411 0.0791750000889376
"ufb496" 0.523928215353938 0.134347947942976 0.529007439966144 0.0928741246054376 0.0515048446082479 0.0212007210897976
"ufb497" 0.586054898063661 0.158224007058051 0.0760909994600882 0.095902446991601 0.0361648386267643 0.114398200127092
"ufb498" 0.622747802242116 0.158617618604902 0.211186765057737 0.103030764481192 0.0583130416066566 0.109155823266153
"ufb499" 0.597081608981427 0.157082660965949 0.173847268934857 0.0979386710570725 0.0586382286972781 0.108767863757688
"ufb500" 0.58093026842717 0.151932794714854 0.111516300480573 0.0945718906962636 0.0458607840089704 0.106658011472501
"ufb501" 0.479894988701316 0.125883692555301 0.174215588601834 0.0793660305894951 0.0493992329659125 0.0591149231761199
"ufb502" 0.606525344411422 0.161129846628036 0.37729246376316 0.112158521861201 0.0660613466315525 0.0682108223298269
"ufb503" 0.515117967332123 0.141053339809166 0.324480650649615 0.0934597696088634 0.0491766770144375 0.0463268370982148
"ufb504" 0.583166332665331 0.155051039299564 0.150761770822999 0.093193890702717 0.0498087697708693 0.107675389870872
"ufb505" 0.630891750882152 0.158404308415697 0.193414729527359 0.100723414882105 0.0540112242543906 0.100986640962454
"ufb506" 0.545280795915696 0.134881400697295 0.282444504631434 0.0884390849922815 0.0548680676226103 0.0640662715596623
"ufb507" 0.608065181716106 0.161786084902434 0.303024683492585 0.111203402962582 0.0408517517947186 0.0795782464242016
"ufb508" 0.623744292237443 0.173438545270084 0.457955248630623 0.120306620088568 0.0589716314901455 0.0657091179647003
"ufb509" 0.593964832209295 0.157416605179803 0.0880711979071954 0.0989822576933106 0.0440804913816593 0.112443828265597
"ufb510" 0.491240380637153 0.125217007579766 0.199080913941711 0.0748191569562564 0.0404928604866652 0.0654085264817629
"ufb511" 0.544826855498066 0.152022751228198 0.3663699020116 0.105562524647783 0.0525803024961003 0.0582995157204383
"ufb512" 0.494000103825158 0.12679339672144 0.184952698800582 0.0794318237659186 0.0486296114726011 0.0639344324196627
"ufb513" 0.499350204390255 0.131732651476725 0.190169160039991 0.0830969245605553 0.0539459434973973 0.0654895308138093
"ufb514" 0.619193354782644 0.160211204657676 0.190204075267286 0.0995887248756427 0.0558368463614705 0.102996675008731
"ufb515" 0.492798606563341 0.128457578509335 0.149041706648337 0.077479923361356 0.0379230365496369 0.0756817316122649
"ufb516" 0.635013887024666 0.144450588061695 0.366232173768844 0.0955077037591442 0.0581753491171159 0.0791338186762198
"ufb517" 0.588950854370548 0.146556340230718 0.136413140081572 0.0933379732870294 0.05528177609303 0.0963880187120353
"ufb518" 0.561676781146247 0.147526482150736 0.150758538642089 0.0893145035450262 0.0483270849601922 0.0997071305447807
"ufb519" 0.618485386028827 0.18332168756864 0.27721188990102 0.124574346955077 0.0698671311857913 0.111036548998059
"ufb520" 0.704651345408858 0.179129185923843 0.35974715931476 0.125212727827146 0.0712975464933699 0.106452098938126
"ufb521" 0.574536602196707 0.162559287904092 0.264883775626845 0.110300064819384 0.0509522353119162 0.0805906572534301
"ufb522" 0.661660979541606 0.153983842179348 0.403324727955864 0.102251721959945 0.0692318842716278 0.0894791210139749
"ufb523" 0.504654348421661 0.144419785635368 0.211162932318249 0.0885925658809743 0.0496899221239569 0.0745888078061383
"ufb524" 0.774362206529057 0.197894790613116 0.51085335215597 0.141565336126637 0.0917332833753327 0.10857008478249
"ufb525" 0.606580532275038 0.156091302801587 0.166852038355901 0.0986710011293538 0.0509647222578183 0.101143305346813
"ufb526" 0.562396489458107 0.150244001943826 0.248847012492251 0.0994863947385052 0.0579708292944221 0.08546081005108
"ufb527" 0.600666420126803 0.162235260189295 0.112819296237384 0.101175320455932 0.0418224308796498 0.118362535302372
"ufb528" 0.588511696767866 0.157596981532965 0.100243471671959 0.09632481345299 0.031484811406599 0.1138948756209
"ufb529" 0.604870079608971 0.161226071449974 0.173881403053958 0.10096482202163 0.0604149986143811 0.114211887414734
"ufb530" 0.532338805456584 0.150266364905422 0.28620679411728 0.0987878538663112 0.058202173129949 0.067057607324517
"ufb531" 0.585176952325241 0.156608421358387 0.285120758465686 0.098993005491556 0.059532420269077 0.0743255206354204
"ufb532" 0.671450224128479 0.179383286837548 0.502719015751384 0.127139513548531 0.0648106001467871 0.0724744531147301
"ufb533" 0.661253515894497 0.170577547592986 0.451438153478003 0.116022312640803 0.067357732370392 0.0789547032670254
"ufb534" 0.515358754342089 0.132178419857574 0.200107584891482 0.0846593493079126 0.0512868617966341 0.0728351046042621
"ufb535" 0.525597176487711 0.143902102618138 0.215112475280633 0.0918190017645485 0.0529022327587263 0.0784976557699286
"ufb536" 0.711526304699024 0.165035227320526 0.435392067956186 0.110554399348576 0.0774013991922692 0.0969375724509738
"ufb537" 0.490461807104774 0.130056434733425 0.198015050491562 0.0828678460542253 0.0450772419853014 0.0705269594232368
"ufb538" 0.575872907317713 0.149388413690295 0.136752818811292 0.090957372279247 0.0478689437908144 0.0961660227723189
"ufb539" 0.567298397848985 0.149675195310276 0.0987325702215874 0.0922118731997631 0.0336921083505311 0.104276409938536
"ufb540" 0.579127154815869 0.153515821006149 0.0862619593909726 0.0954582495878749 0.0332176035312086 0.108816611293711
