"quartet" "cluster" "phylo" "mutual" "shared" "clusterNorm"
"mb49" 0.830652317353416 0.247577587294313 0.641839059825606 0.189186848854672 0.112435230124338 0.14818023091417
"mb50" 0.809208040750922 0.22744343106617 0.55102420772778 0.169477867127643 0.107160617249294 0.140018564805501
"mb51" 0.863712978569709 0.254155594652126 0.777750727658768 0.200967928450602 0.0978103322164274 0.129531709293776
"mb52" 0.87606886329951 0.247195799700516 0.850030810135394 0.201476469069487 0.100559972791815 0.120621422645432
"mb53" 0.67885924202326 0.204893014990677 0.0987509326747099 0.130197222277285 0.0680301550481421 0.164261601160475
"mb54" 0.690472086865237 0.183589798080318 0.373118066631534 0.127136515956726 0.0807192760583799 0.091765345602437
"mb55" 0.950593019315486 0.222749333974331 0.925876334041074 0.181833573426716 0.0914534705470836 0.0928777452046798
"mb56" 0.881394154553777 0.260350987615277 0.777676242035643 0.208121235969861 0.132672557166519 0.162641037408115
"mb57" 0.824980670555985 0.225380742578008 0.746818066695174 0.173149406381153 0.0848799196494943 0.093467242140191
"mb58" 0.893295100970044 0.252632098251815 0.864167475176408 0.205305820367662 0.104052527512125 0.127753650360885
"mb59" 0.774973133731537 0.203165269179224 0.595554170139807 0.149700759456411 0.0924395689094292 0.0976027017742939
"mb60" 0.656357594517646 0.189710716055918 0.147906672385171 0.11913923974284 0.0646560404368404 0.139271094308004
"mb61" 0.878051308629179 0.216484233077135 0.765250722952558 0.167204293479938 0.103848756321431 0.112979347258754
"mb62" 0.865489443378119 0.211969177842331 0.802458616311743 0.168682671356299 0.0823735893022204 0.0802963220358737
"mb63" 0.671416901152764 0.185703764092861 0.60479550708794 0.135909366260319 0.0581394190776901 0.0496421941142073
"mb64" 0.694444672669909 0.212656332169523 0.123596423138955 0.142255884523588 0.0707079100493141 0.172414445724219
"mb65" 0.691770128533579 0.208502100574775 0.135639772826408 0.136979205805156 0.0704553029730925 0.166983479752448
"mb66" 0.745612035559608 0.21877939737926 0.293585514947414 0.144674294096918 0.0912120919060944 0.159051906555967
"mb67" 0.87138757258226 0.211123769300985 0.83939872375566 0.169914875671874 0.0822168608169576 0.0793096533384117
"mb68" 0.684000602919522 0.174244907634374 0.308822305201623 0.119232885972486 0.0796428344470342 0.111277785477815
"mb69" 0.732693754702784 0.183716795957979 0.549822079318368 0.13288212454712 0.0732711319110182 0.0755713349598459
"mb70" 0.701050262565641 0.180848961397214 0.553069374588215 0.130326268378068 0.0788805730837945 0.0723935389924562
"mb71" 0.69360719557987 0.21097767577339 0.1236182270111 0.142133617362733 0.0694932198460081 0.170400169461976
"mb72" 0.669170415727351 0.181364926057647 0.358318170385084 0.124762551791042 0.0785001834921437 0.114177378031771
"mb73" 0.668383838830495 0.197164478017776 0.0987313418427918 0.126674663687566 0.0646109850257237 0.155887812254531
"mb74" 0.777987685418416 0.206707033295115 0.724892164526122 0.157842027405313 0.0773174316156512 0.0736350867239829
"mb75" 0.713478173980073 0.180392022675314 0.516766003610432 0.133140446801352 0.0864853821920367 0.0881568809639414
"mb76" 0.694575387224143 0.211343585594893 0.125146231575577 0.141842383449888 0.0710665705676067 0.170430361009299
"mb77" 0.790333787647986 0.19962885326381 0.555329220724009 0.143567709416212 0.101162269195635 0.109692613649954
"mb78" 0.691402322987073 0.204422060734349 0.172229933627594 0.13347672911747 0.0764087743419179 0.16045393520822
"mb79" 0.795835305253194 0.224935711074925 0.592691396489028 0.172045723745843 0.0979458506783332 0.12154859724746
"mb80" 0.752407977656832 0.220958546341374 0.493692645623027 0.157053594657459 0.106061507570317 0.143815057782369
"mb81" 0.683787261419687 0.158722527575672 0.737461487330758 0.12281048161625 0.0562142917042882 0.0168986985307699
"mb82" 0.659738086508541 0.192054187890638 0.172625029721445 0.122922952191506 0.0740818242533446 0.139632422798119
"mb83" 0.743220999740102 0.180504476179008 0.76539678333228 0.137918570910766 0.0665088622632548 0.0435741519987074
"mb84" 0.682628343127558 0.184554442021621 0.39541582369602 0.128718122490985 0.0845575034000365 0.111618667176019
"mb85" 0.700309609605703 0.177041622770628 0.393751245353355 0.12332725145853 0.081357200578061 0.103556797896127
"mb86" 0.623121444965572 0.166128136276878 0.263960307501377 0.111552105700455 0.0631105393322695 0.0833925234955811
"mb87" 0.689708141321045 0.189553612078909 0.399575292226073 0.133960840818858 0.0744869753468668 0.0819338759834308
"mb88" 0.751034839599862 0.169699330054571 0.777629002123222 0.132694051729179 0.0621558490185046 0.0309635632347112
"mb89" 0.656827163480926 0.178932295073365 0.649907569593819 0.132235215138375 0.0594936897482236 0.0406123729888021
"mb90" 0.774958293089824 0.188305835138289 0.592989327671407 0.14167609011871 0.0660443479280979 0.0526790478050973
"mb91" 0.636867893765821 0.17461250844825 0.13567865329911 0.110421946172107 0.0521793719817008 0.12661672866357
"mb92" 0.689050142851228 0.210197474305874 0.111192150617987 0.140581373717181 0.0681946561014281 0.169979068413291
"mb93" 0.793688722471301 0.195956523114753 0.629483834717846 0.145293556876764 0.0898768804862704 0.0897398625427969
"mb94" 0.656288937715428 0.190184587076404 0.0986719251476721 0.122464087653694 0.0587924489230151 0.147717208176942
"mb95" 0.731297915668424 0.205891801565303 0.431922727229785 0.145510863933237 0.0762345265357689 0.116659317979422
"mb96" 0.826616387775945 0.202596479419024 0.678834441173562 0.153703036331881 0.0933668837130869 0.0972569778630401
"mb97" 0.676408976890644 0.169959456344101 0.321415043046128 0.117459926226032 0.071751834598723 0.0958422401190949
"mb98" 0.680453972257251 0.182679642344968 0.649969189864606 0.133020560389854 0.0620040962989602 0.0449910114188835
"mb99" 0.733467077452175 0.185429987261894 0.724892164526122 0.142486437862392 0.0687671567393284 0.0493226716395765
"mb100" 0.705123584707331 0.175602660951781 0.470601527338674 0.12766893423856 0.0733666426777102 0.0827748796159525
"mb101" 0.752924336437944 0.219493444445741 0.456606497189181 0.153159010711648 0.101768016499876 0.149774918660339
"mb102" 0.677101403646858 0.201676160741988 0.0987701796444085 0.128521079614744 0.0570728111232084 0.161027435134977
"mb103" 0.687486242570988 0.173479115217712 0.430593164114425 0.12387736026326 0.082344206578226 0.0915449550622903
"mb104" 0.785319065463548 0.228123376151912 0.555407567396468 0.167762813323379 0.10794064199099 0.141389013877834
"mb105" 0.718348772956282 0.174958036539663 0.703566198932069 0.133766004832425 0.0625858767590789 0.0371009522297636
"mb106" 0.712175274112215 0.208029937563533 0.271806523412965 0.13814240806477 0.0884676915896094 0.147553531322888
"mb107" 0.637209559790205 0.182155071302802 0.18495329691495 0.117150243429446 0.0719175680673257 0.126536454533283
"mb108" 0.681450276659202 0.168986963324446 0.308912245040314 0.116148210420601 0.0732884762558448 0.100902903210908
"mb109" 0.668960716454459 0.168200429942123 0.296535721377021 0.115069179331749 0.0685577062877401 0.1000519299417
"mb110" 0.733991858940488 0.21708178890136 0.374670868866779 0.147732559495862 0.102425091578108 0.152834724617172
"mb111" 0.738010299490779 0.191282771195069 0.543051248712554 0.139539125986198 0.0833697554449006 0.100408697627763
"mb112" 0.617661009989451 0.157968409990495 0.248473997539291 0.104183788109678 0.0651547135736799 0.0827221864595421
"mb113" 0.705818491241454 0.190282971907921 0.513301781195017 0.132551492845414 0.0719342359361457 0.0827600880083285
"mb114" 0.722386785497161 0.213517782439519 0.399717654542321 0.144335279416613 0.0960933967994172 0.143188381879493
"mb115" 0.797630881378396 0.196766868360126 0.734027936608537 0.151222496083503 0.0722851391466687 0.0607045980007783
"mb116" 0.786693961105425 0.22851511307276 0.530694930028639 0.169028420191251 0.101774313997093 0.141824769558883
"mb117" 0.633935951653342 0.165015000029115 0.307978881944656 0.109070201970266 0.0662729461665875 0.105076867301757
"mb118" 0.659682113482044 0.190947156555341 0.0999123657161224 0.123463884243437 0.0572565006497869 0.148992248372015
"mb119" 0.644115972849744 0.17993322575412 0.137253022796347 0.113929883090164 0.0561204099591941 0.130711963044563
"mb120" 0.561700526711813 0.167307951139615 0.612446082263061 0.123510758478949 0.053762198880722 0.027460119325876
"tnt1" 0.581121155765544 0.151325626005228 0.211202897908397 0.0970371285367097 0.0568410413878795 0.0754857853053303
"ufb1" 0.604240604240604 0.166636576889556 0.649845949323032 0.120068970236924 0.054324471454069 0.0266759900262949
"ufb2" 0.636465932019246 0.147894609966015 0.590331259892992 0.106774204650395 0.0620566428419535 0.0349826935246359
"ufb3" 0.632664546854728 0.172604147143778 0.135385111110415 0.109883422167349 0.0506939227809898 0.125800485986847
"ufb4" 0.633601870731325 0.173986763207472 0.19694271218527 0.106780871625169 0.0642631647205903 0.117852097955442
"ufb5" 0.646043577016909 0.181182954204394 0.24616957441419 0.114274808789894 0.072578150318246 0.122490356921307
"ufb6" 0.630778477864367 0.176618831664883 0.258478201684909 0.112342361876389 0.0680921452160177 0.113845228476553
"ufb7" 0.65071865156351 0.168134955059603 0.367287559064684 0.111458321817333 0.068953757432347 0.0857054079341759
"ufb8" 0.634339123640079 0.181728779199771 0.17262724834886 0.11365223163176 0.0604259454416047 0.135416965231046
"ufb9" 0.636197213553537 0.18083776852826 0.172588325504276 0.111689159743102 0.0600617206890002 0.135576814062585
"ufb10" 0.685701473301822 0.202088554929993 0.149797680210989 0.132937747053619 0.0639892935502199 0.158881465146462
"ufb11" 0.751677309837523 0.19395297208635 0.674861354390729 0.142194332112763 0.0683630038403966 0.058741579153066
"ufb12" 0.649057424143607 0.166779904807621 0.444225752076769 0.112256463071323 0.060366041741258 0.0567089216120037
"ufb13" 0.650775674382731 0.16290455117171 0.321603105225361 0.112284053236782 0.0618716953374688 0.0799221198351587
"ufb14" 0.631050800364676 0.179646589643262 0.160097720477081 0.113075558259906 0.0587908226591472 0.133243362285714
"ufb15" 0.735138989742631 0.209931683101201 0.330298018313735 0.141675585100946 0.0889760486312563 0.145004456628508
"ufb16" 0.635335417950178 0.17543430520154 0.1106259860845 0.113231170586852 0.0515448171154629 0.129884134260006
"ufb17" 0.642188819456173 0.180937455546962 0.135282217801125 0.113417995284736 0.052352673265829 0.131778763803222
"ufb18" 0.801716868718984 0.225952759432863 0.567685539407923 0.168888434739945 0.0984151155204294 0.13897448893427
"ufb19" 0.643148665050088 0.182211374280584 0.123024929606649 0.117367864301477 0.0574104006955871 0.138716413244982
"ufb20" 0.630063367097115 0.177137326032724 0.184754775658007 0.11101828772361 0.0628762862603571 0.12374771357159
"ufb21" 0.652245317235869 0.164692935950252 0.2468873944553 0.108985910043736 0.0711864995810471 0.104808903324093
"ufb22" 0.742855126667137 0.210736756216313 0.379282269749635 0.145810521700983 0.0923138727801578 0.140035054064675
"ufb23" 0.746685023144165 0.214993707508093 0.342709207777909 0.14577174349295 0.0963099206827257 0.150482474435017
"ufb24" 0.772951699463327 0.223718402295681 0.678858310279094 0.175150659362997 0.0804584171086029 0.0940087361180861
"ufb25" 0.721059972105997 0.206296553498968 0.256778291153397 0.135018977148333 0.0770340798910822 0.149265448797602
"ufb26" 0.676203644462384 0.193665178559843 0.159782050870824 0.12595165670332 0.0682126508943457 0.148016448726011
"ufb27" 0.672649647120328 0.166808229268993 0.552998708506367 0.119057283664275 0.070897728242822 0.0564938169318832
"ufb28" 0.648245060628715 0.183019301642556 0.224212153890175 0.116385079668559 0.0712926042763964 0.127459457990508
"ufb29" 0.628595391483333 0.175608009658545 0.23668904235473 0.111505081446341 0.0688189905169847 0.116470056475732
"ufb30" 0.615082849862517 0.158752360132267 0.322333560956083 0.102356863342879 0.06219108062718 0.0835761925093165
"ufb31" 0.703225763202703 0.200897348456698 0.333302346400674 0.136772191249901 0.0828906365296578 0.129517731693272
"ufb32" 0.719694140210973 0.205668781155661 0.324924046661564 0.139210941069151 0.0843743025039223 0.14054771521048
"ufb33" 0.472856819724044 0.147791435719934 0.599876759458426 0.103651438097181 0.0449159681326307 0.00412482667266829
"ufb34" 0.51416188267498 0.136240986451684 0.466054309461886 0.0884190763990024 0.0498016412740875 0.0217848561373743
"ufb35" 0.706631507266115 0.200165546233262 0.444200699241241 0.142633841004134 0.0735636355842767 0.110289613825253
"ufb36" 0.831545320173556 0.226508249185289 0.65636732941246 0.17585306641998 0.101105636449732 0.123907552455294
"ufb37" 0.664594428479599 0.192829062553788 0.123028578151565 0.123141330465752 0.0554385786729476 0.151581158800679
"ufb38" 0.616202581174871 0.163850763856551 0.135385111110415 0.103561000222254 0.0413314965110186 0.11655194625916
"ufb39" 0.63412560270492 0.179460375687356 0.261766276416184 0.115284032037096 0.0706522255045185 0.120644304414923
"ufb40" 0.651691017739261 0.167860892583266 0.549750911045716 0.116306807550801 0.0685087169112687 0.0576861695180506
"ufb41" 0.641730524466204 0.178559098119088 0.162033824942687 0.112497192106399 0.0532176327441068 0.12925766155025
"ufb42" 0.721188216442746 0.158141102030825 0.737338246789184 0.11617124247567 0.0528296232709286 0.0176522144562746
"ufb43" 0.776784646657898 0.175973424453496 0.703544891389082 0.133618525634839 0.0835910343438956 0.0671169339858961
"ufb44" 0.679211193781674 0.168739245262199 0.319792045060889 0.116940798597409 0.0693563736931262 0.100634889857616
"ufb45" 0.743778304392926 0.205818162141444 0.415505813468182 0.145049289713979 0.0859818353184595 0.126901980995508
"ufb46" 0.654221676559883 0.186975853584547 0.249283776263795 0.119211719940544 0.0732291829283434 0.131723908133808
"ufb47" 0.746888313424108 0.170537039295467 0.790043809217483 0.1346582275598 0.0642008020218158 0.0319412461479335
"ufb48" 0.667612621111395 0.196130565435359 0.124538256910221 0.126064708237136 0.0597115510918885 0.15480142911846
"ufb49" 0.633290172101838 0.17429027693463 0.13698635859598 0.109975408629955 0.0517711699697696 0.126277989308804
"ufb50" 0.622515459053867 0.170158957553717 0.183781164684085 0.104759094314232 0.0592681256854401 0.113724529338871
"ufb51" 0.644573110265187 0.163539084522991 0.456580977184529 0.109436185921678 0.0584047259297133 0.0530399788215098
"ufb52" 0.792012611665791 0.205361264312816 0.582901500297548 0.152785831747136 0.0887301740262856 0.0997999208434815
"ufb53" 0.634584798987683 0.18248016451961 0.135352485194664 0.114611572569209 0.0554390209279626 0.137331791174337
"ufb54" 0.630307710945545 0.160502187245181 0.38390349835822 0.11260987835133 0.0576854604866016 0.0659740808295537
"ufb55" 0.617124893967367 0.151426682210255 0.358760766142657 0.106968662921726 0.0605539561073329 0.0672615435596329
"ufb56" 0.739320188220576 0.190960455466285 0.505825599315895 0.134366115024436 0.0881757302768307 0.100050163870964
"ufb57" 0.686069993910907 0.195290957074132 0.220437942600403 0.122701110450532 0.0697011568136978 0.142971917455242
"ufb58" 0.620878962950188 0.161509703235137 0.330767930945664 0.109051883975159 0.0700379040969788 0.0866620864025565
"ufb59" 0.616274058146607 0.152265415665653 0.209946193317383 0.100043021705218 0.0514368811093282 0.0972454678383567
"ufb60" 0.641371416479505 0.178349205014431 0.174383900693154 0.111413982919309 0.0624812091714778 0.125038222622724
"ufb61" 0.631789330637543 0.175975047751949 0.232939176724067 0.110730502948792 0.0685560942886558 0.116863424133031
"ufb62" 0.691010913580017 0.201769298632798 0.221058496771382 0.130562075289252 0.070863279878971 0.155309099803936
"ufb63" 0.691010839425258 0.200408401938608 0.287386069992347 0.132098328916895 0.0859285596583418 0.134793102570799
"ufb64" 0.752432824981845 0.209725702173866 0.653797543624214 0.159871674713962 0.0740609526207654 0.0758585707853267
"ufb65" 0.664589851969772 0.180441721667021 0.39566045342523 0.123916583271421 0.0770687941424383 0.099154418988419
"ufb66" 0.661552533280026 0.193263668692848 0.123027409097959 0.123464392140782 0.0611281402994961 0.151428887463926
"ufb67" 0.670511639929563 0.163429046720796 0.458047660759407 0.115233928235275 0.0581260744588168 0.0692305069577202
"ufb68" 0.657995712754555 0.157702370425818 0.40821832282081 0.109823343370562 0.0606763637851886 0.0741596814300661
"ufb69" 0.655565947173045 0.173716158118099 0.345838086990281 0.115626716305952 0.0727771664021471 0.110614756930431
"ufb70" 0.661967876826691 0.16579192293909 0.433411542430639 0.119410214115786 0.0698756205829424 0.0719137490642608
"ufb71" 0.687230303532161 0.171020213463565 0.420604209793242 0.124801621883028 0.077512706849492 0.0888422989713327
"ufb72" 0.687317926530653 0.202990317984057 0.149797680210989 0.132275378149614 0.068790158097521 0.159830658440593
"ufb73" 0.684304449068805 0.201922838484607 0.126727122061119 0.133675892369832 0.0542662020265862 0.159439626314185
"ufb74" 0.629685881946842 0.176509480463811 0.147787297602681 0.110426463323669 0.0531830690044463 0.131956743368504
"ufb75" 0.645172011526152 0.161824372510294 0.250067268758127 0.107021590086013 0.0576257989855668 0.101666288451107
"ufb76" 0.59729411825667 0.159655643927336 0.318840769184735 0.106822903371317 0.0573501529283356 0.0908244420444514
"ufb77" 0.627874071453838 0.148751928786649 0.725015405067697 0.112250416190622 0.0517576010900054 0.00524724111367192
"ufb78" 0.676031024893301 0.195402339526036 0.135632036110241 0.129456497315796 0.0531339516396755 0.152584554500821
"ufb79" 0.559870250231696 0.156761725632567 0.617271176949974 0.113357418546421 0.0495198125848898 0.0158642015899691
"ufb80" 0.775061385715811 0.155089359816651 0.827105642196945 0.120440271819592 0.0584647110564959 0.0139123985023837
"ufb81" 0.630672926447574 0.17049867545274 0.6122612214507 0.122601635981184 0.0564099654154845 0.0317629771677731
"ufb82" 0.645909400954941 0.187500355839946 0.135410047255389 0.116983249336807 0.0568243505376701 0.144897852849075
"ufb83" 0.633112955532996 0.171745394916166 0.135395917099283 0.108336818176163 0.049626231982342 0.126002300510443
"ufb84" 0.597907657084711 0.161608768663577 0.428933756320804 0.109914354988132 0.0566043562726501 0.0506059488537764
"ufb85" 0.648675553343392 0.165652925978381 0.38055993055756 0.1140434751241 0.0627458066542435 0.0717591099859498
"ufb86" 0.578805294322536 0.160330624239919 0.617088588646656 0.118429073313658 0.0516489734424775 0.0200294310241117
"ufb87" 0.676653297981297 0.169260165026691 0.381135607436271 0.117923282164523 0.0749026192415356 0.0869077744949984
"ufb88" 0.679754601226994 0.166920914610156 0.331944241852 0.114549422205842 0.0709929525909816 0.0925323763919957
"ufb89" 0.620856083665952 0.147549493794145 0.345026941257744 0.0975476169506931 0.0588152548252436 0.0775907962701062
"ufb90" 0.690350876274574 0.208684219637132 0.1236182270111 0.139836505707826 0.071480806327366 0.16798876643374
"ufb91" 0.592920213189086 0.162171189160848 0.345488739815234 0.109941688288783 0.0626414487483848 0.0677851063982636
"ufb92" 0.537020596590909 0.172671519981175 0.574922974661516 0.121137845210915 0.0542124215539624 0.033724481533126
"ufb93" 0.679044562646442 0.197823093369542 0.159943280163118 0.126514816549378 0.0608142486122015 0.154383618335527
"ufb94" 0.628032681293557 0.171466263517479 0.123010951591891 0.110033069320677 0.0538970765230967 0.125696892361636
"ufb95" 0.63331466432446 0.175809081765311 0.122998720793539 0.112217412786772 0.0550371795341465 0.129173584951058
"ufb96" 0.654620938808301 0.175576589654163 0.305904047599645 0.120465116930345 0.0687553853381081 0.107729555035246
"ufb97" 0.633285549590118 0.171589850314697 0.160157891744165 0.108495812778834 0.0523768740210075 0.124728812987778
"ufb98" 0.777634732589194 0.22722946232425 0.487252123224455 0.161232526720879 0.0970091985222999 0.14025444783761
"ufb99" 0.56369296833065 0.148668273426225 0.306734294390105 0.0966594763010021 0.0568932497259388 0.0642049406046865
"ufb100" 0.604887550441089 0.158846227697404 0.331851117656592 0.106039916765244 0.0655031802704325 0.0835873858696714
"ufb101" 0.667958489650795 0.186065400353405 0.245010988337543 0.118253946312821 0.0681463884651335 0.130581107380429
"ufb102" 0.661278420722694 0.192767106132397 0.12454249989483 0.122860554036592 0.0585050558352671 0.150905652225782
"ufb103" 0.634318610613903 0.163082533067836 0.318840769184735 0.109632644530833 0.0692165578904432 0.0945320219476794
"ufb104" 0.627517874049166 0.163203161004385 0.402720866162562 0.110927840921159 0.0664770366843317 0.0685726717890563
"ufb105" 0.618633087699409 0.155540677259885 0.380324507692575 0.106220951695754 0.0630638006324003 0.0716576639227412
"ufb106" 0.645305796899441 0.172177306536272 0.293921913151559 0.114851718696457 0.0670262956546096 0.108808013444166
"ufb107" 0.67228111120987 0.193014652796328 0.159782050870824 0.125657034401746 0.0670672139690586 0.147329094992229
"ufb108" 0.671899835260445 0.190317483498071 0.233155056523781 0.123779927260953 0.0740043831990389 0.139879384345195
"ufb109" 0.711480018899071 0.202863804538998 0.236067804993963 0.130996325020122 0.0701445085510186 0.145523394864623
"ufb110" 0.68276496667875 0.172018048684296 0.55061988054344 0.125483628919727 0.0749541299610369 0.0620273280914188
"ufb111" 0.650647753767301 0.185383325658907 0.123045162093074 0.117927818927448 0.0582485064023677 0.143138963934368
"ufb112" 0.735170010617156 0.214277584048086 0.424761138188446 0.148342516931147 0.0985290984570406 0.136371795616848
"ufb113" 0.615192150449714 0.157209697240341 0.349801698579564 0.105084558427283 0.0567736486424149 0.0623657167537863
"ufb114" 0.693086898920649 0.203949786766428 0.19694122182145 0.134579803798244 0.0709040027169336 0.158883295587042
"ufb115" 0.511758883162098 0.148456570607369 0.387277599147961 0.102040470776925 0.050982296698267 0.0356396508476718
"ufb116" 0.705763387859918 0.175328273557523 0.430593164114425 0.124541925535635 0.0811785786286203 0.0935774230296696
"ufb117" 0.732893419877615 0.204329254455272 0.366765117153098 0.13723572774508 0.0874181956362387 0.133053572348767
"ufb118" 0.597150635404001 0.151205148574995 0.255931331404516 0.0965959080907306 0.0585809362702098 0.0816150157436895
"ufb119" 0.713994330063537 0.204062850260157 0.256778291153397 0.134459465493229 0.0708091724565583 0.146871244097136
"ufb120" 0.705650421183736 0.201738021764694 0.257083593497402 0.132208186300796 0.0719865809332196 0.147374329412704
"ufb121" 0.630586897216751 0.175198510004161 0.249149552769751 0.110152986980206 0.068710720065286 0.112316623177876
"ufb122" 0.623336750491652 0.176049762623938 0.270663947316484 0.112343694546268 0.0658768003432161 0.108561375606821
"ufb123" 0.579041955299961 0.15787531731316 0.429004422402653 0.110018329601832 0.0592392451656745 0.0463781893426472
"ufb124" 0.604050052209042 0.155720729406259 0.433332939959011 0.106700796041652 0.0547462693772609 0.0606323621785211
"ufb125" 0.661531930377828 0.162485604511966 0.430067974629979 0.112825536730129 0.0648420670974501 0.0682353518420223
"ufb126" 0.645872964169381 0.158833050666682 0.237540739555679 0.107957329093151 0.0527606924021355 0.0984630685022469
"ufb127" 0.653689232024605 0.163801115087496 0.426345229021798 0.114515233525453 0.0580287806409055 0.0694323240139344
"ufb128" 0.63905841548197 0.183049886411419 0.135408025017049 0.115022634520007 0.0552596815052751 0.13960663803662
"ufb129" 0.618786506138992 0.154928456307275 0.674922974661516 0.114850355373371 0.0518730177537461 0.0124650169880088
"ufb130" 0.602483228196656 0.164876514206399 0.60479550708794 0.118495585801455 0.0496112451205633 0.0253348982777198
"ufb131" 0.683453792535816 0.197206660716774 0.171629486480401 0.125343004654842 0.0641233354135214 0.151758423479683
"ufb132" 0.643914109593706 0.176647854641389 0.110665254483277 0.112916941566782 0.0504760226254393 0.133469418814684
"ufb133" 0.688167252335697 0.20476728024643 0.125168169487541 0.137028115344571 0.058428249918017 0.16305367603266
"ufb134" 0.667031332049711 0.19507290404141 0.123016892562446 0.125259426836284 0.0518064720698469 0.154087956519765
"ufb135" 0.64407554415406 0.18126900373755 0.124544150036641 0.116810100122416 0.0565488625510848 0.138334084396503
"ufb136" 0.630003571433421 0.171037096994436 0.124539059221425 0.109217131330033 0.0528677787571397 0.126177729139657
"ufb137" 0.638852501964894 0.148528501835954 0.703687924467614 0.111446373074578 0.0498461156945706 0.0062552802199723
"ufb138" 0.64944212223941 0.157645423277872 0.56549000302314 0.116421209699779 0.0674253412195853 0.0461181781503332
"ufb139" 0.760567731305885 0.211579534823862 0.427949212372973 0.148458017511505 0.0924597572587529 0.133235849180317
"ufb140" 0.673714688816354 0.193448433092667 0.159782050870824 0.125960085316658 0.0653522168642327 0.147787432729259
"ufb141" 0.631638994805897 0.167223595440023 0.574911039659184 0.125146948342764 0.0692789867041359 0.0572112251660392
"ufb142" 0.623230204509701 0.160672807966625 0.654211284393891 0.120516145542467 0.0534892826894624 0.020428790570898
"ufb143" 0.641777604960758 0.161617724236174 0.384441680807981 0.110867486259462 0.0647886526766476 0.078542384396467
"ufb144" 0.603760773047793 0.1592115196611 0.413714377335794 0.107209967499738 0.0599826702172478 0.0642372928048365
"ufb145" 0.643679661067997 0.159422984132786 0.34628888795865 0.107553931274303 0.063667682941859 0.0760954202332099
"ufb146" 0.862491153573956 0.226026720491821 0.814751697870458 0.179965978503578 0.0881677799521796 0.0967027535032042
"ufb147" 0.647174538753028 0.146383265079821 0.541559326882455 0.102339188484905 0.0686941975252018 0.0502484217608264
"ufb148" 0.650000405999042 0.182503125280701 0.196565180384497 0.11580041273507 0.0685419226924551 0.131578241040397
"ufb149" 0.704288591945628 0.180662241318196 0.493782667321814 0.132202721205148 0.0735849873038764 0.0885947582636445
"ufb150" 0.523993727130162 0.14855904935074 0.617210314182201 0.108235039066991 0.045481246282028 0.00629093194946189
"ufb151" 0.67943977443949 0.196604741746235 0.186838611510755 0.12669952767112 0.0587973086089988 0.151102282981191
"ufb152" 0.648329725732888 0.186273467497952 0.147819788863036 0.117117295616383 0.0610157218274134 0.14359982042945
"ufb153" 0.644977351109281 0.184878297504293 0.149614884828677 0.118512260340351 0.0609336717998187 0.141525179627243
"ufb154" 0.653517809832205 0.165087145848743 0.455364938059289 0.114558929175877 0.0712371994897523 0.0822634164425105
"ufb155" 0.668542261035873 0.195115998673014 0.123002827298665 0.125891094987344 0.0523051272234614 0.154181214145051
"ufb156" 0.660760641471474 0.186498996810599 0.17209740263281 0.120446896743523 0.0718747807089238 0.139150005734558
"ufb157" 0.684872774722714 0.162847510214135 0.724830544255335 0.12232301516113 0.055577984269806 0.0222505623337599
"ufb158" 0.619730408352055 0.155419702763288 0.468865908316965 0.106740148211831 0.0578169261586489 0.0438480013114308
"ufb159" 0.742544290696562 0.209214888269681 0.315358772084466 0.142338211667274 0.0927797257463489 0.144290663880207
"ufb160" 0.674650463099522 0.188485860963755 0.138837972830929 0.123781153528134 0.062532100230567 0.142563001118981
"ufb161" 0.66583958274809 0.195380610957015 0.123016892562446 0.124953521819826 0.0577538274995377 0.154411331129812
"ufb162" 0.628834728657046 0.177281721257925 0.149559364451504 0.111573778847767 0.0541684892670391 0.131844388748311
"ufb163" 0.638118416597998 0.174269114945697 0.110666835522775 0.112328210166358 0.0489666679746984 0.130350314732345
"ufb164" 0.573169825343738 0.143328965426256 0.512437727761429 0.100953846323807 0.0574733664658757 0.0298120584745445
"ufb165" 0.744992726865839 0.187805896054907 0.431820203140599 0.130231986892488 0.0844655465932019 0.107379512746125
"ufb166" 0.62295848480059 0.177094015118234 0.267375518137382 0.114309337230895 0.0590769148827826 0.10337861749881
"ufb167" 0.637684812326159 0.166594307457426 0.308016234938834 0.108645112757898 0.0668911948069734 0.109886109644736
"ufb168" 0.573825474235929 0.146627034594263 0.159384657385589 0.095671463629831 0.0437224410629847 0.0934784568382411
"ufb169" 0.663820330089788 0.18448539163149 0.183581025858571 0.117364013867138 0.0659758826453429 0.133630295328612
"ufb170" 0.674367935472253 0.198394277165846 0.111192150617987 0.132472434844502 0.0553096812513135 0.157574827647845
"ufb171" 0.576993291296605 0.151808859021301 0.388221634512561 0.0975088756230073 0.0586736535349137 0.0674542704835029
"ufb172" 0.633486093896101 0.172946538577045 0.112002211412114 0.111848986289131 0.0501221896284517 0.128192158304442
"ufb173" 0.691352390569775 0.17435148363184 0.345941646721791 0.12147119904796 0.0738716194346385 0.106706933257584
"ufb174" 0.605865323604061 0.147684698921121 0.210008624118505 0.0959738438626799 0.0512488623585733 0.0896997849288977
"ufb175" 0.675087024855929 0.19575464714452 0.123246142537517 0.126867438220079 0.0648428184760517 0.152954439622142
"ufb176" 0.594918353193367 0.156294925946553 0.444155458101445 0.106283962694184 0.0551251798914341 0.0448388442173281
"ufb177" 0.633520138673514 0.181300688321636 0.222173702695398 0.11597449697878 0.0675109821484143 0.128156575798781
"ufb178" 0.594679668120777 0.158237538682409 0.455543698137615 0.107787036339788 0.0638246285602223 0.0633721974283683
"ufb179" 0.685584546962929 0.203559320927406 0.112609635406689 0.135646459573452 0.0534017506113277 0.162249982004714
"ufb180" 0.687463421801727 0.192989100635934 0.211156289884521 0.125336154472923 0.0649247592107224 0.137976782456879
"ufb181" 0.702760669241646 0.200762061535482 0.381135607436271 0.137210355327493 0.0871671594899003 0.12151618477785
"ufb182" 0.67783061823333 0.157150422824311 0.712507702533848 0.117955137877547 0.0534579949229102 0.0163178465830445
"ufb183" 0.729479846320409 0.202903874802878 0.431991789038785 0.141750608448726 0.0903417790510699 0.123972547688266
"ufb184" 0.402230141395563 0.150989382139648 0.569503357767532 0.102599237419583 0.0431910238973554 0.00917098802025733
"ufb185" 0.708598603973307 0.176653201513305 0.666565228720379 0.130956789398023 0.0615831616619654 0.0390793640090717
"ufb186" 0.617156286721504 0.159292966409306 0.408618219158616 0.103498651902653 0.0659352129136263 0.0646717265190091
"ufb187" 0.59380599933047 0.155491670595146 0.233227627164737 0.102648692839015 0.0509751465764763 0.0980608629760037
"ufb188" 0.678049674962573 0.189312580499006 0.20792672748718 0.121967090640959 0.0676761873295009 0.134049641298941
"ufb189" 0.73627706536508 0.202877978926456 0.356704292930705 0.141053262945721 0.0890837688102911 0.131548235856059
"ufb190" 0.75642040596599 0.174260834889843 0.678904735148886 0.130751665843036 0.0795190502819591 0.0651781059791603
"ufb191" 0.647752173782532 0.169838787569749 0.19739669888286 0.109018954513557 0.0702464532142446 0.118188136464972
"ufb192" 0.701868240345198 0.201833982281748 0.24575164099489 0.130749976970901 0.0750088496623368 0.149984053696186
"ufb193" 0.627859341961385 0.172880168532615 0.135385111110415 0.111347519826956 0.0520322105167441 0.126078943947393
"ufb194" 0.55961091977421 0.144518458514565 0.40821832282081 0.0939284813494011 0.0565160031542235 0.0596434093348901
"ufb195" 0.835287548855388 0.193963070195789 0.802336890776198 0.15182395914687 0.074108954059095 0.0592815559090881
"ufb196" 0.612043915170599 0.150957832739668 0.382018429656083 0.100919210648097 0.0564940130000251 0.0665954699780862
"ufb197" 0.625664747160074 0.162446548633985 0.431940820944333 0.111638104182928 0.0610277064745654 0.0518031155210874
"ufb198" 0.709557335922959 0.15300380176355 0.637242015011634 0.104877904992121 0.0628542334264929 0.0407175030478591
"ufb199" 0.660231355363417 0.14842856092735 0.62759314519777 0.107364973872773 0.0626274967442574 0.0355873979714385
"ufb200" 0.751496401292597 0.21422272244905 0.462206851413093 0.15037216254513 0.100251383645562 0.136311494391756
"ufb201" 0.609054646988432 0.158316032695469 0.36720136867216 0.10874830298594 0.0663810737183227 0.0749135280829376
"ufb202" 0.625798685063432 0.176412845864383 0.587369056924577 0.127256744299296 0.0520718269066546 0.0387988470951163
"ufb203" 0.635426305580117 0.174890990492833 0.13698635859598 0.111020531240774 0.0503094221190456 0.126911404269386
"ufb204" 0.625693329223454 0.177574070436824 0.197071147718388 0.111454952168057 0.0577534997609093 0.129752724535102
"ufb205" 0.765463373443107 0.197168060824517 0.712322841721487 0.148349928445372 0.0726145637268645 0.063022071617611
"ufb206" 0.614042207792208 0.174482452852881 0.599876759458426 0.125292944329688 0.0567694015657293 0.0364130490307008
"ufb207" 0.645573452411259 0.155351285099224 0.309035017506775 0.106161655758974 0.0635240361324122 0.0799296542946126
"ufb208" 0.66025641025641 0.164873253608436 0.678980035814639 0.118084439623897 0.0537576731982752 0.0253310928631924
"ufb209" 0.500198688654878 0.144302016489996 0.654150421626118 0.106454936528192 0.0483432309496337 0.00132258722340195
"ufb210" 0.625470308900913 0.176051503868382 0.160076793069033 0.111966757760217 0.0598833411631842 0.128141625759795
"ufb211" 0.686955954574178 0.204072955784652 0.125146231575577 0.135563070574473 0.06663301317189 0.162789540028314
"ufb212" 0.626972305454042 0.175242479811023 0.149559364451504 0.109637373494123 0.0524280785697931 0.129694397887197
"ufb213" 0.640158251471908 0.166502232924922 0.222173702695398 0.108957261181595 0.0729812540193523 0.112451798389623
"ufb214" 0.673313984199164 0.19483301792885 0.172168441187699 0.127064120540735 0.0740994817433419 0.149250402545774
"ufb215" 0.460077092511013 0.159233975366926 0.51257422102935 0.109452014573554 0.0471750615439487 0.0166492814810897
"ufb216" 0.709955460987792 0.192120113726792 0.360147223648192 0.135533332009159 0.0697780615149559 0.111688453422477
"ufb217" 0.679628558495121 0.181320311255629 0.335582643267512 0.125080328805706 0.0655656470820155 0.107863049573507
"ufb218" 0.659232639930553 0.186786041535261 0.17209740263281 0.12115332362714 0.0652443902606973 0.139453757602853
"ufb219" 0.633175138948811 0.165598674171174 0.284159197713728 0.111781552448455 0.0593435201307772 0.0971171481085293
"ufb220" 0.667646814477656 0.185601845079347 0.20763713101675 0.11784553392711 0.0662475715950866 0.130139237623071
"ufb221" 0.601975828368859 0.148967031432838 0.175035352751492 0.0953917747399926 0.0407789359033375 0.0959415523199734
"ufb222" 0.552776677231907 0.145413241502418 0.355530799870655 0.0954406457085513 0.0537506423524223 0.0491639761819116
"ufb223" 0.664288352415808 0.158860598452806 0.431844380557327 0.106421952354511 0.069005166968618 0.0643433047264025
"ufb224" 0.418611793611794 0.137160658176318 0.599938379729213 0.0980875330741483 0.0435038251959101 -0.00715088787333459
"ufb225" 0.676247466882581 0.197186088726268 0.123666356767346 0.131309084946051 0.0521943301142576 0.155064795856725
"ufb226" 0.671753916957125 0.159188826178691 0.530642033855765 0.109904496511081 0.0665664887179019 0.0481150377302685
"ufb227" 0.510989010989011 0.16227372662953 0.549907569593819 0.115079069929455 0.049020436243059 0.0211474441493925
"ufb228" 0.617207913400523 0.167611280351709 0.518891559718916 0.119616834818012 0.0634587926890356 0.0572614952917437
"ufb229" 0.620796957386118 0.167189234092979 0.592502425529226 0.11984825629996 0.0535237128622013 0.0280340528361224
"ufb230" 0.679138156936963 0.162000377993106 0.55542277804661 0.118416952707576 0.0682970047462744 0.0512980043416899
"ufb231" 0.552564604541895 0.171440750408051 0.537399867059971 0.119434335742505 0.0504135546492946 0.0329959592513948
"ufb232" 0.672697725834034 0.1762015884871 0.424674279347881 0.121888487265613 0.0815141851023398 0.0944937312264675
"ufb233" 0.608410916635633 0.159375342540439 0.297713046703144 0.104188101030355 0.0659770478657913 0.0904550592992413
"ufb234" 0.649977454013963 0.162420265928654 0.413714377335794 0.112580313540267 0.05534345997854 0.0681081366640691
"ufb235" 0.609504877599853 0.164334657958494 0.33311642480472 0.111379908442144 0.0657930512925798 0.0896890892794273
"ufb236" 0.569265514095632 0.147150967496528 0.40821832282081 0.0974044629922318 0.061087651083866 0.0624955687130292
"ufb237" 0.520718510244814 0.141771981054172 0.209997296446735 0.0865970216767982 0.0504827733107163 0.0801449705456201
"ufb238" 0.758758026497602 0.175530759097817 0.75298197623802 0.132096228863903 0.064298918183987 0.037769371571212
"ufb239" 0.658874593086343 0.162571810786353 0.530642033855765 0.117114782304489 0.0669132503935476 0.0519449251959497
"ufb240" 0.616765560668443 0.160096964501904 0.462402143625103 0.112154417756349 0.0619641519896536 0.0488939821442688
"ufb241" 0.688500076293169 0.17696530178447 0.456620655903026 0.121379890207589 0.0744908939418357 0.0954654438150687
"ufb242" 0.679812908045604 0.188605578616309 0.335582643267512 0.128519252778803 0.0792780346462842 0.115921379573723
"ufb243" 0.631871833040131 0.171317004043458 0.160218108257898 0.109274653574445 0.0553456970058958 0.124380378981197
"ufb244" 0.750960773642567 0.209627707832187 0.428035602871312 0.150083338787887 0.0940690581836885 0.131090073240053
"ufb245" 0.734775457791694 0.208509539787415 0.317886828849562 0.138200350562616 0.0877954767751527 0.143465442635268
"ufb246" 0.686600358312226 0.176671830886123 0.468834989936611 0.120013188449778 0.0677203375477399 0.0841559527210789
"ufb247" 0.620710728607938 0.161513562732785 0.320988260778398 0.110830765775023 0.0610855650682476 0.0926967607582052
"ufb248" 0.627531792379559 0.179678794927798 0.197422262049431 0.111721264430689 0.064813459558337 0.131948033416213
"ufb249" 0.524659097392594 0.127850827245625 0.257331797392522 0.0822800932551501 0.0477740125380144 0.0564188084492952
"ufb250" 0.507401668875656 0.129816047299683 0.385306154565904 0.0853710607967494 0.0509122345783908 0.031656549125721
"ufb251" 0.810973500311354 0.220977962197524 0.740688894679305 0.174638471094754 0.0810042517224552 0.0908103931514817
"ufb252" 0.693955507871989 0.192711276350526 0.260945371926203 0.125619712911322 0.0642058062698478 0.130913845399647
"ufb253" 0.636721200473976 0.15410558999093 0.331592059546543 0.102391753299881 0.0596052493047007 0.0702509054447377
"ufb254" 0.669352167039828 0.197940110783547 0.124538256910221 0.125414026729477 0.0609965778345102 0.156703323094393
"ufb255" 0.632781295220184 0.167635553418648 0.221662003142535 0.108013681548324 0.0724216042249322 0.113623891125851
"ufb256" 0.650811119335765 0.18249553225869 0.196649811377464 0.117257879286913 0.068250041007728 0.133381486669867
