NaN NaN NaN 0.6435287 1
NaN NaN 0.4507448 NaN 1
NaN 0.7869525 0.6516979 0.6598526 NaN
NaN NaN 0.7018086 NaN 0.4898692
0.7043421 0.4554491 0.4517426 0.5177072 NaN
NaN 0.3580054 0.6214986 0.4094171 0.5336784
0.248536 1 0.3074397 0.4204253 0.2128655
0.5254195 0.2480092 0.2156346 0.5152345 0.3738466
0.4191806 0.5154747 0.3021591 0.5303485 0.5250758
0.2546748 0.2513512 0.4779321 0.3907772 0.422505
0.3595815 0.4082233 0.3727113 0.3239977 0.4965174
0.23638 0.1770377 0.2682667 0.3301329 0.3756651
0.4108755 0.6074465 0.4553617 0.2113378 0.1645937
0.2912651 0.2745458 0.3171678 0.3111368 0.1951345
0.4024001 0.243405 0.2564744 0.1963562 0.4520778
0.1455116 0.2439482 0.2245262 0.1610887 0.3140031
0.1809849 0.17226 0.1554183 0.1442915 0.1405953
0.1394635 0.146224 0.1268414 0.1433051 0.1908372
0.1503888 0.110185 0.1303441 0.108093 0.1248253
0.09740181
