0.8740985 1 NaN NaN 0.8427893
NaN NaN NaN 0.6520178 1
1.289097 0.543642 1 1.269171 NaN
0.06884015 0.5087681 1 0.325083 NaN
1.115597 0.5666686 0.6457515 0.3693528 NaN
0.8693504 NaN 0.6836177 0.2804356 0.7926654
0.6899357 NaN 0.5577555 0.4453385 0.6457228
1.050393 0.662466 0.60048 0.5115239 NaN
0.5095453 0.7492453 0.9932064 0.6353163 0.608006
0.6669993 0.829782 0.9993154 0.9332291 0.7834712
0.7320634 0.4485944 0.3000769 0.3394718 1.145668
0.5100193 0.5224457 0.8176396 0.2127263 0.4464481
0.8049332 0.2319515 1.027602 0.3037208 0.5545674
0.3423505 0.3005913 0.2934052 0.3851757 0.3454162
0.4194338 0.7215754 0.5712365 0.4901257 0.3919088
0.4495516 0.3402882 0.4055157 0.2580773 0.4822434
0.3294593 0.2242832 0.1681888 0.2850648 0.2547096
0.1984607 0.2213656 0.3230849 0.2346492 0.2779336
0.4190926 0.2921379 0.359953 0.1419622 0.2558814
0.3224445
