NaN NaN NaN NaN NaN
0.2717773 1 NaN NaN 1
NaN NaN NaN 1 NaN
NaN NaN NaN 0.1328567 0.4696975
0.543642 1.279514 0.9123842 0.4220538 0.5272548
1.024127 0.4688557 1.657419 0.7642511 0.4696975
0.5192761 0.6153752 0.6498577 0.3684523 0.7231669
1.405113 1.021236 0.5730173 0.8131511 1.744435
1.351525 1.171137 0.5677788 0.02821665 0.4485065
0.9237766 0.6224213 1.016334 0.7471184 0.5003782
0.1854223 0.5787505 0.3151291 0.3943312 0.3372949
0.4439791 0.7999057 0.5229935 0.3961409 0.5194301
0.4936681 0.5954673 0.6696075 0.5764662 0.5345375
0.589962 0.4087541 0.5533685 0.4769991 0.5021534
0.3794135 0.3858895 0.418692 0.3293185 0.2672552
0.4084099 0.2067458 0.2890796 0.6617953 0.4507907
0.2090335 0.2285232 0.1865266 0.1773619 0.629958
0.2800939 0.2171124 0.2177925 0.1569911 0.3832449
0.2613856 0.2024687 0.2058385 0.1786223 0.157776
0.1881585
