"quartet" "cluster" "phylo" "mutual" "shared" "clusterNorm"
"mb49" 0.742467343976778 0.188912148493419 0.615427091709569 0.144987498609173 0.0875237866486242 0.0829062231937813
"mb50" 0.784417444967904 0.196717428253171 0.636563614754617 0.151523714297795 0.09393801666722 0.0919948186241544
"mb51" 0.695100475839588 0.227979669776653 0.218521384469759 0.163945506867454 0.096790154494371 0.142267092729454
"mb52" 0.746251065295835 0.206114799350368 0.36100893749918 0.149440542361378 0.095306214823991 0.146211011508047
"mb53" 0.925905017288829 0.215376451321018 0.915641891884923 0.180398784821871 0.0897270192452833 0.0875100328863695
"mb54" 0.765778782330053 0.227080756906716 0.505762136191775 0.166513025285569 0.110588999369418 0.14123355796682
"mb55" 0.933139534883721 0.269097156633795 0.839369394485939 0.219685117280396 0.109766033758973 0.149192668542013
"mb56" 0.746481310567605 0.246238023844176 0.427214275821127 0.185036122341865 0.0859542585107198 0.122856841890541
"mb57" 0.897744967991234 0.278382194028965 0.795045433318977 0.22820191867937 0.11066853375752 0.160783525873343
"mb58" 0.684989598870926 0.203125451383247 0.108700808747888 0.133597846057708 0.0628559818702107 0.161929622439337
"mb59" 0.796990704269734 0.23651576057902 0.565926082102968 0.17675875890033 0.0990270799235995 0.137267013798823
"mb60" 0.750193436803059 0.204595831766711 0.373048235489708 0.148784272861782 0.0973040204053731 0.140148714952611
"mb61" 0.926261458641361 0.21566686178029 0.806020110314639 0.171308467330448 0.104994899547721 0.113469427229056
"mb62" 0.783948994347312 0.239356549744628 0.695087483878871 0.191243927638023 0.0915781682046017 0.114720280820083
"mb63" 0.658830965835022 0.186792067459324 0.156745103437253 0.119446910569886 0.0662355406265508 0.143944408448982
"mb64" 0.923435470314052 0.203846370042409 0.865732656170503 0.164265609904146 0.0804317096721019 0.0737002343169721
"mb65" 0.689956432767839 0.207038470350236 0.12077806562865 0.134653791103124 0.0675061962977651 0.166271315694128
"mb66" 0.782010040454257 0.201302526842513 0.612316128543947 0.157646607198459 0.0983261574557792 0.0970468131605021
"mb67" 0.688560362610685 0.181557354480245 0.360148468290145 0.125202119515795 0.0831951815701859 0.109533335574818
"mb68" 0.823404898699728 0.199490715326862 0.710663136337676 0.155308980739101 0.0951052023325678 0.0954289165528958
"mb69" 0.694594581390691 0.198248860367747 0.084720844703882 0.12808977839964 0.0673641286512906 0.151731837040581
"mb70" 0.88946673270596 0.193930957479446 0.841320411837867 0.155705804664249 0.0755474285505179 0.0620203885708597
"mb71" 0.663520012007782 0.187509780176885 0.132553920889187 0.11890897971999 0.0544643268574319 0.145733212651238
"mb72" 0.657581951699599 0.189635005228698 0.646202860704394 0.1492810554534 0.0699346564588058 0.0568515448814827
"mb73" 0.836087539079946 0.206093995579623 0.755997825692051 0.167932604870825 0.0801728089491192 0.0759725254679642
"mb74" 0.799331015243862 0.205711791557545 0.564733823498653 0.158725739543046 0.105217778163088 0.117556436896785
"mb75" 0.812221304706854 0.194728603110744 0.814778741402885 0.159397284790082 0.0753384898855138 0.06358370224441
"mb76" 0.660124862284245 0.188146610112428 0.132545481128001 0.117205674537775 0.0622058298954606 0.145822197065233
"mb77" 0.715071751367637 0.202793529172159 0.433347899877486 0.144847134428716 0.0785824301410129 0.114576240373576
"mb78" 0.841390179614684 0.215687886517031 0.612279432022937 0.162028088359084 0.114551736023462 0.139051319293332
"mb79" 0.689686840745087 0.194691145976857 0.133244267535896 0.130391661004404 0.0743446127097716 0.14284829347311
"mb80" 0.709808473592571 0.162814250592076 0.746866262773683 0.12636510935122 0.0603814191825087 0.0263820169157504
"mb81" 0.767669172932331 0.201473299453304 0.734806616917088 0.165230730384338 0.0754391588982561 0.0713411495895243
"mb82" 0.731718823714421 0.189463679975754 0.682761092694144 0.151774440291269 0.0687562024412516 0.056105190282565
"mb83" 0.652378822800922 0.198336648737316 0.181783455733059 0.138967209589031 0.0714331561701725 0.120017628149145
"mb84" 0.663321081337444 0.189827446090636 0.132549688029654 0.118601017742146 0.0576860039311753 0.147931074058042
"mb85" 0.665051951322763 0.175194139696198 0.28636420656736 0.119998350432099 0.0765170218895403 0.108503985565735
"mb86" 0.797910583787615 0.21020093456119 0.528932982887714 0.159790735968215 0.111032033842548 0.13307006146915
"mb87" 0.631923225345252 0.184232801600301 0.171561878114347 0.125489645034503 0.0690818686634398 0.112298156770275
"mb88" 0.771321287828091 0.164700114816939 0.697772318384424 0.126355641033833 0.0885682644116112 0.0720371409972579
"mb89" 0.851844324763743 0.158330593085098 0.891463187290649 0.131609948676624 0.0638398957405662 0.0211676787812665
"mb90" 0.683669144204651 0.191829849761206 0.084761860986469 0.127141482900446 0.063775159034434 0.141835217552785
"mb91" 0.667012865796746 0.178326703838336 0.324980964522109 0.121199084563234 0.0740875126671379 0.116255573908321
"mb92" 0.831132756132756 0.16807308198553 0.804813675512775 0.135262037323543 0.0858502719580484 0.0595764150118399
"mb93" 0.66623494956069 0.184869512832731 0.179971773285486 0.122182088142939 0.0659436803148641 0.134454087780101
"mb94" 0.689773956613335 0.176382942893797 0.539573669911937 0.132065533713806 0.0739812319386894 0.0690872765915782
"mb95" 0.637323160242461 0.173894627516314 0.240956682351352 0.112196532076859 0.0721168611342722 0.120622204049366
"mb96" 0.677505620871012 0.188394373111083 0.362809673184962 0.134535867594393 0.0715817555506827 0.10907170239186
"mb97" 0.848880822746521 0.144231339757958 0.891463187290649 0.117532870549292 0.0574154079467979 0.00477073629022102
"mb98" 0.651041020195194 0.179735347177074 0.156643852185811 0.116591844658944 0.0608905047731997 0.134374929525274
"mb99" 0.649500843644544 0.153117024582266 0.578124748096285 0.116136177785483 0.0668654322379074 0.0430269013815053
"mb100" 0.68809021412017 0.193590290883016 0.0878546137152355 0.123070695822554 0.0599396762356137 0.148009319709767
"mb101" 0.708073123651641 0.148781094522955 0.780530339043096 0.118973964978067 0.0557688394263893 0.0100008433766206
"mb102" 0.692151540480956 0.19531189456959 0.108949769032195 0.127234379877144 0.0621284153705661 0.147205429551401
"mb103" 0.663947793792214 0.178475783699201 0.264878155173468 0.124700212614916 0.0782643403352951 0.125571120654341
"mb104" 0.65853773141622 0.161992132415243 0.397693236295582 0.113016931728797 0.0727503002057732 0.0939928892704672
"mb105" 0.837465564738292 0.18650319139364 0.817028436523641 0.152967456265942 0.0737314525756779 0.0539314332560688
"mb106" 0.81617728531856 0.159838086083151 0.829234558689958 0.129088897945423 0.0593780661438155 0.0228605346369448
"mb107" 0.638411749032251 0.173468578887756 0.168263790790175 0.113882898845837 0.0627974840960962 0.126743468102533
"mb108" 0.782646657571623 0.233931905860722 0.530189440076801 0.175779569891205 0.100943867776198 0.13385393388603
"mb109" 0.790033795233807 0.206970557993008 0.420068725071064 0.145034792285923 0.094753491115996 0.142746120714418
"mb110" 0.806620029169947 0.207480489717028 0.499493013449297 0.148278559543418 0.0984770417055316 0.137580540291617
"mb111" 0.656905445626653 0.201211065492451 0.169664558684188 0.143752131300568 0.0839717575693855 0.123172862911826
"mb112" 0.808699463131368 0.153614846852504 0.853646803022594 0.125288273218759 0.0590782690259946 0.0156226766075182
"mb113" 0.617716432252992 0.17727853562561 0.145286034689636 0.121315379754094 0.0603089226782082 0.104703325184391
"mb114" 0.666062571537581 0.166288300295673 0.682700958184939 0.125176838524382 0.0562609101000499 0.028910817079131
"mb115" 0.67979995945124 0.189632280582571 0.147073008569727 0.126899696053547 0.075735401392281 0.1349814733648
"mb116" 0.670682502104622 0.194045142987658 0.0878268974438948 0.127168732040038 0.0568616723019974 0.152049772021693
"tnt1" 0.662941495481205 0.183740307886837 0.157491359208218 0.120878097945565 0.0710476516504129 0.1257487738872
"ufb1" 0.638091527494051 0.172137191344322 0.34886072667504 0.116372206547178 0.0632995214070258 0.0914683649450663
"ufb2" 0.658324995327051 0.16241721867365 0.481653379253104 0.117020447376385 0.0756135484965387 0.0805248982038183
"ufb3" 0.801132208348005 0.225652863707838 0.603171044062565 0.171339949020025 0.0986757590130286 0.12449333024417
"ufb4" 0.649329360621306 0.17761154771609 0.156513025316211 0.116002000928666 0.0612718587567332 0.128464828334841
"ufb5" 0.646388423661821 0.178577276704746 0.158597983242109 0.115340200189449 0.0639870860994304 0.134720119837683
"ufb6" 0.642093479355051 0.194688270900732 0.230349429132635 0.134865852341507 0.0687427676801821 0.116048490844
"ufb7" 0.724682344016689 0.180380543506001 0.499880990828113 0.129694521099418 0.0757432902476512 0.0894015770698195
"ufb8" 0.674863968245831 0.186145549280568 0.121525434529697 0.11978712895018 0.0546442081800599 0.137484515201058
"ufb9" 0.658619119973228 0.176974770610583 0.132006927937643 0.114281505565315 0.0517737143679721 0.126053273493369
"ufb10" 0.576773410068904 0.15933880577427 0.167544590484996 0.105557576024351 0.0515277301113424 0.091252273891716
"ufb11" 0.661946337308348 0.154022244504974 0.722746971060494 0.119110860123898 0.0539581722374537 0.0161572188469317
"ufb12" 0.690970680903031 0.194024673637887 0.155723700971341 0.12642080539153 0.0645308413619603 0.144165816565982
"ufb13" 0.629192779093708 0.167217373596211 0.155178565550681 0.112440336098449 0.0583798032856364 0.108057638647207
"ufb14" 0.626657289597892 0.175870694768845 0.202755987649313 0.119702944881408 0.0632012776890642 0.109144379665111
"ufb15" 0.555080213903743 0.154658351153929 0.626388629969906 0.118491921817258 0.0506677791752458 0.0168969888119844
"ufb16" 0.857679699368354 0.179885410703068 0.85534366260195 0.148616124780104 0.0723131049901073 0.0462351838956317
"ufb17" 0.787895119292721 0.209950670083599 0.462202120746504 0.154665581451908 0.10530249583731 0.140218162235983
"ufb18" 0.674487423377721 0.142903219779056 0.758985321511362 0.112647370949069 0.0524088465867251 0.00322617882962549
"ufb19" 0.740545393334081 0.154291367436053 0.707289968636958 0.119556456059097 0.073013663989362 0.04399734295244
"ufb20" 0.681501925901294 0.199907009621515 0.144380113137776 0.129568460131028 0.0610962528248942 0.158908557780162
"ufb21" 0.632186951131315 0.182532021424603 0.206124371664685 0.12698238589345 0.063852811240773 0.110447401187239
"ufb22" 0.690021231422505 0.176411610577238 0.691155863278668 0.140268269244339 0.0639463501008109 0.0415400183562555
"ufb23" 0.673124721177745 0.181772501345631 0.361245628568911 0.125527201091239 0.0777083579164203 0.115392256483657
"ufb24" 0.688753342694368 0.1935642869518 0.131598575295215 0.125550089356345 0.0611391194438762 0.145353345150416
"ufb25" 0.839751717630407 0.202638768641553 0.632617560513503 0.153310173947767 0.101069730659943 0.114249152387284
"ufb26" 0.764710909458179 0.203697500273533 0.311230076698326 0.138039642172692 0.0792400322661885 0.143629425716257
"ufb27" 0.945590551181102 0.196468562189776 0.902351022669457 0.162575808617189 0.0800936639996008 0.0655208137753659
"ufb28" 0.866729991508714 0.213721320372442 0.657114900753552 0.161634153028765 0.10857155642625 0.126418474725978
"ufb29" 0.641431988300302 0.174421367995974 0.158435911228934 0.113631094420362 0.0575581959324431 0.126514213144817
"ufb30" 0.643864559460306 0.175500154145692 0.156627514122902 0.114162493932207 0.0586486200441532 0.128890434849251
"ufb31" 0.605870407974894 0.159333465873215 0.670494836018621 0.122718581814693 0.0560568124550272 0.0208099778093328
"ufb32" 0.74556026722026 0.18343123225079 0.469282069443848 0.12982562681695 0.0808017400589925 0.103783712977833
"ufb33" 0.77059779414307 0.202492556429632 0.383719182268556 0.140019439444007 0.0876814084619743 0.137905462841823
"ufb34" 0.863625526504013 0.187611957622277 0.831343196650929 0.154730426877173 0.0729140573404036 0.0552208899148829
"ufb35" 0.721832232988549 0.18259633096285 0.43228447861001 0.131785481898969 0.0843572713479473 0.102852128398287
"ufb36" 0.774290237791475 0.187208465707097 0.562506856150174 0.140111451938065 0.0822424992100436 0.0971083592741925
"ufb37" 0.782598690266418 0.203112633051895 0.462821933226221 0.145644204019405 0.0938564014631288 0.132800961657544
"ufb38" 0.657735593952325 0.185615373557494 0.156747421734218 0.117403798750979 0.0565344398263651 0.143158999367061
"ufb39" 0.671311984050454 0.184318187003785 0.112195322993843 0.120490599144236 0.0571379275639138 0.135543781587948
"ufb40" 0.716386880565985 0.170639789716279 0.600123408459945 0.125980192208166 0.0709437586670547 0.0625882664158217
"ufb41" 0.64470647265429 0.156763124665266 0.443796712714329 0.10989229815914 0.0674094129215022 0.0633009547936781
"ufb42" 0.646636003850679 0.156096260181687 0.395925861321792 0.105702930527788 0.0674741243732566 0.0737564862524084
"ufb43" 0.689914411288457 0.1966679625807 0.49362617738916 0.150691241562838 0.0696340053799268 0.0922392214940287
"ufb44" 0.663649419382532 0.191961576815153 0.120712045561965 0.121273634727487 0.0620832447256177 0.150553328612761
"ufb45" 0.669194539525106 0.193275014127699 0.144392784265899 0.123081938553816 0.0583726865137101 0.151981138741059
"ufb46" 0.62164773570808 0.162709703099602 0.119199439443958 0.103057288048586 0.0474169341821157 0.108847455868826
"ufb47" 0.676965837766412 0.184416848430282 0.167605450465631 0.12195529692906 0.0618286139344142 0.131912574051405
"ufb48" 0.882579564489112 0.186613294204835 0.829114289671549 0.149620998372602 0.0714880327626099 0.0536500913424389
"ufb49" 0.70425911629666 0.186365084559334 0.30434900473936 0.135922586015914 0.0819986768173375 0.128542808982418
"ufb50" 0.649005537533995 0.173876915180633 0.433227341198393 0.124227563111223 0.076406465879682 0.0933776114108117
"ufb51" 0.668227047170119 0.192347916821541 0.168593326432412 0.124890842858457 0.0603779141221122 0.15100658605506
"ufb52" 0.656721685715573 0.178397217085307 0.317969660888088 0.124322844558443 0.0669806403420825 0.105777865419353
"ufb53" 0.623643867924528 0.159165317308493 0.511964733414141 0.118429862800057 0.0630863672093788 0.0496266466957425
"ufb54" 0.66711436179523 0.19048922863641 0.120125289406235 0.12472820061174 0.0454885109647411 0.148304875394638
"ufb55" 0.65100214667217 0.180657283365701 0.120102663052615 0.117496465217066 0.0451421948006483 0.137509930318312
"ufb56" 0.656626393444155 0.187976803476064 0.144892746365806 0.121489454181343 0.0619233562685317 0.146224249323031
"ufb57" 0.658283445373642 0.18407434506399 0.206901166859593 0.121129802007936 0.0742488403543171 0.122464447966578
"ufb58" 0.635046663436775 0.174633599405526 0.265106965296263 0.113334280563651 0.0746291942608865 0.118907027619401
"ufb59" 0.669006688408601 0.166719611041474 0.450844051479475 0.116741109807692 0.076404044655718 0.0930471449391195
"ufb60" 0.708959172874181 0.140268929967616 0.722655935120356 0.107089942436435 0.065897994649168 0.0285086252186622
"ufb61" 0.623183274321362 0.152750712484164 0.433229576967574 0.110009870934877 0.0615835119761494 0.0586043788040901
"ufb62" 0.612136370806012 0.148973581921732 0.414091766943866 0.103787578699489 0.0647086918327479 0.0656037513169519
"ufb63" 0.643668524755727 0.174571828489158 0.228914990584732 0.117726946887442 0.0712733568713394 0.127908263554222
"ufb64" 0.69398853877498 0.171626180005858 0.455974827045933 0.124196669536041 0.0745114859410863 0.0797718573565817
"ufb65" 0.654658671916098 0.181441195660781 0.156750374950575 0.116061666170811 0.0533794441236086 0.139111146300719
"ufb66" 0.831995177157263 0.191839938024653 0.722861802330992 0.152641303657458 0.0953456508287861 0.0867835803325951
"ufb67" 0.743859150930001 0.151203848628917 0.731636167672014 0.119210063056892 0.0739095597711683 0.0408650230896725
"ufb68" 0.684934737600144 0.191689501597011 0.131598575295215 0.126097181065692 0.0615406093984362 0.14336647997802
"ufb69" 0.668975197910968 0.185630803897099 0.336226614666657 0.127772404644287 0.0671402036001944 0.106038034396512
"ufb70" 0.651552336524451 0.178616218475872 0.215439822334133 0.118399854944575 0.0671813122778164 0.116611116214302
"ufb71" 0.674459773668157 0.19743594640387 0.168581773786098 0.128692309010142 0.0640373734904697 0.156310872072952
"ufb72" 0.727211306018719 0.189990107435442 0.384981889204038 0.138506845201463 0.0842715017697377 0.11849581074908
"ufb73" 0.822942076635202 0.195227607250881 0.611423872516026 0.144859878191457 0.0884079251000849 0.10606648648877
"ufb74" 0.629032381682315 0.164784941121255 0.241509121795055 0.107300298895906 0.0617868766727562 0.1054120697848
"ufb75" 0.696724118251341 0.165941241518988 0.4857888473017 0.121061671422184 0.0744134089320385 0.0735482122493016
"ufb76" 0.732844204975353 0.195405579385801 0.311707177315833 0.128564372813933 0.0794149774815104 0.138278346195687
"ufb77" 0.735231316725979 0.198890871550206 0.251326414344793 0.127398262261143 0.0775520536557367 0.144943742125055
"ufb78" 0.618947186072194 0.160237213681268 0.261481837588654 0.108033224803763 0.0570477500768219 0.0969805026320845
"ufb79" 0.681392884178653 0.174720832085534 0.433152601401144 0.125846433648524 0.0717645479816348 0.0829866708327431
"ufb80" 0.666293206063375 0.192950647385856 0.144392784265899 0.123868738759184 0.0624601052556463 0.151640168621297
"ufb81" 0.679555524439155 0.200938195530476 0.144380113137776 0.129636734612882 0.0647903291256895 0.159992583829377
"ufb82" 0.757981296356014 0.188873412963954 0.743911972544142 0.155258721897892 0.0713302320289311 0.055417805948241
"ufb83" 0.644938733463457 0.174373576206626 0.155366331787076 0.114547605709197 0.0548503506716617 0.118745646225501
"ufb84" 0.622853986676507 0.167899917544251 0.193204373034295 0.104155245140958 0.0612541248139912 0.116364835093653
"ufb85" 0.624899940060713 0.168170408744482 0.179177811305184 0.114025110770153 0.0649217502719965 0.105383588500146
"ufb86" 0.643742863116587 0.173914444252775 0.158435911228934 0.112968523946072 0.0567887561547379 0.126001779928922
"ufb87" 0.644455693373194 0.174572509356084 0.158461627148175 0.113616062020552 0.0587476472745779 0.127930725050652
"ufb88" 0.632229456811203 0.163835216696261 0.26260048619179 0.109558486347979 0.0637740083177394 0.100849531990208
"ufb89" 0.822607467145443 0.199803450634236 0.591970327978927 0.151430912823087 0.0958223200283856 0.111099531827035
"ufb90" 0.719309926465149 0.177971300573823 0.504150172761258 0.12926952407308 0.0793993235351652 0.0868695794536187
"ufb91" 0.678612254080028 0.189706717852123 0.181763944215649 0.125187899198674 0.0746791414855586 0.13507211526567
"ufb92" 0.725669923379414 0.189494823979915 0.352935874599451 0.128555627298207 0.0829232695767812 0.128338697532476
"ufb93" 0.646046571429883 0.176914399354962 0.120458227500774 0.112607764162063 0.0425291048542119 0.134735052599408
"ufb94" 0.651409810737737 0.167504136944338 0.68656803349071 0.129322208863558 0.0604417333663932 0.0318361920428503
"ufb95" 0.651810538022141 0.16325406066576 0.481635933494661 0.119490670344017 0.067030479234364 0.0702748589470024
"ufb96" 0.691098104306805 0.174887622135008 0.691155863278668 0.139011475398751 0.0638118386937143 0.0398480038228002
"ufb97" 0.735962392269522 0.191944965249009 0.311544884638993 0.12934890023147 0.0766255636198983 0.130990353037598
"ufb98" 0.777617378153571 0.202829998870375 0.695027349369666 0.162877838206182 0.0776558084175956 0.0729189439452391
"ufb99" 0.654498438144634 0.175800866692449 0.338181101980706 0.124434293712903 0.065153765805131 0.103067040565701
"ufb100" 0.658073042916176 0.176155736347549 0.317727102265322 0.122056776048459 0.0701386549489808 0.10931982086033
"ufb101" 0.666185889600548 0.211556085468845 0.362361615778065 0.15049812930241 0.0797912642105111 0.108588344471585
"ufb102" 0.699982652226711 0.222200710219327 0.435991667463032 0.166754602921268 0.0944377160970895 0.120873895376967
"ufb103" 0.584799061933696 0.150718027723808 0.674924501211518 0.113684378256141 0.049716249595349 0.00950620706960779
"ufb104" 0.62849509160745 0.162601665916232 0.274722840990343 0.108202682937396 0.0704458794120139 0.099523061677988
"ufb105" 0.584152871592062 0.144513989169421 0.524916359421967 0.106436595847138 0.0612772970671208 0.032416202563216
"ufb106" 0.601233291748351 0.156000621528444 0.238825208295568 0.101648169576988 0.0659712703087086 0.0961507942247056
"ufb107" 0.673794528083707 0.197253509502867 0.144392784265899 0.126839401916809 0.0644325850735381 0.156163281573695
"ufb108" 0.609533006379931 0.166515251573535 0.312751468341156 0.113621775249209 0.0596328292196002 0.0852986106346543
"ufb109" 0.696339554237218 0.194430553143252 0.355047828941732 0.138028563167029 0.0702820591388834 0.115543510101036
"ufb110" 0.657665492234637 0.189059751458272 0.144912052272267 0.122719068056048 0.0621432049924545 0.147502798069134
"ufb111" 0.811813431506443 0.199863657819917 0.623734591201844 0.150587636106538 0.0994653483411257 0.111022154943911
"ufb112" 0.666216181669018 0.189353412261452 0.120125289406235 0.123005096071963 0.0462377935960919 0.14710987058035
"ufb113" 0.651783934622284 0.172254512327744 0.329874941085011 0.118884225434901 0.0691289902286253 0.105189890208402
"ufb114" 0.659669290989987 0.159216850976449 0.339962781924614 0.107213258285488 0.0693907522577656 0.0851530681923416
"ufb115" 0.687900541226024 0.2254306805985 0.33781826521641 0.162055633079609 0.0855529551351728 0.124492809174804
"ufb116" 0.597360573209987 0.157891546507654 0.301304441307238 0.10804000547047 0.0727826398707454 0.0897247510155801
"ufb117" 0.601754900036829 0.168485683038496 0.192917272572837 0.106827953074163 0.0565369953706008 0.114940136729989
"ufb118" 0.667397735387126 0.162290664516936 0.505916087324634 0.120379993847673 0.0705646485325666 0.06920441022625
"ufb119" 0.64262486330927 0.176107334882801 0.168359013979868 0.114157145425209 0.0637592941227926 0.131402060186627
"ufb120" 0.743131817112578 0.195993421554375 0.378675094460911 0.139821443502967 0.0890030310175903 0.125151958377887
"ufb121" 0.662923893384157 0.190832142170722 0.120712045561965 0.122150946962964 0.0622676878177258 0.149366015643806
"ufb122" 0.652032520325203 0.18251790788431 0.21896945528578 0.122264465872973 0.0715288543027388 0.116235048652003
"ufb123" 0.696847045321802 0.173928226205864 0.417564945230511 0.122690092099351 0.0707387051468317 0.0932412244854066
"ufb124" 0.670766553049532 0.17050634723988 0.374581696447364 0.11728968469976 0.0759372588791451 0.0974340032436194
"ufb125" 0.807624387728796 0.209227595127541 0.462821933226221 0.149023894582174 0.0961146054021595 0.139455464478701
"ufb126" 0.743206308315793 0.170891304515548 0.600123408459945 0.128576571994529 0.073931222929423 0.0628725493137493
"ufb127" 0.783804654630665 0.18999410093048 0.636563614754617 0.148242321715737 0.0883139132211133 0.0842622738842715
"ufb128" 0.754014441762468 0.194929829926789 0.408858493344744 0.135245520301451 0.0851585389006249 0.129709479136707
"ufb129" 0.543202165313346 0.149525578237863 0.626388629969906 0.110926082163986 0.0480352161434063 0.0109277519757101
"ufb130" 0.705166491698348 0.178732664786851 0.430306248932137 0.126559147584135 0.0807858325330463 0.0987065162523259
"ufb131" 0.608079678189601 0.164088309726541 0.19131502505868 0.108313625645574 0.0675243265244387 0.112379238497304
"ufb132" 0.610245521696223 0.165543724209668 0.337600778819894 0.113023819781964 0.0749968537076573 0.0919762855659933
"ufb133" 0.618968116163254 0.16700643540906 0.240988857546444 0.108179612331631 0.0678973635392993 0.110764897540396
"ufb134" 0.666863177791337 0.181426429287215 0.119279605894859 0.119971929119319 0.0501594949827193 0.128729642609754
"ufb135" 0.652802200672041 0.164400894188588 0.463018190590435 0.117704942096858 0.0715597136606873 0.0713165502810464
"ufb136" 0.643363420213425 0.160957055571382 0.450806169507328 0.112901358608736 0.0692778159266235 0.0787611722695348
"ufb137" 0.644358902027688 0.178438104961857 0.156743427332753 0.114957362742332 0.0636979771694991 0.134561465091031
"ufb138" 0.694192268382132 0.176886355827575 0.422934601709433 0.127759815105445 0.0767939095941532 0.0856643951904623
"ufb139" 0.70205319645357 0.177256322353417 0.391037600305534 0.128600036291381 0.0776483010993941 0.0968124360253954
"ufb140" 0.794704915961077 0.186937925121806 0.616173096181823 0.140169711344961 0.0868404397084662 0.0968078285444423
"ufb141" 0.618532599317566 0.162783647643881 0.119038929944522 0.105679108455849 0.0495567345561157 0.106379529240417
"ufb142" 0.604549936751098 0.15951849970003 0.118834405733399 0.103268694961257 0.0491006439810562 0.0998118473146351
"ufb143" 0.657550497955106 0.157335384846941 0.376345708092197 0.109408878456265 0.0694898230195003 0.0751537633423062
"ufb144" 0.639676649118265 0.170368926903794 0.11997581413672 0.108935165351705 0.0468897853191833 0.12451820666484
"ufb145" 0.65204465336339 0.184158669367149 0.120102663052615 0.120123755421256 0.0465728683656716 0.141195702578273
"ufb146" 0.667671415135458 0.183254864946272 0.121452875527177 0.121116880737289 0.0573118960715554 0.130666415982339
"ufb147" 0.661851597389213 0.157035372720473 0.49204878865981 0.111649201375969 0.0701002948373488 0.0636033781112908
"ufb148" 0.660342122754096 0.17961364651017 0.179584599682113 0.116786289150957 0.0626012074099806 0.124338774831858
"ufb149" 0.678707443739181 0.194922987990199 0.460150422173395 0.144359693727622 0.0740346990679951 0.0900426025211396
"ufb150" 0.683906632467821 0.15193401338873 0.513167813874091 0.111080531822994 0.0720081827510861 0.0690311145946932
"ufb151" 0.633512317530558 0.170557625843758 0.157919312970813 0.11180032048081 0.0623626601988358 0.122425115054589
"ufb152" 0.624977906692396 0.173063244750089 0.192242964241259 0.114348076127396 0.0643270457678747 0.119885093475774
"ufb153" 0.602289234678134 0.161568373438254 0.192535427062319 0.102208712972735 0.0591290019197595 0.11293800130337
"ufb154" 0.663631782640143 0.191904033011637 0.144912052272267 0.124273535242228 0.0636815015332117 0.150492835954301
"ufb155" 0.751797954096999 0.201268747953197 0.287276473617046 0.131375997245141 0.078473764368265 0.144557807232184
"ufb156" 0.669150232040235 0.180012852131326 0.377225352914757 0.126913803914631 0.0719721239380459 0.107650724789714
"ufb157" 0.632413252253063 0.183522567547608 0.20621655103754 0.128177513646915 0.0658677556792829 0.11149816555173
"ufb158" 0.650523225046518 0.156337599086519 0.492125518889966 0.108522086562072 0.0671964095215127 0.0628282650726968
"ufb159" 0.773307019352558 0.183530530800535 0.631919560201038 0.137753367048506 0.0808353013733086 0.0769085576068088
"ufb160" 0.695537951661143 0.192604613182398 0.384618065275344 0.138463971387668 0.0693459001233817 0.113693432324459
"ufb161" 0.676051961438186 0.184849220997267 0.354640741111165 0.130334064139324 0.0742132287220096 0.112800145322067
"ufb162" 0.673086819084026 0.221466273451411 0.325616408561455 0.158857741756279 0.0790332494212866 0.119792764866395
"ufb163" 0.677643079173524 0.186593533486001 0.109279484892192 0.119997470252576 0.0489511837525848 0.13796586089726
"ufb164" 0.619403663021025 0.165495394439867 0.166950403139921 0.114050845270842 0.0583155437623064 0.102506663078086
"ufb165" 0.730696137765693 0.183915420793966 0.599985763305867 0.137174592557506 0.0753301946489324 0.0769805628836252
"ufb166" 0.651060887169348 0.182022693294627 0.158597983242109 0.116445144404317 0.0656086454264926 0.138337493280387
"ufb167" 0.767162487604477 0.184390372776146 0.617414197649416 0.141373381644017 0.0847119192951752 0.0781176584971557
"ufb168" 0.644203994419131 0.173144829517257 0.252882726142425 0.116909707478224 0.077197960081403 0.123728331601694
"ufb169" 0.65541461867766 0.165631169629557 0.431695328612882 0.120336480970491 0.0695852316447415 0.0731120895916491
"ufb170" 0.674604183930142 0.191326194089601 0.120217051179164 0.121410742986489 0.0580344321869429 0.147474895645841
"ufb171" 0.627691845067896 0.172808749269243 0.144791297978214 0.111633715269777 0.0518689409063707 0.129234520139519
"ufb172" 0.755287752090507 0.171733268380065 0.619717703546084 0.128658630556356 0.0741893853545809 0.0639023101455246
"ufb173" 0.637877374775211 0.175882240537643 0.120076899167636 0.114208374313338 0.0461743245536335 0.131898863131833
"ufb174" 0.718141665303452 0.166179888739524 0.498037517421725 0.121441660458469 0.0765031227685363 0.0738132956644196
"ufb175" 0.627005592902471 0.167526056396306 0.216710711619501 0.108286618826767 0.0687875500079878 0.115967819321053
"ufb176" 0.678688112591103 0.163917109676066 0.563890133101274 0.118135413990078 0.0657034851565729 0.0549897355571115
"ufb177" 0.637909648192425 0.152022056628772 0.463101200329746 0.109179112785721 0.069190510290699 0.0582390867926172
"ufb178" 0.643887174303442 0.174400015395337 0.231595784910359 0.116961327327337 0.0741265946215608 0.126490005652621
"ufb179" 0.614008677942088 0.169237395586157 0.597438506548327 0.127300077604258 0.0546064319219823 0.0338519117134309
"ufb180" 0.646160953043976 0.173986650890931 0.240655252951677 0.118757269814989 0.0763979881556771 0.122875109654808
"ufb181" 0.625257254269518 0.139913082730918 0.434456556513351 0.0978135536615271 0.0587016231537934 0.0559406220180477
"ufb182" 0.610326644915423 0.189628485704563 0.251950594418652 0.124095554332437 0.0671732335055348 0.123971517237922
"ufb183" 0.588420541470943 0.162403852174094 0.192847540199938 0.102073815966114 0.054033661717735 0.110592837368265
"ufb184" 0.671183803147947 0.188767146836999 0.433271413424704 0.136817335994672 0.0711959482064074 0.0989977263554216
"ufb185" 0.7004778745041 0.186954013364832 0.300814606829257 0.133752444666413 0.081024746418188 0.129215963877867
"ufb186" 0.672534410350012 0.177646000306154 0.312722690274694 0.125405268742674 0.0734748515643027 0.122262302385479
"ufb187" 0.63611337045611 0.178482805614371 0.287919301644765 0.1217350689073 0.0574769315979057 0.0981914230247453
"ufb188" 0.590371829598621 0.133770196153854 0.72268755817941 0.100350392124691 0.045193482310782 -0.0073952108054923
"ufb189" 0.617316299842685 0.16864125735701 0.182276990882724 0.116059883748675 0.0659417651977326 0.101241379303088
"ufb190" 0.607108981790319 0.15872495613595 0.119038929944522 0.100251745872939 0.0472221389258003 0.102047399551623
"ufb191" 0.811618427612093 0.187132585321595 0.68100626132435 0.143224299770962 0.0878788172938067 0.0812297926529443
"ufb192" 0.673916903409091 0.169335005827794 0.443796712714329 0.120953238582025 0.074298354002759 0.0772761632396719
"ufb193" 0.677726198274143 0.192988453973477 0.423848169836057 0.137195937126225 0.0665522330312741 0.0878560495418213
"ufb194" 0.644981000808712 0.173793660962969 0.192330080702291 0.113071241410709 0.0639186824020843 0.118115263468198
"ufb195" 0.679477775026973 0.192187167659598 0.119797881676415 0.12231482693227 0.0563775101314778 0.146535324950538
"ufb196" 0.597974857211029 0.154873354821711 0.214885796759337 0.0991710615489598 0.0631407515443437 0.0980255676687375
"ufb197" 0.627409214006303 0.153188877811942 0.397772815411394 0.105402757598835 0.0679725115485787 0.0783201247233556
"ufb198" 0.656117298959594 0.184639019303282 0.120674283054362 0.117163941579672 0.0575823868443449 0.142474338676553
"ufb199" 0.679174016363779 0.192806328926113 0.112320264905373 0.123541231113445 0.0513270707636458 0.149726194483208
"ufb200" 0.764220729529802 0.177817618579895 0.743731569016528 0.14027107590041 0.0657716022076403 0.043097804242053
"ufb201" 0.651757269823989 0.177091041799643 0.170006794128343 0.117627111363727 0.0585752274280835 0.127913840547288
"ufb202" 0.684164566257169 0.180546716499901 0.384002200356278 0.125772529160398 0.0775864407824648 0.100725520390476
"ufb203" 0.775674413275873 0.19779530180013 0.486322377927093 0.147134483775598 0.0971554471391001 0.119359617264227
"ufb204" 0.637565146302415 0.161133608408369 0.460553167105197 0.117878294592024 0.0666824569284568 0.0679187820526611
"ufb205" 0.493168231280251 0.129222527270391 0.155057140474505 0.0803476879017166 0.0438542995018956 0.0754244257123184
"ufb206" 0.585828266502476 0.184814710157668 0.325476771309709 0.125073598868082 0.0620173730472516 0.0786608495212466
"ufb207" 0.593517719823077 0.143263753075158 0.424882974314311 0.104143827985974 0.0657706031952158 0.0481647682523086
"ufb208" 0.646725626220843 0.174909461230764 0.168062912073078 0.113692796814772 0.0608895219169703 0.127054507532803
"ufb209" 0.635547151973529 0.167783635888912 0.372947230654404 0.115003998144887 0.0705768323976034 0.0945291540766548
"ufb210" 0.69681245601912 0.18330997753006 0.312683153465195 0.131706957476102 0.0723084531708635 0.125313148681511
"ufb211" 0.655206663026479 0.173293144255631 0.28857367811129 0.120886449888702 0.0725817568842605 0.120129777220383
"ufb212" 0.62152598131571 0.171584568449804 0.180793886201367 0.116528876814357 0.0630331921464375 0.104444721496393
"ufb213" 0.579665172935167 0.148861420741292 0.202895825134656 0.0959257570369524 0.0507539649947196 0.0916092383998209
"ufb214" 0.676376908976121 0.186384390189599 0.15823856116046 0.121744780865199 0.0640283092366464 0.136045076824664
"ufb215" 0.681938586303156 0.186412848259125 0.384618065275344 0.133413993481042 0.067893161680571 0.106896512244657
"ufb216" 0.649020674646355 0.17642766638717 0.372989404769775 0.123525011905889 0.0677917371189265 0.0961769135899446
"ufb217" 0.665272502924539 0.17031449972772 0.422981364610807 0.121496153776069 0.0709572652044655 0.0780281245323023
"ufb218" 0.608162003400835 0.168364510475121 0.2038445034969 0.114194359722617 0.0584792325995933 0.101008985251489
"ufb219" 0.641654753395282 0.173451500633042 0.155874440271172 0.112500867340956 0.0564619880975071 0.124056172864801
"ufb220" 0.627984288564222 0.169607595554222 0.144107326653329 0.108908264545459 0.059242955931899 0.123686593316614
"ufb221" 0.693853350530348 0.183347489571466 0.300532467344138 0.129200295661436 0.0736927843773473 0.121725760528554
"ufb222" 0.63773238919009 0.165757081516797 0.276664107859301 0.111072655222817 0.0663765743630755 0.106453316652994
"ufb223" 0.644671346522017 0.173527605619861 0.354745448795236 0.117712122369805 0.0660628636505312 0.0819847992042563
"ufb224" 0.7712251738179 0.205593224973869 0.433254297415427 0.150403110063734 0.0967468505075489 0.141226921309987
"ufb225" 0.770766752066771 0.182886030348138 0.634043005428401 0.141534247868724 0.0835566888708069 0.0762263714302016
"ufb226" 0.587316239083341 0.153777309483521 0.121220736873339 0.0987795746147095 0.0504996568432024 0.0936486332654086
"ufb227" 0.617617387528892 0.158034308278099 0.26260048619179 0.108742710665484 0.0660189021387575 0.0946116592368693
"ufb228" 0.597485412417856 0.150628446199084 0.250827907280949 0.102307025786057 0.06457295367794 0.0903976662857711
"ufb229" 0.672212883673756 0.182779077789958 0.119397189119997 0.118202812263579 0.0490536363660791 0.132224551089305
"ufb230" 0.587668108796995 0.159629751627771 0.145350928204694 0.103318952107073 0.0494313500595625 0.0962545509032166
"ufb231" 0.627093270201581 0.14964455486295 0.548449304282827 0.109568258445274 0.0619071797035204 0.0391829198740223
"ufb232" 0.681148378102355 0.187374709145174 0.457397287719752 0.137458543048712 0.0715217039014497 0.0974512042670326
"ufb233" 0.652596317290527 0.172089604729883 0.298650209774681 0.116590837383483 0.0686740158517251 0.0991750321833598
"ufb234" 0.596310302149295 0.159748744813339 0.154922102212545 0.103012901380509 0.0498895769830235 0.100106310336614
"ufb235" 0.655832958808369 0.184879582128751 0.144912052272267 0.120007110210562 0.0586082723082793 0.143108414310994
"ufb236" 0.62721450831468 0.164766303793089 0.252740572202128 0.112982615968379 0.0694490631491158 0.114849068367785
"ufb237" 0.661713023395923 0.171888593874045 0.337846702139816 0.120352496110716 0.0735537716262957 0.098956318179072
"ufb238" 0.6497727108738 0.189304989566818 0.305828432429384 0.13435130025914 0.0685474162248208 0.099459329913353
"ufb239" 0.616309307141523 0.166846781810725 0.205289877162249 0.103797665953927 0.0626208055890708 0.113119869324018
"ufb240" 0.748189800053403 0.18373335884185 0.537419668808976 0.134011902590649 0.0836647336432345 0.0934069093526455
"ufb241" 0.672126671821204 0.192571567750568 0.132264549405192 0.12623356316793 0.0521561337267963 0.151060651343576
"ufb242" 0.617168870583135 0.146896911585685 0.698627679347305 0.111049115289037 0.0510970824670847 0.00787070385239338
"ufb243" 0.722228846479695 0.18961346551522 0.316137612333914 0.132412071925993 0.0833608336221236 0.118026945258966
"ufb244" 0.654757348170484 0.186844226613116 0.120692695183575 0.11762818281237 0.0602684214672359 0.145033437699051
"ufb245" 0.672949919432664 0.19621876376092 0.144380113137776 0.12582080979228 0.064099121835631 0.155031318424919
"ufb246" 0.640302837816958 0.157473750068479 0.457278804098258 0.113735973728418 0.0646077824432377 0.0638522402849228
"ufb247" 0.675987536278704 0.185493603777851 0.191725628117617 0.125487717668132 0.0701977073456128 0.130574928969437
"ufb248" 0.599106644332775 0.155511328030359 0.67061510503703 0.119891127881141 0.0526047939476665 0.0178889713279724
"ufb249" 0.641639032188193 0.176346267650925 0.20470492941832 0.116979968042279 0.0692127533478752 0.130797251124344
"ufb250" 0.724540714422259 0.191153418202416 0.267293109800376 0.12482236795746 0.0767671467136166 0.133710737328333
"ufb251" 0.600705428893495 0.146446182760422 0.537356743265284 0.107363689341944 0.0610380815623143 0.0346015792829931
"ufb252" 0.727898779286608 0.194377223159945 0.22423130835954 0.125493888662098 0.0751815820386543 0.140111366596795
"ufb253" 0.715884508134199 0.186111459312081 0.372965791383062 0.135709961182534 0.0835159997838173 0.114274819621987
"ufb254" 0.650608760712828 0.178575269894741 0.457397287719752 0.131090298159605 0.0780773613883962 0.087678036500806
"ufb255" 0.699455394993347 0.187939158760096 0.264426279729964 0.132195331596651 0.0831399614356265 0.130271068875071
"ufb256" 0.672571852644101 0.181473869484014 0.270968930293046 0.125695049325518 0.0807849615830695 0.126296015635178
"ufb257" 0.65119192957656 0.162423140824985 0.493662585615108 0.115762166528406 0.0637916954418159 0.069738544825501
"ufb258" 0.618065962975342 0.159848175120025 0.25180265812157 0.105154999419731 0.0635661203108728 0.0919405407964657
"ufb259" 0.596611715644751 0.153698971107292 0.236519097702178 0.0983934009944656 0.0664072665450672 0.0899698295418411
"ufb260" 0.685951424434611 0.193932237120443 0.328140952639251 0.134830089439621 0.0684541392964155 0.115051551328582
"ufb261" 0.651069593048536 0.178829503927069 0.146304738556141 0.115902725279824 0.0576808594304554 0.134271839590138
"ufb262" 0.55645900416982 0.150666942685743 0.144275202142282 0.0977988265868984 0.0435782995406842 0.0981723383016025
"ufb263" 0.632499614042435 0.170824201493406 0.156692973255964 0.111689322821918 0.0615994575666945 0.124970478007092
"ufb264" 0.814595405629139 0.200709431394982 0.634112460796197 0.156771071371952 0.0940801493855575 0.0968060589986627
"ufb265" 0.668004100241563 0.175788912347059 0.276690391341803 0.123024890831485 0.0711750542685931 0.120280143716475
"ufb266" 0.605847975408903 0.162548293846079 0.241026661485978 0.104899766035959 0.065988397829729 0.102907301506401
"ufb267" 0.624358005905803 0.16659729044688 0.228527823601205 0.113054829285187 0.0710827908626804 0.118258603522593
"ufb268" 0.616745171679448 0.161899780419925 0.132517438884154 0.103671277832214 0.0504427734889795 0.117750528455761
"ufb269" 0.626354931403751 0.166791269689693 0.134121118994429 0.105918968776883 0.0513720723547799 0.123353537094813
"ufb270" 0.653263599988085 0.178578558979462 0.167745867278503 0.120054828611854 0.0592131030905536 0.125683877866338
"ufb271" 0.539717563989409 0.147789080789882 0.646202860704394 0.110369361574881 0.0499819137221828 0.00823023676278956
"ufb272" 0.655201372914156 0.146143776607019 0.633973550060606 0.110577823879813 0.0656377678796118 0.0349031414302321
"ufb273" 0.699046232811123 0.155661188243561 0.580021493008715 0.113439455600424 0.0713092420183149 0.0618473508047195
"ufb274" 0.625408202458529 0.166950595794652 0.146273230147791 0.108957307464874 0.0611286633020457 0.119856995557241
"ufb275" 0.647387570950371 0.18424668649355 0.416748229167034 0.134470428549081 0.0606539478018646 0.0780523815634439
"ufb276" 0.63487837686358 0.156711350825274 0.338312108425002 0.10642823027658 0.0650747492039336 0.0929975443037392
"ufb277" 0.598579545454546 0.162491872005313 0.44272167902659 0.119224996525847 0.0617238877397346 0.0533865640816982
"ufb278" 0.781046654535408 0.191580559759098 0.525236389574615 0.140024396222233 0.0936399456678688 0.112727919919957
"ufb279" 0.70268818393536 0.189530976677673 0.312683153465195 0.133689548326843 0.0796106545093769 0.131975928936893
"ufb280" 0.641406969304474 0.182261186324501 0.40929851203522 0.131240107336759 0.0681798952133364 0.0917718291408949
"ufb281" 0.614054932285829 0.171576440094097 0.402018253617798 0.119638052981311 0.0748941391190548 0.0908529728234498
"ufb282" 0.601108181538338 0.168703821194219 0.203647561051475 0.115974561601061 0.0575701008119451 0.0953722044462736
"ufb283" 0.610898421564628 0.175249491896059 0.361199736350688 0.125334076507964 0.0632214749005037 0.0839842344971442
