1 NaN NaN NaN NaN
1 NaN NaN NaN 1
1 0.03330866 NaN NaN 1
NaN 1 1 NaN 0.9597186
0.7924769 0.5631043 NaN 0.9965728 0.552882
1 1 1 0.4069665 0.8947031
0.4306792 0.4622454 0.3719843 0.8293657 0.9564564
0.5418341 0.5325331 0.7539769 0.293712 0.8047803
0.3040813 0.6410183 0.6323854 0.5234317 1
0.9065812 0.9926915 0.9672519 0.7718581 0.4251327
0.6986805 0.8566753 0.4631614 0.3585457 0.4824988
0.6839602 0.8013409 0.384392 0.6018379 0.5693561
0.6009709 0.4184511 0.3299821 0.43934 0.466067
0.5701025 0.6883488 0.4901833 0.6642603 0.8280011
0.4931695 0.6980033 0.6740044 0.7852261 0.4517497
0.4404791 0.4233837 0.6774156 0.3905144 0.3942254
0.5540098 0.4391711 0.6548166 0.295977 0.3884042
0.5294337 0.6584951 0.4513921 0.4569862 0.5059533
0.5516027 0.3441169 0.4471912 0.3312505 0.4590059
0.4464271
