0.7630034 1 NaN NaN 0.6051761
NaN 1 NaN NaN NaN
1 NaN NaN NaN NaN
NaN 1 0.317157 0.6094993 0.7653026
0.4941145 0.4617494 0.7981208 NaN 0.500581
0.2672395 NaN NaN NaN 0.430704
0.5927818 0.7018086 0.5183103 0.3945222 0.3114334
0.4154747 0.3555551 0.6003674 0.248536 0.1521668
0.3777163 0.4312142 0.4968964 NaN 0.3428627
0.3447549 0.5605116 NaN 0.4176304 0.29656
0.4648955 0.4502489 0.2846462 0.4704753 0.324599
0.2382904 0.3201534 0.5252072 0.3172282 0.3083524
0.292898 0.1610196 0.2901474 0.2543939 0.4362259
0.1155629 0.1840292 0.2946464 0.2541255 0.1625336
0.1410058 0.2620945 0.2712095 0.4714752 0.2753437
0.2684539 0.2763026 0.1828 0.174542 0.2844705
0.1369692 0.1323255 0.1432097 0.1285653 0.1559157
0.2091859 0.2123249 0.1345924 0.2458616 0.256628
0.1566572 0.1829465 0.1523018 0.1686042 0.1778635
0.1719595
