1.487622 NaN 0.7008092 1 1
NaN NaN 1.423313 1 0.9723817
1 NaN NaN NaN 1
NaN 0.6353163 1 0.6523244 1
0.2308314 0.5796151 1 NaN 1.37032
1 0.9111452 NaN NaN 0.5443624
1 1 1 0.9581227 1.099606
0.8661767 0.6685365 0.462273 0.2993008 1.229191
1 0.9645979 0.5068859 0.7101683 0.2513402
0.8503093 1.034089 0.647014 0.5830134 0.3580082
0.7073853 0.6714262 0.6326306 0.7457696 0.3324132
0.6172778 0.6391434 0.738408 0.7746328 0.1332052
0.8009663 0.7465252 0.5256713 0.6790249 0.4069194
0.4573584 0.2154304 0.3781509 0.4901945 0.4149166
0.4827804 0.394487 0.3699392 0.398955 0.4409195
0.3406393 0.5517178 0.2970519 0.2773131 0.5830302
0.1986787 0.2241373 0.2164443 0.3605061 0.3875545
0.2607306 0.3273694 0.2172001 0.157056 0.2616385
0.3146562 0.3960734 0.2482392 0.241515 0.222464
0.2807782
