1 NaN NaN 1 1
NaN NaN 1 1 1
1 NaN NaN 0.07262457 1
1 0.5033995 0.8107641 0.9855499 0.8867103
0.9320332 0.7793594 0.6162182 0.5505083 0.9911578
0.4488329 NaN 1 NaN 0.7559136
0.5933586 0.4400639 0.594099 0.1493422 0.9361227
0.7423475 0.7990954 0.5235356 0.4083756 0.9452585
1 0.9005705 0.8428977 0.5728051 0.6685464
0.7326014 0.6642941 0.6136184 0.6171636 0.6174417
0.3530151 0.4349245 0.3841032 0.4278423 0.8641524
0.662351 0.3701877 0.5650964 0.553765 0.7451898
0.7166163 0.7618103 0.9019111 0.6355651 0.5810453
0.7606575 0.4650206 0.4524538 0.6747082 0.690455
0.5281122 0.6725686 0.5345076 0.8538181 0.9315475
0.6303742 0.5914015 0.5303834 0.5631666 0.7543972
0.5766331 0.5594523 0.3394145 0.3919521 0.3700377
0.4533095 0.3337133 0.5571225 0.3290973 0.5936227
0.366733 0.4220374 0.3370579 0.5211853 0.4298892
0.5504238
