NaN 1 NaN NaN 1
NaN NaN NaN 1 NaN
NaN 0.3848952 NaN 1 1
0.3848952 1 0.9937909 0.90668 0.982764
0.908821 1 NaN 0.9857162 0.4441878
1 0.5711773 0.3694153 0.4332307 NaN
1 NaN 0.82128 0.3996448 0.807873
NaN 0.842286 0.5725364 0.8563867 0.5669049
0.6280898 0.7685662 0.8877492 0.8109035 0.6240279
0.7455075 1 0.67514 0.3791866 0.9543173
0.8536141 0.8234871 0.5787814 0.52825 0.7110766
0.4440672 0.9194928 0.4798797 0.4535256 0.6770013
0.2889891 0.5818344 0.6634738 0.9506752 0.6842575
0.8493751 0.7304832 0.5836991 0.8588402 0.3895351
0.6252494 0.5686713 0.479016 0.6718347 0.737184
0.4016249 0.6173963 0.4926372 0.6437801 0.6765354
0.3824775 0.4050707 0.5492517 0.6826416 0.440926
0.4015888 0.6922385 0.4880394 0.34006 0.5957545
0.6928723 0.5882926 0.5017842 0.561646 0.5460772
0.3617652
