NaN NaN NaN NaN NaN
1 NaN 1 1 NaN
1 1 NaN 1 NaN
NaN 0.6284009 0.7662358 0.8112224 1
0.5112036 0.8798894 NaN 1 0.07929125
0.9879359 0.9731915 0.5669782 0.246244 0.8170279
0.7082647 1 0.7390865 0.7777138 0.9135514
0.8798449 0.5666457 1 0.6004348 0.6395717
0.9975577 0.9048785 0.826779 0.9042049 0.6524619
0.5083549 0.7309001 0.7399397 0.5851053 0.5524931
0.8688068 0.339958 0.7382622 0.5272163 0.8473898
0.5518912 0.8288496 0.6029766 0.8003874 0.5655824
0.8347823 0.6588672 0.8873951 0.9538221 0.3690431
0.4772246 0.5469113 0.7414095 0.5190603 0.6902608
0.5203911 0.591404 0.4492749 0.4736644 0.3553068
0.4880727 0.4414725 0.8490765 0.6057282 0.4043747
0.5471374 0.6306559 0.3497532 0.393179 0.4591848
0.3302134 0.4553737 0.5033904 0.4960531 0.3444902
0.4234225 0.6446533 0.4400307 0.5014155 0.5310628
0.4823953
