"quartet" "wQuartet" "cluster" "phylo" "mutual" "shared" "clusterNorm"
"mb49" 0.70138499870206 0.739949214526104 0.21692547164502 0.260057005070745 0.156901166233937 0.09651704307766 0.131618746483515
"mb50" 0.850011233724831 0.852454424499895 0.222372515297351 0.755273818856514 0.17984444216699 0.114850667706228 0.121707511732314
"mb51" 0.858270851784047 0.874131964338918 0.226711762166356 0.740995077335787 0.182397442728992 0.115603900722897 0.127337618941406
"mb52" 0.674349972859754 0.768555550151868 0.250135795871208 0.140062689230087 0.170622814751963 0.0980618898272849 0.213193399859769
"mb53" 0.691626825090931 0.734691863968399 0.198214889254517 0.316392789396255 0.145198770254529 0.0873963697930873 0.139241166204949
"mb54" 0.813676029247479 0.855266010492997 0.234917020574372 0.692390643376516 0.188980264735716 0.117560777738364 0.13638493433836
"mb55" 0.774438340632481 0.777541689080151 0.229171382526539 0.465048095763516 0.168166208649547 0.105033296350231 0.14464796428156
"mb56" 0.929411764705882 0.95944747180332 0.233846423453571 0.929321455116737 0.201663749658936 0.10120377344554 0.110433768159865
"mb57" 0.80952380952381 0.905737704918033 0.259622221220003 0.809347134121168 0.21447373739591 0.107336167032344 0.139319263864377
"mb58" 0.761985061284229 0.768590038818343 0.212842838656337 0.535732690968044 0.160128942127422 0.102633274939127 0.126333291283656
"mb59" 0.835294117647059 0.874560232924906 0.225497303005557 0.835199463246308 0.189179772166576 0.0931112933573566 0.100739764446408
"mb60" 0.725070552312618 0.723774509803922 0.184829862265033 0.559980243499161 0.143247812397843 0.0873765326865893 0.0798435954167382
"mb61" 0.681803171833847 0.729910505500091 0.211338136838679 0.106116650965021 0.147309687158969 0.0772237709448769 0.164241172488365
"mb62" 0.74390243902439 0.792469677803408 0.200641839986639 0.743684978548607 0.160777382351057 0.0792352908409411 0.0682065154339883
"mb63" 0.903614457831325 0.917232393883289 0.215603964725478 0.903499639059703 0.18311837599531 0.091144646207586 0.0883669503888432
"mb64" 0.641046769938567 0.723658898085404 0.21363333508601 0.163086267140207 0.146740202503167 0.0918994601781239 0.171846253580274
"mb65" 0.714285714285714 0.839966349576134 0.239098659293454 0.714050062338595 0.193404494107242 0.0918468066850095 0.115208643022865
"mb66" 0.670588235294118 0.801732313333755 0.223373551719636 0.471190299221754 0.173623660951284 0.0821851352888897 0.0982739175370995
"mb67" 0.786050392715575 0.813506968468914 0.240744734838929 0.50309882817165 0.179181619866418 0.103355551694294 0.142585091373432
"mb68" 0.774854272115683 0.774259365053456 0.188882399114664 0.643291572103531 0.146052756558744 0.089981811959337 0.0840406209774946
"mb69" 0.655331920709288 0.745544064125709 0.238848628474878 0.0941713517614868 0.163297988516756 0.0816921923611538 0.201137642937859
"mb70" 0.805242934442934 0.821382535447705 0.189755903548716 0.655285060682718 0.149270256841094 0.0996205442073618 0.101205469281011
"mb71" 0.821428571428571 0.889335092651024 0.235744012705576 0.821325330696885 0.198414617409412 0.0971855248717904 0.111961151430913
"mb72" 0.740123154668949 0.737275137200663 0.187316048596475 0.515137336887517 0.144901524804457 0.101611290465433 0.109405079538181
"mb73" 0.808712292771315 0.779520664465126 0.20544055856395 0.654360887130126 0.159288602575773 0.0942131585898713 0.103010663907351
"mb74" 0.650328822185148 0.737369972217666 0.223114989069013 0.151367857017524 0.154115337865716 0.0854489863297905 0.183865456418114
"mb75" 0.811764705882353 0.795165992664347 0.159794554493122 0.811523880311298 0.130067641881619 0.0614226331637592 0.0244535625608708
"mb76" 0.671871700584083 0.695838502311943 0.182907350223664 0.212534392599888 0.1296458986726 0.076496528523768 0.11249246972533
"mb77" 0.653092387936409 0.750190506315464 0.243402090548622 0.105754170441649 0.166168557239763 0.086880549368406 0.20613198976586
"mb78" 0.79060337550126 0.778782930264306 0.202568748385924 0.517104185132552 0.151803986714561 0.0987738927913493 0.126230670680291
"mb79" 0.683021857172496 0.731701161029783 0.210675586314684 0.106122649002773 0.146826341737705 0.0781035314051501 0.166624343579054
"mb80" 0.686367467156203 0.7303421401892 0.206396005516849 0.129725306549001 0.144576187516345 0.0771639277354454 0.157029527969504
"mb81" 0.658946246039495 0.746722620913153 0.229564072408151 0.139958215967794 0.157232612544326 0.0866052455515599 0.1910656820808
"mb82" 0.668713187818616 0.757458924125591 0.238145054375878 0.140014369537802 0.16175526387601 0.0896341844342598 0.200393093651477
"mb83" 0.677686399087408 0.70842503523826 0.192807626875858 0.224426178332139 0.138057421333075 0.0795770971760396 0.115570011938612
"mb84" 0.797159659523036 0.797389255169857 0.202088236171931 0.564287703620988 0.156317083628308 0.0962718302219163 0.115116701846604
"mb85" 0.813534768397993 0.845674861870377 0.18797705099695 0.721233734982987 0.147873143583737 0.0950176728678305 0.083406908976534
"mb86" 0.756047937691116 0.77941257660244 0.193819634329008 0.606362785732812 0.148196248944863 0.0839838555540188 0.0896503479688182
"mb87" 0.773809523809524 0.764991087344029 0.186530666988085 0.771110129321874 0.155126795696783 0.0744362244543885 0.0549440442223209
"mb88" 0.651714260479225 0.715903493977702 0.206690353340544 0.163372194440163 0.140873341405572 0.0881999002679632 0.159215872043091
"mb89" 0.752485491384619 0.698814631663152 0.182314683854084 0.52163779141581 0.135803600666086 0.078859599735016 0.0930290513564423
"mb90" 0.730362764743173 0.725392580791989 0.180180494586504 0.526145284456796 0.139557244806127 0.0916940336817116 0.0906638340694712
"mb91" 0.702380952380952 0.710178585729158 0.179496510426804 0.698734858616651 0.145094993820612 0.0687982227217174 0.0473105467864357
"mb92" 0.668611629820016 0.655838677825391 0.177469400236235 0.315668623981188 0.119034707109002 0.0728980850785852 0.112396392705573
"mb93" 0.797619047619048 0.855464059015268 0.183463934105382 0.797427659859136 0.148651955289446 0.0697573974316954 0.0510484960044429
"mb94" 0.647843817219443 0.734888332313279 0.221787427464032 0.0941796035917942 0.152026067168835 0.0778939189060629 0.181272842313868
"mb95" 0.685335823051255 0.680154543064819 0.19096892091466 0.344279378049705 0.126089164318668 0.0823091258371745 0.12104784161073
"mb96" 0.905882352941176 0.914119478816684 0.183969900589969 0.905761940155649 0.157749653970728 0.0778507757054527 0.052523093512803
"mb97" 0.654761904761905 0.677132889311767 0.182954675555139 0.65042525098196 0.143776453158676 0.0666909592947187 0.0499232914268252
"mb98" 0.811764705882353 0.835399449035813 0.174940238559689 0.809347134121168 0.143722486929361 0.0678989373460528 0.0420389260130255
"mb99" 0.785714285714286 0.829147506190308 0.177640953866817 0.785566907910789 0.144006611992686 0.0676643172553443 0.0442812188614926
"mb100" 0.835294117647059 0.835360773204466 0.174024496208349 0.835141429259347 0.146642395115182 0.068660893804505 0.0409756751221398
"mb101" 0.795180722891566 0.783754023377943 0.167784440449209 0.795008619111426 0.136751621562061 0.0660277161832744 0.0317195008154843
"mb102" 0.858823529411765 0.825301699367868 0.172697737076014 0.858642910233474 0.146461431004268 0.0716329418020961 0.0394352005253489
"mb103" 0.686697699038372 0.677144902809091 0.181825318051172 0.326313678306373 0.127389925005967 0.082828638490453 0.121704104531093
"mb104" 0.905882352941176 0.902259431107525 0.162197246881898 0.905761940155649 0.137892495523772 0.0677986595998306 0.0272432826378671
"mb105" 0.683434706996069 0.716516576673374 0.185995220159394 0.324358089468044 0.134606332786173 0.0796741640919436 0.121642580485393
"mb106" 0.738095238095238 0.784379286694102 0.183112842546825 0.734683434578725 0.145355587110516 0.0696774669077573 0.0506529169025324
"mb107" 0.686746987951807 0.758285851857796 0.186590642951597 0.686433254108577 0.145539117521523 0.0680217314717594 0.0541152907878789
"mb108" 0.66597856782467 0.715938888774345 0.193751962864903 0.256866653478089 0.136244869499961 0.0879166235083098 0.14553196304167
"mb109" 0.710843373493976 0.745410139801246 0.177864056296046 0.710737976569646 0.141642564903328 0.066127000213118 0.0439762235696767
"mb110" 0.67058842223532 0.714864306774863 0.213044837869289 0.094375816837109 0.143130497639161 0.0700987292427626 0.172745403648115
"mb111" 0.70863937073037 0.698163374420184 0.173631984327936 0.514287595062541 0.134294380210968 0.0881590330161092 0.0834002874329722
"mb112" 0.740376091778254 0.736953350967838 0.189253409220838 0.421092166304881 0.141740135848463 0.0885390864714916 0.119094722127489
"mb113" 0.818037736092333 0.810364063417499 0.175572887579067 0.719299948383828 0.142048687702033 0.0850671973846932 0.0694406646736515
"tnt1" 0.691354682545711 0.716763944316735 0.201477639513451 0.129840769413121 0.138708073426815 0.0814327118749565 0.146493091154033
"tnt2" 0.690364333139078 0.714605988586589 0.198527947537035 0.141648674736195 0.138198498015816 0.0785041380558821 0.139768828170199
"tnt3" 0.696047640558387 0.715449452862685 0.20555961861288 0.153467094167096 0.143032885427185 0.0877948483468629 0.142846561138535
"tnt4" 0.668390727732397 0.726206637221723 0.207014654704855 0.0943124286726046 0.144366979231437 0.0756466279185185 0.161335057254737
"tnt5" 0.676542945922921 0.725053267764698 0.20801381419099 0.0954307899201618 0.142353403138622 0.0691375042598761 0.164986906902185
"tnt6" 0.673153735508675 0.753760825319175 0.236442131796016 0.116930790124077 0.161722006987812 0.0721356447397057 0.19895039097886
"tnt7" 0.840970149360809 0.810989387196166 0.167102388437893 0.740861010967688 0.131209318222975 0.0838036622649975 0.0600679315645197
"ufb1" 0.703759015226852 0.725725232621784 0.194432311688837 0.467534319898312 0.139975236255083 0.0726082982858674 0.0909840648937187
"ufb2" 0.745119745408664 0.737927531531311 0.193818931573853 0.411146751371454 0.139940285240172 0.0894707517838661 0.124318242381394
"ufb3" 0.73572155921661 0.712766117279406 0.177523125473664 0.502429905668286 0.131718996904026 0.0822466844428629 0.0874926694265067
"ufb4" 0.714478498487155 0.699823617204107 0.183578459749924 0.469124229108776 0.135737501153106 0.0933850314329769 0.105330631214783
"ufb5" 0.661910728631452 0.693311638372115 0.20104311884928 0.186363639526376 0.134099686893992 0.0708057316868686 0.158617423692075
"ufb6" 0.793561332200613 0.73470066518847 0.189073512788448 0.577831303979364 0.140976903429507 0.0741957712154034 0.0845712552327609
"ufb7" 0.678571428571429 0.705259087393658 0.192481525794597 0.67852919823057 0.151844336358012 0.0707698871094489 0.061693600874457
"ufb8" 0.731707317073171 0.737597340099746 0.167382248281033 0.7315969281517 0.132844213403235 0.0610935177571546 0.0302956023616282
"ufb9" 0.666848008944964 0.687200204046371 0.183559610702499 0.362813227244561 0.133252225589044 0.0703180197085135 0.105437083152209
"ufb10" 0.734794856367853 0.695850660752241 0.183980860249386 0.447637483746877 0.133497494020992 0.0748990584732232 0.105379078075559
"ufb11" 0.676157420574452 0.707844660742792 0.193349513976091 0.257457953550355 0.136744656895016 0.0779706767003105 0.137805280210483
"ufb12" 0.661533055318207 0.714168119310478 0.212175672718033 0.443851212830934 0.154283487618293 0.0853849008361837 0.111005967648652
"ufb13" 0.634046478560139 0.723203912411813 0.210888755125102 0.141307376113287 0.146493084426746 0.0840817010006494 0.169777955882042
"ufb14" 0.8 0.852497265767408 0.197021603284204 0.799918224791637 0.163190538265512 0.0769405773071336 0.0676771753316781
"ufb15" 0.709861789308569 0.64473200286483 0.166307911442434 0.455546358237508 0.121178541578405 0.0701465049783017 0.0863835167320824
"ufb16" 0.6491273402053 0.642984534196183 0.17214900778071 0.292224936993437 0.115814619478505 0.068616110977327 0.111340081182304
"ufb17" 0.637342603945102 0.710944425952352 0.201336632227907 0.155899822765463 0.139273311446624 0.0808537320148786 0.155230351416863
"ufb18" 0.662217377498981 0.753665223638743 0.235143454458455 0.140014369537802 0.16109375138249 0.0902716149873257 0.197242756388654
"ufb19" 0.638147316429248 0.731386875592985 0.227186346601945 0.128691546003385 0.153589078532678 0.0765173719078504 0.188577460846551
"ufb20" 0.719878510455094 0.736030926094737 0.207636101739561 0.374625131367305 0.146164266735042 0.0946354962111004 0.131817375371835
"ufb21" 0.697950014015133 0.713004402054292 0.190182298568486 0.32787017779776 0.13575089996651 0.0869114311684021 0.126255356731842
"ufb22" 0.675070195766547 0.69618388945841 0.185039786583063 0.23375929481884 0.12773558072654 0.0706494961874424 0.125291796229274
"ufb23" 0.806810551744882 0.793791088385683 0.225073321285057 0.563661195012777 0.167909305861777 0.0972991767953141 0.124987051787546
"ufb24" 0.694490060215709 0.673836206896552 0.169562672426051 0.434812197964502 0.125117824908801 0.0718575137782841 0.0790458862169775
"ufb25" 0.678141136222084 0.694216823310731 0.179339938233678 0.481990154671573 0.135052423013973 0.0709342750908767 0.0738781110301108
"ufb26" 0.809483668991961 0.794230142022712 0.175752047619505 0.670527854594454 0.136984328467277 0.0817546570951797 0.0694199730800088
"ufb27" 0.673184986419861 0.718374456359082 0.202386409938942 0.198524638960896 0.142068636967732 0.0655831969206785 0.159052285416634
"ufb28" 0.788235294117647 0.812613217041261 0.200575855846172 0.794996160166411 0.166409749507706 0.0801812215919483 0.071803949852277
"ufb29" 0.639907956303119 0.722377367723941 0.21111756278389 0.128067454997847 0.144817803879461 0.0723576109960778 0.170019440879725
"ufb30" 0.770032282117074 0.786097924860979 0.205178080555449 0.522043193572736 0.156228941022966 0.0963925745429985 0.11820996931414
"ufb31" 0.731993312666871 0.732829484614137 0.191458248293411 0.49230985956844 0.145634828113867 0.0886922642434172 0.103194715464779
"ufb32" 0.677956719084808 0.715078713964433 0.201611313884178 0.198656255268399 0.139826238235163 0.0645273201233433 0.151947202537485
"ufb33" 0.678220600931044 0.705730763335377 0.199791685620646 0.210418129393752 0.137609797089962 0.0716172533690414 0.147619578793123
"ufb34" 0.684871252761685 0.70180650606996 0.188546277422027 0.351001323121817 0.133230302263184 0.0731871395806372 0.110900907804253
"ufb35" 0.682044448716343 0.689480405829548 0.176314492816176 0.351250561196981 0.122522478248695 0.0851299494765184 0.119533105509539
"ufb36" 0.637128807265119 0.678579463924123 0.18397306844933 0.233945737586826 0.128942315690798 0.086524464900085 0.136905149910298
"ufb37" 0.715586062003501 0.714367909357804 0.182308762286267 0.444873376881045 0.128113592823137 0.078049964379033 0.0932309553128342
"ufb38" 0.764705882352941 0.713718977765477 0.157342404092558 0.764520918363044 0.126002067805486 0.0593816925194569 0.0216064177344152
"ufb39" 0.680009272636793 0.719465774565712 0.196751501110749 0.245713595476975 0.139541692546856 0.0729897208898496 0.144381179858087
"ufb40" 0.69868210770139 0.711148487451093 0.18704865910761 0.340597857450654 0.133473162994612 0.0821780708542062 0.116964306243486
"ufb41" 0.741176470588235 0.805208119745745 0.202964451404837 0.737949067888011 0.166146690816014 0.0772957564546799 0.0745773023700457
"ufb42" 0.656446718017483 0.74415439800136 0.22701705258165 0.15145548313752 0.155882549953152 0.0820641320966859 0.188391388642126
"ufb43" 0.642730835238951 0.733435441187159 0.222230813404591 0.142360869836744 0.151516910627666 0.0759785037951307 0.182404076367581
"ufb44" 0.756099118718214 0.666243060664839 0.154354533187641 0.630425564292083 0.117002910898776 0.06706287576429 0.0453781194593146
"ufb45" 0.670056392147653 0.662770116507498 0.182471719278685 0.269135067665053 0.122857043634261 0.0775271734186733 0.117626086014041
"ufb46" 0.648158091336776 0.706631176475384 0.201213064141137 0.139589635334187 0.138021126442728 0.0809329802175398 0.157758010411879
"ufb47" 0.644341399200003 0.729459502310714 0.225248164146322 0.142119607074877 0.152723790858813 0.0741759146162909 0.186543015191435
"ufb48" 0.64236590145429 0.719641632981113 0.21330311089392 0.152486579980321 0.145224977567726 0.0798807285318262 0.170565001186473
"ufb49" 0.658312381267728 0.714588328406155 0.207321299810723 0.451938363386412 0.14859925825634 0.084212168841619 0.105528212778736
"ufb50" 0.655606747572389 0.667318632835874 0.168570072513805 0.32824784747923 0.117204979339206 0.0694378821146822 0.0888464222898573
"ufb51" 0.670368068988944 0.694748634989812 0.174684217570823 0.328403271689248 0.125343094281193 0.0747238953306076 0.103436939631608
"ufb52" 0.659651241588665 0.671205240016646 0.174950869058463 0.292645784507187 0.122738280265233 0.0649105925914046 0.109821559446139
"ufb53" 0.648136569232192 0.737740747519292 0.229149966566245 0.130535097455626 0.157725600831492 0.0704895722672225 0.190638923675321
"ufb54" 0.791263334351863 0.730893753527193 0.165717267552232 0.670235492638184 0.129035552348184 0.0784023691151397 0.0585048108147194
"ufb55" 0.64444563343469 0.740195945876642 0.231701973185786 0.118528204733222 0.159081919691596 0.068658025306883 0.193636742675951
"ufb56" 0.808738705730011 0.790746328706498 0.200669021789398 0.564287703620988 0.156162605020693 0.0911261460423004 0.113542794604558
"ufb57" 0.653396183482284 0.636464355754782 0.167537991266192 0.304208696375286 0.114942559794473 0.0691179010401942 0.110171911755423
"ufb58" 0.686627860443459 0.720249687890137 0.200000331254619 0.23390972066254 0.139381105466868 0.0760906007954059 0.14784182773777
"ufb59" 0.744097672725627 0.731903086085544 0.189850137769778 0.49230985956844 0.14358930464442 0.083917524376951 0.101411057400533
"ufb60" 0.739273577949238 0.708765570166982 0.177015199303268 0.49146135035406 0.128748261635029 0.0869457150023896 0.0979663563892615
"ufb61" 0.745098038494371 0.714689304090295 0.181202903957916 0.480135000872622 0.131149909627978 0.0905390473930516 0.110419625134576
"ufb62" 0.669629594130464 0.707983331253571 0.193988533596183 0.198691131433063 0.136251552088484 0.0671751315988951 0.147558571751425
"ufb63" 0.747401565253744 0.685747094439418 0.152747221357962 0.576071789292057 0.11434786110309 0.0787368962333062 0.0603975688520591
"ufb64" 0.746375164408953 0.688426425836851 0.152141840059327 0.646738341984383 0.116117895074642 0.0700572578047287 0.0431848249411
"ufb65" 0.730210550630442 0.705519768563163 0.18201866806226 0.340407394421132 0.127569023317039 0.0803780966269802 0.122032780176313
"ufb66" 0.677540641730712 0.715435666006412 0.202707072918596 0.210460682198727 0.140232311712285 0.0692535539210286 0.153111123733568
"ufb67" 0.684759569365846 0.728026141314643 0.207803946413851 0.475849703158168 0.149907360998224 0.0879753466944822 0.105999987372842
"ufb68" 0.741369320042089 0.689978773321417 0.17242696794792 0.581018236992322 0.132862516940322 0.0748486726140171 0.0658211383344175
"ufb69" 0.656503127558869 0.652351333148449 0.162564491787243 0.301451452730446 0.11440100176367 0.0732699858889262 0.101023817893987
"ufb70" 0.703317245779837 0.724874210174727 0.185379593144991 0.389588365863914 0.138232030113103 0.085144033538283 0.115001987450575
"ufb71" 0.706942485675292 0.736553362622814 0.193325718036604 0.374443486088714 0.144015411635918 0.0919318285663699 0.129368809705554
"ufb72" 0.801883085857711 0.786258600367315 0.192422910096051 0.552503617949919 0.147461015603347 0.084574290765788 0.104397865499688
"ufb73" 0.698205030924856 0.621198782778675 0.157862002993387 0.444216783779188 0.113454210457706 0.0700065382556023 0.0851730138737536
"ufb74" 0.661718776699772 0.683859525964789 0.174970704979831 0.312173969790773 0.124245115519507 0.0760107844443411 0.103565852501538
"ufb75" 0.811764705882353 0.799725920125294 0.159738691713393 0.811581914298259 0.130481486385073 0.0619532809435323 0.0243887013581243
"ufb76" 0.670825151583428 0.729479362288728 0.20916265377077 0.198552421372982 0.145020422811158 0.0765920942064728 0.163606790930928
"ufb77" 0.645183174591464 0.751937630871145 0.235890387332823 0.094933909075213 0.158955439036566 0.0765254129093924 0.198371523901198
"ufb78" 0.72897133769517 0.755376940953565 0.184323875254125 0.531132038528566 0.136941913092587 0.0893586454432681 0.0950630269716699
"ufb79" 0.741144083552212 0.777688101348472 0.193332434654252 0.530498785566343 0.144568763395497 0.103227650906145 0.115864485150437
"ufb80" 0.647667812381189 0.695412986092604 0.194410938467143 0.203502187830163 0.132916447132948 0.0870038848240403 0.149356026396442
"ufb81" 0.771084337349398 0.783607136548313 0.16676316395813 0.770944418612391 0.135023955836482 0.0627431812110264 0.0305312484459645
"ufb82" 0.660704243015617 0.752756412319377 0.234349234382784 0.151532010183343 0.160530673491561 0.0862335066187056 0.196409180573054
"ufb83" 0.683306997268304 0.694891864424911 0.185538168347053 0.269864487681331 0.129440225037527 0.0725446776976385 0.125810379688136
"ufb84" 0.700510941267648 0.712264385649859 0.189439490885891 0.316974862447208 0.134211823327654 0.0836988385803508 0.125433503744204
"ufb85" 0.738095238095238 0.652291105121294 0.158612646968855 0.73777156623529 0.128284280388258 0.0600947075997496 0.0217283671213414
"ufb86" 0.721906031147885 0.711055990491693 0.191557664356268 0.548603470599706 0.145492904453511 0.0865801763824854 0.0872421681365239
"ufb87" 0.747638156308119 0.699023348084847 0.168893952461636 0.537927788795464 0.126853281372052 0.0753695506825055 0.0779189247120462
"ufb88" 0.642326062740852 0.723483416890581 0.212102152068987 0.128127681491994 0.143905664041908 0.0741794462228853 0.171741393396355
"ufb89" 0.671614861781477 0.713666578553966 0.19734729500426 0.221834350120067 0.135532447412195 0.0688622873993216 0.15255424364323
"ufb90" 0.669394986803271 0.722063708641023 0.199199236059705 0.222160266877214 0.139841949408082 0.0735509339568932 0.151377366139661
"ufb91" 0.638402274244988 0.719211851052621 0.209310526177008 0.139482827365231 0.143052805462068 0.0740196123908047 0.168118263742834
"ufb92" 0.655848255732642 0.6590592819371 0.184121036869635 0.339271425233166 0.131600922395756 0.0711733889588145 0.106052230364732
"ufb93" 0.682219940716587 0.703898484821252 0.180981251897627 0.304481337222948 0.129297551254336 0.0794585986977732 0.12093571414552
"ufb94" 0.674396633665944 0.698266020656737 0.178324746737395 0.316160561697362 0.128656599988444 0.0737323527208413 0.113461770747766
"ufb95" 0.619047619047619 0.738425171177046 0.213764006192287 0.614200285827695 0.164641994495594 0.0747686747530334 0.0861661694579367
"ufb96" 0.6670510255083 0.698858421909527 0.191251423531447 0.210418129393752 0.134400388707331 0.0606756289383015 0.138522507360598
"ufb97" 0.634970999626639 0.626080874363622 0.162139316726507 0.29261211207033 0.113267266001774 0.0693658664929471 0.107484586972487
"ufb98" 0.644494564982918 0.727126409859664 0.215448475963059 0.12817740256608 0.145805056181356 0.0780468770163077 0.175810871163403
"ufb99" 0.662130434337272 0.679086210752372 0.182921449604306 0.258395650136728 0.124638133155738 0.0813414464107286 0.126555469315283
"ufb100" 0.638742904912348 0.717041127944793 0.216764188302914 0.128691546003385 0.146828542273042 0.0707199468686467 0.177634623445484
"ufb101" 0.634866540632229 0.710474125946394 0.2070698338871 0.140622989296982 0.141090967086663 0.0739767108114734 0.164966867826142
"ufb102" 0.655287821326265 0.752763506423428 0.245826770730747 0.118402188408205 0.168751870978516 0.104221611069889 0.208797804313572
"ufb103" 0.656576087337069 0.745822496557463 0.238212699304757 0.118421433415069 0.163998976544168 0.088095601244588 0.200684164619295
"ufb104" 0.667501834971082 0.642352839675411 0.171872402737783 0.328402112270498 0.116774864609394 0.0695031937893778 0.106340382027702
"ufb105" 0.638586528914629 0.674570727718724 0.177756643319871 0.446710912098846 0.131398339497915 0.0681065521295689 0.0720913491969401
"ufb106" 0.747846035778923 0.727299815798028 0.191997646416894 0.559913955609311 0.139914380874519 0.0814656420343339 0.0869712567770619
"ufb107" 0.642478929949478 0.716495846994084 0.216725151665598 0.140533725708316 0.14709323042689 0.077248101781742 0.177163403772316
"ufb108" 0.694117647058824 0.594963475586313 0.14474449332468 0.693900407466742 0.112881888747486 0.0509954651881493 0.00697922502279749
"ufb109" 0.703994507149118 0.628069454433371 0.146881952594084 0.523278622532595 0.107401574979525 0.0686829936193965 0.0539434172408162
"ufb110" 0.677241048656849 0.703705083083493 0.176321557874981 0.340557019503008 0.129552332335611 0.0776189661771224 0.105279663532798
"ufb111" 0.688240195802743 0.719947044465181 0.185075870836584 0.311664614846917 0.137061277109638 0.0823892434026859 0.120555684888954
"ufb112" 0.633486555552795 0.708785844846413 0.201371097490536 0.163187950125613 0.140150292311353 0.08449563542872 0.156714614390735
"ufb113" 0.665108123725979 0.684180698704218 0.194941538746516 0.267463032681436 0.130626173856706 0.0821605930687568 0.131083492479051
"ufb114" 0.677952154814327 0.71264033849213 0.184609019549167 0.312302101998734 0.134203871811309 0.0825334973478536 0.120002736041842
"ufb115" 0.697655362830902 0.694768234802059 0.195905221581979 0.33451008990024 0.138895390198804 0.0773663978796793 0.118329558687124
"ufb116" 0.643130127188592 0.723395888381212 0.21296455085522 0.153120254084158 0.14700269003361 0.0861434692766467 0.171964435845394
"ufb117" 0.638616672477792 0.719456790825742 0.209749970513241 0.139572310798004 0.143021711846981 0.0774598133485942 0.16926871927628
"ufb118" 0.674278802938561 0.697434525402063 0.18076060529261 0.327773779389962 0.129299571887435 0.0772325042324659 0.110160724001745
"ufb119" 0.662831046156769 0.719601867519512 0.203893165639504 0.177140569330758 0.139202871509838 0.0666588032877502 0.159465414884504
"ufb120" 0.641672995108957 0.627108007466677 0.163930275487094 0.280558676293589 0.112207562174425 0.0659794544776886 0.106315583417355
"ufb121" 0.634888389430923 0.733997678966386 0.22906634112804 0.116842876280388 0.154755190519085 0.0695299228962465 0.190870695495204
"ufb122" 0.663370190107703 0.70562782842197 0.206277479676495 0.177180010223849 0.139194442934435 0.0680804655125071 0.164954465902867
"ufb123" 0.74390243902439 0.770499917505362 0.179533953534078 0.749876363429165 0.144892799901983 0.0648094714224756 0.0458258900265086
"ufb124" 0.614457831325301 0.629074370420281 0.168916911650531 0.614259709380598 0.128730811478155 0.0582387362616472 0.0320990835271826
"ufb125" 0.690771775916105 0.65936700660509 0.17054848221612 0.415297002249119 0.123333906139929 0.0811897331983733 0.0989951884316784
"ufb126" 0.659745959884947 0.693645502200239 0.200480465744759 0.176996114647978 0.135576368995269 0.0671304960805008 0.157040948089848
"ufb127" 0.72721176110218 0.631531558127177 0.162357542029389 0.4681540833406 0.119205934748546 0.060358011371263 0.0708430798801017
"ufb128" 0.636850316677422 0.706140940209647 0.199556649558604 0.163444739420924 0.136571079064039 0.0835721340685144 0.153359789074807
"ufb129" 0.741176470588235 0.704393305439331 0.151630179751126 0.740903369414996 0.119182439925583 0.0555950216726305 0.0149740635454048
"ufb130" 0.750296162709774 0.726809450153074 0.183987831071689 0.422934456586021 0.133685456518129 0.0845944788620294 0.113639604908715
"ufb131" 0.722445906078073 0.709466056591492 0.182432158876583 0.352247814250171 0.130652241960211 0.0806632727156172 0.117872837101093
"ufb132" 0.780443119369145 0.770381865543424 0.181941091121683 0.642415148073261 0.138224967759161 0.0869508453956275 0.0768887645121016
"ufb133" 0.771970706340973 0.763050828032777 0.186386332957645 0.581507307782961 0.145148011931389 0.0962440017360265 0.0975472922374397
"ufb134" 0.632885084145015 0.670131475187575 0.188162226348493 0.163794991293311 0.129605028577118 0.0636969886412282 0.146559940299639
"ufb135" 0.662153490702947 0.677349170228118 0.187688381855139 0.246659068690778 0.132127812077317 0.0860876118456034 0.137157689076907
"ufb136" 0.760066945959506 0.739845133328048 0.191626623477869 0.493732626319848 0.146056545875604 0.0788771180892171 0.103514784486329
"ufb137" 0.686115829604766 0.687090446432367 0.181054812809746 0.327684962061487 0.126389468530983 0.0743093046826196 0.110480285543503
"ufb138" 0.675630962476747 0.71971761317571 0.188707112433136 0.288516141752755 0.136904333741846 0.079425312585059 0.132695814576599
"ufb139" 0.785714285714286 0.835954301075269 0.208046245272563 0.78562696493614 0.172997616120062 0.0815075300612414 0.0797773100112042
"ufb140" 0.760264265896308 0.708841389124438 0.173981804433725 0.538731136058383 0.128478306560908 0.0854628857347601 0.0946415996934305
"ufb141" 0.693055292234629 0.673731434295919 0.188975429819215 0.363526408411332 0.125714053064782 0.0823372402434363 0.111100663677451
"ufb142" 0.700055414825993 0.759109881348778 0.218825263437223 0.502924237527941 0.164723649175993 0.0931726708609493 0.118509476060653
"ufb143" 0.649330139406472 0.742228834649117 0.230740580937616 0.12857883529748 0.158686067379885 0.0781462511612129 0.193010982664315
"ufb144" 0.649953605619447 0.731373192137815 0.22180138521267 0.12859263340749 0.152388448338389 0.0693232294498712 0.183591394033292
"ufb145" 0.643199766973419 0.739980715454627 0.227995092448274 0.15389544155527 0.155784639853618 0.0828800613499814 0.189002568189537
"ufb146" 0.643045821817135 0.738503044638871 0.223660709832355 0.144028423910406 0.154230497515456 0.0762756371430002 0.183905669500978
"ufb147" 0.692653358951235 0.704689965714521 0.185024530115456 0.311566249104854 0.126967725307747 0.0840856490019534 0.1317533194091
"ufb148" 0.660649745840687 0.749262409549065 0.232258199900403 0.106327898215208 0.158412377572821 0.0674773196759134 0.194561068138075
"ufb149" 0.665406784135566 0.717520480489323 0.202739218092507 0.189207789358235 0.141504543211605 0.0669545390253817 0.156810784089345
"ufb150" 0.673921524375506 0.615963093608153 0.166272424860448 0.376358564462539 0.116401407639004 0.0682128362963818 0.0940500653141519
"ufb151" 0.61613523672462 0.552339023139417 0.149884582478779 0.257659242932937 0.0976125627021416 0.0559537366019708 0.0943222947099803
"ufb152" 0.645936071525644 0.693737003777187 0.203030549259831 0.140355905833131 0.136748962566984 0.057574819478506 0.163762704693472
"ufb153" 0.650602409638554 0.582447054471469 0.15677639945271 0.650207451246891 0.120771464461528 0.0542626007086624 0.0185420465775533
"ufb154" 0.779876346180557 0.711754587155963 0.181092785859136 0.53573092021062 0.134422732937384 0.0669495876620423 0.0913578640802776
"ufb155" 0.644151057666725 0.725821558565868 0.220900673918857 0.140516351229631 0.150593147331317 0.0686711281706939 0.181977763149217
"ufb156" 0.634340499831104 0.717049130575731 0.20762295510198 0.163987878192581 0.141663624083087 0.0707069756397945 0.166371738834555
"ufb157" 0.667228222484795 0.689446994714296 0.188738409474431 0.216372725793775 0.128127847495295 0.080834199718211 0.135674546730615
"ufb158" 0.646508992505751 0.680684304957116 0.182820158858229 0.197672930680267 0.12701306966124 0.068794060795901 0.135664249044957
"ufb159" 0.652728934745506 0.710072109683182 0.205998983765978 0.116470825786872 0.137664396445348 0.072180280717581 0.164637254266498
"ufb160" 0.705548158525907 0.6089024427188 0.156702332666108 0.462284103275945 0.111551500953901 0.068563379417789 0.0760064758696767
"ufb161" 0.681009543947667 0.749324514322742 0.19088624913618 0.416342769492123 0.141124894794353 0.103083507857609 0.120971246691076
"ufb162" 0.693626808234748 0.704035674867376 0.197029498726631 0.362199905270987 0.143020354777952 0.0838211335670714 0.119794318392286
"ufb163" 0.665343405422786 0.671492140730544 0.182838691638174 0.320887373980259 0.131409224728288 0.0799188859555896 0.112105674824688
"ufb164" 0.694506426704239 0.690420960565844 0.198915371386929 0.286329126574281 0.133770902404948 0.0767013495505953 0.129675317906735
"ufb165" 0.784824375187391 0.716341705787616 0.156322243875451 0.654269076273239 0.115988836287998 0.0722999918611219 0.0475346529683382
"ufb166" 0.694397786046754 0.745058878690062 0.194965421427123 0.379407128967184 0.143159467069489 0.097401640627397 0.131179711916671
"ufb167" 0.648328205976881 0.707920045501159 0.199624155925752 0.186130046383477 0.135756087956858 0.0859416869739991 0.149720525603938
"ufb168" 0.630726862664229 0.709357561037209 0.200920817332035 0.174170054349453 0.138084521558707 0.0842190686492454 0.157460313128204
"ufb169" 0.645717390760778 0.726156712356831 0.215095018391044 0.129639372607196 0.146676523255095 0.0822350940933947 0.174889043353017
"ufb170" 0.650085844427646 0.734594767025883 0.22034531545209 0.105941021335715 0.149868293627653 0.0762110281414343 0.180956296506547
"ufb171" 0.675018709671163 0.644028017829528 0.161874133521019 0.387704435930889 0.118460501383969 0.072245633320665 0.0816403611514648
"ufb172" 0.728838161426414 0.737385521005136 0.196211830754248 0.468668313652918 0.147562082567873 0.0868203044881573 0.108467217302011
"ufb173" 0.727286526063636 0.762713341564384 0.184396274332819 0.555071074827831 0.139147875195841 0.0921692506632167 0.0951433488066921
"ufb174" 0.665216657128448 0.660273492968157 0.169573030310598 0.361820598220135 0.119368402621114 0.0800609124717663 0.0975901119543108
"ufb175" 0.705897570696248 0.71505250092254 0.194822657705765 0.364214402395223 0.138933975069343 0.0858844847852614 0.117743046894853
"ufb176" 0.645028633334299 0.707261235318697 0.198134809207593 0.16548955205598 0.137988780041227 0.0713058550716856 0.155540881266431
"ufb177" 0.653135748491316 0.715899115130038 0.203452688205463 0.165496262901128 0.140832021365919 0.0729139836322341 0.160159645356677
"ufb178" 0.64224386347938 0.731083495785164 0.219220605296287 0.140520227493805 0.1509933506861 0.0713138771869996 0.179239174792006
"ufb179" 0.714285714285714 0.724054900072237 0.174071130351045 0.71399134002491 0.137837106076326 0.0634543903993692 0.03959332669237
"ufb180" 0.694117647058824 0.523809523809524 0.133426212433027 0.693900407466742 0.103977017638608 0.0482273450368034 -0.00616221396790843
"ufb181" 0.685635451961483 0.658984841358851 0.17961963479984 0.412044890008315 0.129765819768583 0.0741959817978867 0.10059776432649
"ufb182" 0.6285134778862 0.713357470242132 0.212948140714618 0.128710181648049 0.143990224773106 0.0703929349794509 0.173195623061078
"ufb183" 0.660084726948101 0.710626822469806 0.195342698499699 0.209976122704492 0.132816561984459 0.0680477766345461 0.148993466293388
"ufb184" 0.679012345679012 0.738446920618468 0.183789067849278 0.687314632712492 0.141684766452501 0.0630459863856179 0.0486127220224397
"ufb185" 0.571428571428571 0.689137813985064 0.211737326145263 0.571075093507892 0.162125281160996 0.0736015989978437 0.0833923354547759
"ufb186" 0.680950516859872 0.723763049685801 0.20094428663697 0.224928308151867 0.140563669970104 0.0774919986485027 0.154915008109692
"ufb187" 0.647462285728367 0.707397200107627 0.206702654062149 0.128684318224661 0.1426431176924 0.0677416476336365 0.167386067549888
"ufb188" 0.68071094856321 0.668097160498015 0.19025785649496 0.355224119747433 0.127416268326899 0.0781752926225362 0.112650197609267
"ufb189" 0.639642104350388 0.713219639365631 0.213996487166222 0.130617450633806 0.146109028567223 0.0740925174414111 0.173746558109349
"ufb190" 0.75160555530228 0.729442970822281 0.187719460809158 0.458338188342286 0.139268441779012 0.0837850539632619 0.109959861101957
"ufb191" 0.643874713123689 0.727690157716111 0.215420400749025 0.129449016886869 0.14788645498346 0.0818698024078752 0.17523109309784
"ufb192" 0.753070259297144 0.753363477488973 0.178759442157851 0.628674529741206 0.140935921398831 0.0821169808475553 0.0729913621447309
"ufb193" 0.68018784616833 0.701447897708172 0.202245929501386 0.26882526544069 0.141488814156202 0.0830375674800181 0.133497596547227
"ufb194" 0.674035981098268 0.651593002008214 0.180955667871937 0.357012530182788 0.128744724562789 0.0724613358623112 0.1020947546575
"ufb195" 0.647694679217852 0.706084195431732 0.200238776541997 0.153384404401427 0.137075678889577 0.0821175838860959 0.154061749742324
"ufb196" 0.643514679380896 0.587138400086924 0.160865451263951 0.308992501582777 0.106711670518007 0.0638126877416008 0.0943624568043386
"ufb197" 0.633121770522754 0.675573417431978 0.192199652795842 0.142011549177042 0.132322548126044 0.0617717182590419 0.151375571412313
"ufb198" 0.659507357371885 0.686763858883581 0.180661293382235 0.256414942240045 0.129102593984174 0.0773807945213875 0.129546514762257
"ufb199" 0.671111754681967 0.68522125583737 0.192263569655405 0.222057533554814 0.134493054155557 0.0649973074569745 0.13304518370956
"ufb200" 0.665031230809568 0.661505811303555 0.164499717689974 0.411318744985001 0.117301432470523 0.0672491656169689 0.0734310747950133
"ufb201" 0.658643374078783 0.636011411854305 0.177285688471317 0.303680376356402 0.123486036871235 0.0721398063107292 0.106069799691385
"ufb202" 0.644700445145931 0.709112945346907 0.209322805483116 0.141419812037325 0.141841851990872 0.0676601713616501 0.169378428885912
"ufb203" 0.650378151117573 0.706033812120026 0.197138863629764 0.1654838491803 0.135976870816459 0.0669405480714007 0.150866312373454
"ufb204" 0.622165033697144 0.650609297870773 0.172426759782548 0.223818870586083 0.121987245764743 0.0732481451334394 0.115406041760593
"ufb205" 0.686746987951807 0.721351533535558 0.196669487593898 0.686511734430607 0.156877449951931 0.0718332847327879 0.0657642299817594
"ufb206" 0.683332373017646 0.705842821957953 0.194678909879881 0.257367407274873 0.137630542782235 0.0791864075885904 0.135637602179154
"ufb207" 0.678571428571429 0.61896461565278 0.161329477130723 0.678469141205219 0.128758294559022 0.0569826023563599 0.0256663153628913
"ufb208" 0.749033121672466 0.710635551142006 0.179756872018636 0.411099679178375 0.128863849771511 0.0850154197497745 0.114986295963787
"ufb209" 0.60915366294971 0.648093372884689 0.176383944594478 0.199139668916888 0.119670733056509 0.0685586756525712 0.131635232169788
"ufb210" 0.63835371566963 0.732254937758661 0.221609275321894 0.130357621319903 0.151570612674795 0.0687670442841314 0.182294977160689
"ufb211" 0.683063683311394 0.713319513192594 0.194322637830469 0.245654247240072 0.137067427878881 0.0754856637061312 0.138845411300073
"ufb212" 0.757078830326549 0.746315500976934 0.186417328150223 0.46996046625682 0.133465636751909 0.0843100943078327 0.108533075309726
"ufb213" 0.654273705069127 0.662260637823239 0.175800427379665 0.292440197951788 0.12351702094031 0.0616220207438188 0.104773091093229
"ufb214" 0.689992934941436 0.694895693847347 0.200469101696842 0.336358882879268 0.140061656596298 0.0818401710909016 0.123478726605527
"ufb215" 0.652711513679282 0.670530443126863 0.189131091470671 0.29755476261838 0.130133697452146 0.0816325145583506 0.118812001517294
"ufb216" 0.631655381030535 0.706515140694187 0.199495017751179 0.153593871017382 0.137411598638559 0.0853160775301713 0.154751160120564
"ufb217" 0.650003261977542 0.717953952068799 0.195294999474841 0.236218733766184 0.137782315634141 0.0891350208690307 0.148852893424108
"ufb218" 0.762962239318935 0.72246889057662 0.1656073800702 0.646738341984383 0.125772948279791 0.0758395199327376 0.0583808018526956
"ufb219" 0.637330824087686 0.736572581980747 0.223343406086069 0.142089485423479 0.154132584361357 0.0763097755331017 0.184115551350711
"ufb220" 0.646560136293958 0.715341370669697 0.211755313303287 0.128653864258482 0.146739631367313 0.0679051250980063 0.172917812082337
"ufb221" 0.65638919723153 0.704530405849598 0.206818598806975 0.174593356638783 0.137063898136291 0.0693845320077481 0.1655225146261
"ufb222" 0.758511479991555 0.756918325958702 0.196043049615564 0.434487756533821 0.142512351839131 0.0950714872042157 0.132558513112525
"ufb223" 0.734542125589917 0.742911561490741 0.197097373888361 0.352096423105915 0.140404702930374 0.0857135453313683 0.138217268642963
"ufb224" 0.670334680912033 0.665778361978159 0.169111114808446 0.357268965098962 0.122786080532211 0.0717805852163631 0.0891644864539476
"ufb225" 0.637282667259833 0.708352474627955 0.201109905120773 0.131455716773451 0.138849000289231 0.0754804976147458 0.158653704110074
"ufb226" 0.660434673237853 0.736264586066423 0.222133195762501 0.106675152880868 0.151806923389312 0.0585229312272758 0.183981434072291
"ufb227" 0.684669998077092 0.719531248142185 0.199857789464934 0.245713595476975 0.138662121767324 0.0794261997949392 0.147689992486189
"ufb228" 0.578313253012048 0.702689526285854 0.217265628342934 0.578074273302691 0.166714487127805 0.075631596452209 0.0891065711952355
"ufb229" 0.634375271493061 0.706948846120005 0.199836458181363 0.153525369889814 0.138269106125962 0.0864761234364535 0.153664744567469
