NaN NaN 0.8736657 NaN NaN
1.28136 NaN NaN NaN NaN
0.7872666 0.2461295 0.8740098 1 1
1 1.301603 1 0.6516665 1
1 0.8377223 0.7044149 NaN 0.4224582
NaN 0.6353163 0.7113869 0.7121127 0.783524
0.543642 0.9181514 0.3976666 0.5428987 0.6550513
0.8214346 1.113969 0.6635784 1.041027 0.542567
0.5558587 0.677717 0.6601239 0.5843351 1.350487
0.5369972 0.6267157 0.4200812 0.5805241 0.6247308
0.6928593 0.7205698 0.4533022 0.643924 0.7204331
0.9944873 0.6530828 0.9193852 0.8817543 0.4756396
0.5073264 0.4780479 0.4796212 0.575283 0.3527007
0.4610522 0.4607566 0.3842782 0.3746666 0.7146007
0.3602228 0.5764016 0.2738495 0.3853593 0.3021751
0.5162772 0.2951098 0.3130891 0.2905874 0.3211247
0.2109238 0.2243889 0.2951715 0.2095159 0.1609953
0.1508404 0.2746755 0.2132183 0.2612154 0.2008571
0.1993081 0.2952481 0.2424721 0.1985332 0.276311
0.2826942
