"quartet" "wQuartet" "cluster" "phylo" "mutual" "shared" "clusterNorm"
"mb49" 0.8875 0.94843929239872 0.255481132402688 0.887463611325065 0.206610681367379 0.103219575348878 0.128842220244873
"mb50" 0.710434721447218 0.763877459854701 0.233556367582847 0.436689287323777 0.16935637319399 0.100022781422227 0.146463499411299
"mb51" 0.801457709600904 0.865110371239968 0.27301410827085 0.681464679864498 0.208922576280275 0.133316777001946 0.174992589865946
"mb52" 0.883641376712406 0.878209958842966 0.241933181692219 0.735802164632568 0.183452843578286 0.111318855637612 0.139720834510007
"mb53" 0.860759493670886 0.92737764712287 0.26843423822175 0.860630448432895 0.215169511799562 0.107440428611987 0.143247364996483
"mb54" 0.82905411260343 0.858424635916858 0.251734075371137 0.670723917169391 0.192013839591131 0.11925962894404 0.150806721533513
"mb55" 0.738880013106556 0.77523391887413 0.220495434503104 0.48703337993703 0.153362984398604 0.0949693953682881 0.132092207639017
"mb56" 0.702036732091559 0.764683559758846 0.236775286031975 0.347610613273407 0.16388511124591 0.113146647315963 0.179373396896801
"mb57" 0.67979791607329 0.725117299932971 0.222145848298316 0.214302095432321 0.158490024846076 0.100002685535404 0.133786609676208
"mb58" 0.675 0.75528191023878 0.236493326035777 0.450638912768178 0.181960443024037 0.0891381670949115 0.106624683582034
"mb59" 0.752766232320983 0.786866304365149 0.230918808463944 0.520095868875362 0.171023268632688 0.114760193237313 0.154408311396073
"mb60" 0.7676401995719 0.790918499353169 0.216603838065026 0.624741161380335 0.157403766316979 0.0991232248201178 0.111216741173754
"mb61" 0.775 0.863260025873221 0.23604003019513 0.774865552891575 0.182864174281457 0.0899202622023497 0.106094284400366
"mb62" 0.749713518502324 0.7698274497388 0.208144676067526 0.603559724208313 0.152692392765191 0.0906001891915662 0.100387156395457
"mb63" 0.810126582278481 0.851555255837478 0.219973620155275 0.809927903277274 0.170509473653602 0.0841584550227472 0.0862893459885402
"mb64" 0.644943199253881 0.721881973372455 0.231803097749084 0.0878068761007878 0.143504744521092 0.0626010555543478 0.193717255790744
"mb65" 0.671899697796654 0.704884135192611 0.214238903278484 0.174031267555394 0.136440052876689 0.0731805035539255 0.172125190599595
"mb66" 0.757083400233103 0.797046324340823 0.231126299769527 0.563871433216289 0.167418397889376 0.0989243909870374 0.1273446954014
"mb67" 0.653056373799695 0.666240733692204 0.1911584002739 0.127419299753684 0.131670469464834 0.0740104161549019 0.1108209436312
"mb68" 0.673325945728866 0.7117024305244 0.223565995453873 0.14965987014196 0.139461480626397 0.0709856130023891 0.184054372441969
"mb69" 0.646088146698837 0.643454020375966 0.177410321800383 0.113346571064152 0.120192163597915 0.0608296835006732 0.104217006425011
"mb70" 0.662069675856882 0.708885649072812 0.229632654982231 0.149776291557973 0.142342839467005 0.0735660503670578 0.191434270297132
"mb71" 0.89873417721519 0.878368333023602 0.178587776535501 0.898657357299612 0.14250381165819 0.0697490581130596 0.0385195433948158
"mb72" 0.758595674178922 0.782971575202042 0.220361709766494 0.556255279555913 0.160864665465243 0.105052256832226 0.131380982982418
"mb73" 0.7375 0.8 0.213831071539962 0.737373979919448 0.163392215098869 0.0791650893903656 0.080107693657344
"mb74" 0.7 0.771379361988917 0.20051036597899 0.699697397671657 0.150943422814404 0.071258407157808 0.0645212031245821
"mb75" 0.727272727272727 0.787619826112804 0.215452042085727 0.723426321502945 0.164017848827299 0.0788243907538369 0.0795635310376653
"mb76" 0.780088596536185 0.761854479458835 0.17854469319504 0.660490994477076 0.134510339866617 0.07841378510587 0.0675907827875358
"mb77" 0.692307692307692 0.661333608587944 0.169186373388124 0.691961833158715 0.124907218749607 0.0566505659609928 0.0256988312261549
"mb78" 0.746835443037975 0.762581097667894 0.185608329022592 0.746737064665311 0.144122575669269 0.0671318217859845 0.0461618938804007
"mb79" 0.705128205128205 0.791184210526316 0.230702150891527 0.704862637335658 0.177546842098035 0.0872819868422588 0.0987935673336421
"mb80" 0.636796001038732 0.710634376426542 0.2243181255861 0.0878212960862442 0.139194234292773 0.0621976091576647 0.185632202188354
"mb81" 0.825927818116084 0.79209918323517 0.213720658786621 0.524686140628422 0.145011651440516 0.0985054418518473 0.135802496534863
"mb82" 0.667333952032966 0.648866608544028 0.182290829964696 0.10065056439179 0.114756267766787 0.0638633693083608 0.130645882627763
"mb83" 0.66206028914054 0.70907276048993 0.222816728908625 0.149701343473636 0.139412363188638 0.0693440356261371 0.183712052085791
"mb84" 0.664205811212076 0.649729341349235 0.181634415621763 0.0880419082633762 0.113094306877334 0.0631640030161704 0.132174218609467
"mb85" 0.843713768414875 0.812655721475126 0.186434244315024 0.680770218610578 0.13791832996905 0.0961474980340883 0.0933852083439528
"mb86" 0.702589739142934 0.694985198158682 0.184386765551116 0.346778273911209 0.125914710552731 0.0852609729510701 0.123008899615618
"mb87" 0.661128016093176 0.707144323655603 0.224759736191532 0.149739950402614 0.139247899278387 0.0692353943054638 0.186088272410273
"mb88" 0.626384393283162 0.636879919840963 0.176798783534029 0.0629189069992595 0.11130061497213 0.0568202175861173 0.13040365879429
"mb89" 0.680481960591457 0.701316462511778 0.189861971231722 0.311578936204006 0.129746875512176 0.0827050600270033 0.124167684548357
"mb90" 0.715613497304856 0.714275761164913 0.197266727130673 0.386710464243771 0.137490090328627 0.0889170690570005 0.125917932373328
"mb91" 0.726806633844982 0.775387797311272 0.227971286727071 0.434802485002657 0.1664363317313 0.105945856266951 0.159185827640341
"mb92" 0.923076923076923 0.920752001439237 0.182812282891496 0.922974646955625 0.150004858993958 0.0742234521960021 0.042020099724721
"mb93" 0.701035324167345 0.750633132291662 0.22519371403995 0.397631580335079 0.160465305550322 0.108829059931257 0.162232764514273
"mb94" 0.719322948153627 0.714662818527383 0.168952919418183 0.548322850488784 0.125457613060595 0.0775101842166275 0.0746280066133992
"mb95" 0.63138674968146 0.695119605636211 0.213393400195415 0.0878241412420752 0.131700483814255 0.0654211988181401 0.173378891580755
"mb96" 0.744774939138455 0.770019218449712 0.20088011932497 0.549475690773447 0.142230672275642 0.0872927928985647 0.0933777745541881
"mb97" 0.671456269217189 0.698687918915741 0.209550140606842 0.173552904426272 0.135623454016044 0.0790815931058353 0.161743878397146
"mb98" 0.888241771430579 0.868419472957561 0.189526104229801 0.826833462641234 0.149635390354204 0.0962740607699348 0.079946737919656
"mb99" 0.844878007995177 0.810736430252992 0.177225574739143 0.746875452004448 0.135245447013593 0.0872296244353356 0.0648504343577754
"mb100" 0.8875 0.905052560189895 0.168223128443515 0.88740194156651 0.132900326409247 0.0626375663446151 0.0267420689884617
"mb101" 0.76 0.744116122343183 0.165743828684952 0.75978129922297 0.124228334412859 0.0610758397615188 0.020704210298341
"mb102" 0.710526315789474 0.68694643610291 0.156016238543804 0.71029872639296 0.112080648130217 0.0544403165850609 0.00947861126744831
"mb103" 0.7 0.635145862274261 0.163175589011193 0.699882406947321 0.120520226123347 0.0550523098578564 0.0208359685033551
"mb104" 0.792049557564317 0.753036939416256 0.200512098504749 0.436619554614109 0.130428990436198 0.089567642793594 0.129510772969283
"mb105" 0.873417721518987 0.84663605862617 0.173320301646016 0.870027345493239 0.138514876390447 0.067823728922823 0.0310576755557113
"mb106" 0.682864282151784 0.702844192156163 0.205401217408644 0.249102136220003 0.137499163988137 0.0693533295995834 0.157262584955717
"mb107" 0.66052192151597 0.705586223657258 0.222590541654595 0.149739950402614 0.138395272518083 0.0691554781523891 0.183810871512178
"mb108" 0.67917205869846 0.585881845002518 0.15271494754422 0.512114715720311 0.103466736287472 0.0576034145493778 0.0381132616749277
"mb109" 0.667919034896729 0.722184317590276 0.222150968553019 0.28248445568335 0.158572964714218 0.0938866431359212 0.117223770544318
"mb110" 0.622813860256909 0.657335931141638 0.192867456882735 0.0878799843499514 0.121075939712099 0.061496176781924 0.150509534615254
"mb111" 0.812093534659229 0.762765886063209 0.168149795867496 0.669495488410303 0.122772863250465 0.0781474417853638 0.0546183960698054
"mb112" 0.676538461843927 0.706736826084873 0.21387559853308 0.180471267811743 0.137481813784942 0.072076190994794 0.170767421537881
"mb113" 0.639155748910096 0.553242878454216 0.141727836222134 0.506649008896744 0.0984863669358518 0.0527149850583173 0.0256400607815745
"tnt1" 0.844155844155844 0.81872897858028 0.17403253049537 0.837720502544033 0.137993000008544 0.067811920772363 0.0300068948586862
"ufb1" 0.628346902059886 0.695252212403026 0.209941181910256 0.0877744452980625 0.130813293077813 0.0576716354106295 0.170905612400833
"ufb2" 0.765281140350143 0.700298014433952 0.162805166607167 0.637332896011028 0.115506462277221 0.0714754730731316 0.050180753429398
"ufb3" 0.615443103806333 0.557432950191571 0.137811071998757 0.398791340641368 0.0934083401365062 0.0558220291364547 0.0398593534567502
"ufb4" 0.7375 0.799309587321513 0.206215186516002 0.737373979919448 0.154517272737912 0.0740873035184597 0.0711963849221409
"ufb5" 0.64026972595843 0.682174374980937 0.208001360845773 0.149705670292965 0.126096581259227 0.0646751361481705 0.167138846014431
"ufb6" 0.651636247760834 0.654427219229441 0.191103358289897 0.174690244288697 0.11942396066599 0.0636335293955585 0.146745529475615
"ufb7" 0.607594936708861 0.526649990379065 0.15684793719622 0.602162166609825 0.111799285704762 0.0481305777946 0.011969142255783
"ufb8" 0.69347170993925 0.698060261671753 0.185288187740978 0.366019635183613 0.129746824993188 0.0687335973470243 0.104680578508611
"ufb9" 0.632657903160043 0.642103455626347 0.179198851015375 0.165365830167983 0.112359806990113 0.0595542154344839 0.131430815740783
"ufb10" 0.65486962794426 0.66216699855925 0.187743757488833 0.28733655241049 0.129760273837475 0.0674119809664583 0.107237629967677
"ufb11" 0.69620253164557 0.615460950679766 0.152157669945627 0.695847176677125 0.110526738480766 0.0519356209034664 0.00758254218368809
"ufb12" 0.776922654261202 0.704611339580665 0.160310931412009 0.64768847521023 0.114963324236612 0.0695385977091413 0.0470418809876926
"ufb13" 0.657009210647568 0.692931472522883 0.207488376253564 0.149103613078187 0.133963193292471 0.0646685684078874 0.165871088150403
"ufb14" 0.713956311274964 0.695430523518935 0.183374814331235 0.316534937016826 0.116014700257187 0.0780777048811385 0.117234377505233
"ufb15" 0.746835443037975 0.729752066115702 0.166777849842466 0.746612169443602 0.124732913735609 0.0588994598433097 0.0241071145419301
"ufb16" 0.647610987829271 0.687243100180321 0.214770495712187 0.124912608948403 0.131758658915334 0.051500489108967 0.175974746804994
"ufb17" 0.670886075949367 0.545704612780364 0.14729301782575 0.666413206149684 0.104883673351293 0.0492109747826519 0.00153449751757744
"ufb18" 0.689977809200333 0.685201902049535 0.17855802385917 0.369666540407699 0.125114347386203 0.0740148525437569 0.105616832864741
"ufb19" 0.705853943167376 0.703223667137626 0.185548811677384 0.361384738813898 0.129454315919721 0.0818344322943062 0.119554264460753
"ufb20" 0.658227848101266 0.744926919256421 0.21593318554159 0.658070058253828 0.159152824277537 0.0763096884982403 0.0825644427534062
"ufb21" 0.675 0.681031803584378 0.166415485516353 0.674908581552087 0.122480326516645 0.0540286286113967 0.0246269550973947
"ufb22" 0.699792797065041 0.686680171354564 0.166477440470539 0.569441491200757 0.121497514424827 0.0689276891511304 0.0538936070878367
"ufb23" 0.799649716600878 0.771822149481724 0.20690975632295 0.474524207624499 0.138477874022801 0.0947917163306 0.136476597215725
"ufb24" 0.711848734657105 0.720484281910308 0.200063554502329 0.411781040912177 0.142585394369045 0.0901295529565253 0.120709782133774
"ufb25" 0.648631051472432 0.669410440714215 0.177383370210672 0.261516165063874 0.116891199267078 0.0718029661647108 0.115628692572918
"ufb26" 0.684642844319891 0.728962358163658 0.21437783262537 0.254888474657168 0.14665140919444 0.0693954353314801 0.159036530937886
"ufb27" 0.68567116276156 0.716634878086499 0.210473238469722 0.249060223131802 0.142097259916827 0.0742731331660343 0.157988096509999
"ufb28" 0.848101265822785 0.90232887629505 0.214877803549169 0.84795481214399 0.170573904668394 0.0821322050218253 0.0803201864265077
"ufb29" 0.701523830200037 0.658631829315915 0.155171900251002 0.597552644889692 0.114194913329643 0.0669448433890992 0.041061028347476
"ufb30" 0.688466676532369 0.683761665470208 0.184780007381102 0.336423105687324 0.127318160449308 0.0801411314844697 0.11232136401686
"ufb31" 0.683818635554903 0.731075825676369 0.218512983988453 0.264411603242356 0.148026185553883 0.0798691597147397 0.163525544321273
"ufb32" 0.69082537336066 0.714985467601299 0.212166396281328 0.249040411587623 0.141562186969995 0.0722856724435389 0.162371502989826
"ufb33" 0.627430107975077 0.630254105383265 0.174800219309851 0.17334567056641 0.109008328799841 0.0576106530725568 0.126751748941733
"ufb34" 0.672739945317971 0.655834378920954 0.153828269007117 0.448479587398056 0.109407002898846 0.0698062334301788 0.070025463612825
"ufb35" 0.8375 0.891034860625984 0.220487714432981 0.837454290776044 0.176538520811654 0.0866333817045532 0.0878965980030713
"ufb36" 0.672562530234529 0.648195585915727 0.181902194361234 0.239151482426585 0.115072757521894 0.067738501412747 0.127622076329313
"ufb37" 0.625 0.52713336739908 0.145979653969391 0.624714251727403 0.103119260203227 0.0448951964919297 0.000715091459400491
"ufb38" 0.666314868376337 0.639321233915829 0.181979461304661 0.210905177420431 0.115717440154747 0.0629730997420246 0.124479919933727
"ufb39" 0.607594936708861 0.520739681242338 0.158867075750996 0.614999725450554 0.11459770447971 0.0493430813349069 0.0143352293309262
"ufb40" 0.689139945633264 0.692325728199116 0.18754559643161 0.36254064538964 0.129568611960155 0.075528795071352 0.106693009249301
"ufb41" 0.683787049913802 0.673550099361991 0.175624717064804 0.356221929511859 0.121507119855741 0.0721927899225699 0.102078108066565
"ufb42" 0.684310383062628 0.669370784623695 0.173016110297183 0.327411702407382 0.119655828258962 0.0772024126046012 0.105766056594207
"ufb43" 0.640456011781171 0.712156623831011 0.224536122792205 0.10095159850875 0.138194401207162 0.0599551016600727 0.185861548247348
"ufb44" 0.72413071387701 0.735490425727066 0.208726403024084 0.44417841355002 0.153593862311131 0.0908651240444314 0.118735755263261
"ufb45" 0.753246753246753 0.799229658160809 0.201638254390262 0.749772852714514 0.149204020981479 0.0725846685814414 0.0638731751504639
"ufb46" 0.698083066381796 0.688016845518489 0.179795636610914 0.351692601401776 0.123678295085503 0.0800562629152088 0.113075116065313
"ufb47" 0.634669509819815 0.701218809525423 0.215799567823557 0.0758057281235427 0.132859365490326 0.0577523492141472 0.1763533884371
"ufb48" 0.626940143697422 0.635881342245823 0.176608218895587 0.148500275838349 0.110024394900498 0.0502460023472815 0.131474625486825
"ufb49" 0.66741100408752 0.692267069159076 0.205637454228473 0.163296672682295 0.132564219668022 0.0733940084948636 0.159380636034404
"ufb50" 0.668284431689699 0.694037840317998 0.205073148462233 0.177876292156994 0.132312328344012 0.0678057195233647 0.160250328870461
"ufb51" 0.598428267396511 0.613036655566034 0.173653302564354 0.149640421076517 0.109148358993763 0.0648139688342634 0.125526277480159
"ufb52" 0.635473866559697 0.61029999864438 0.168496442543025 0.247168275612203 0.112587859512756 0.0585021941050627 0.0945099779305631
"ufb53" 0.708860759493671 0.781620347910458 0.215130304413751 0.70864770818774 0.163451965760171 0.0795836909594844 0.0812497034916306
"ufb54" 0.642566091229959 0.695220277828708 0.21661226999756 0.149561607863008 0.132619738210968 0.0621993168457901 0.177205828229952
"ufb55" 0.72450112585639 0.77071625496017 0.228928811973497 0.384827412363304 0.162023771561079 0.0999154567247861 0.166271377425343
"ufb56" 0.631358344615397 0.646153906598382 0.177391706778752 0.161919535414267 0.110857227321605 0.0603073986094531 0.129518288035766
"ufb57" 0.667709321678729 0.689111271107992 0.192631223997908 0.211692602191647 0.125888562274622 0.0813108754937958 0.139099960201903
"ufb58" 0.648304677749485 0.68931597224969 0.192646299521046 0.186971077086183 0.122248452112195 0.0756459303675695 0.145636287551311
"ufb59" 0.694661684233933 0.756480473462319 0.227393524037289 0.372431163194121 0.160821052617652 0.104467189349966 0.164611331613508
"ufb60" 0.629983556212726 0.698353903901874 0.214874750311518 0.10232953422525 0.132144708540758 0.059861939627026 0.175381442121249
"ufb61" 0.76325893888425 0.756558342671609 0.210294958643884 0.476246219723084 0.15240290225077 0.0885307442515667 0.120745026603781
"ufb62" 0.674478238283816 0.699727095292106 0.203576911130188 0.236184906324756 0.139373541249501 0.0622035022287805 0.147524946139835
"ufb63" 0.664312114518768 0.650254492572972 0.180722983374146 0.387174309971327 0.124497604099448 0.0759210232075535 0.0880049393520013
"ufb64" 0.661965963515739 0.620257317849189 0.17082980368411 0.33704320413397 0.11483596707652 0.0713752670078221 0.0888934949296744
"ufb65" 0.616186928281167 0.606420757535724 0.174397251305674 0.137167843714338 0.110122138082218 0.0531531237971281 0.12788296619003
"ufb66" 0.578263328324142 0.567957016595664 0.156860486638458 0.112207405180738 0.0967425258251523 0.0454453587955867 0.113972800260513
"ufb67" 0.569740916606743 0.557589559781137 0.155900137536471 0.111798266570163 0.0942783631310494 0.04480796887671 0.112353155091005
"ufb68" 0.706725703190046 0.718650250797994 0.189502042376388 0.399109835168144 0.13233563764508 0.0709026767212316 0.109274374369504
"ufb69" 0.706350107741854 0.70651911519941 0.185427878635156 0.363953704305078 0.129694633837744 0.0781930819137845 0.113068890704356
"ufb70" 0.649247655937633 0.70494033821715 0.222124496372115 0.124641009951646 0.135849148392148 0.0547400124167203 0.183329169139454
"ufb71" 0.6009416406733 0.640095936111456 0.175379161218946 0.136466785362851 0.11048633051371 0.0538673169428251 0.130178197949656
"ufb72" 0.753243871545423 0.77248743718593 0.216566809724655 0.613690694489427 0.16024258270026 0.100813706553603 0.110284448368894
"ufb73" 0.653987854015608 0.650159730943972 0.186677289766635 0.273620895244793 0.127476349378594 0.0634298542454267 0.106059975479976
"ufb74" 0.631496920491279 0.698382131111056 0.211509742191105 0.112383139278985 0.132109693292713 0.0557463766620881 0.172599807889478
"ufb75" 0.677044381083907 0.675315403266827 0.191173239734119 0.27242140545465 0.126327870203721 0.0819335340862168 0.140062579237333
"ufb76" 0.813980839865124 0.768969309207238 0.168331907726427 0.677880852515744 0.123450876030779 0.0787436340748432 0.0554859716601993
"ufb77" 0.673785335750039 0.69712866299571 0.200228615305645 0.255102241893184 0.135771121998244 0.0675113835633183 0.149616874114273
"ufb78" 0.659661661329611 0.693177216179156 0.206346243519116 0.163862820371049 0.131268850960729 0.0683344248526672 0.162770241791562
"ufb79" 0.641568815760331 0.672672898114732 0.203227381070071 0.149724789456574 0.122418756043115 0.0621306600214187 0.161414163519892
"ufb80" 0.635180608911315 0.703829443718782 0.220005072680546 0.115224260093587 0.135455348676621 0.0672193769579084 0.180769903161363
"ufb81" 0.70599814154428 0.752551352513995 0.223036870417665 0.422375669703412 0.161048946661852 0.103834327009061 0.153811769533508
"ufb82" 0.827202074547567 0.800330394619288 0.213439383965915 0.564036925308308 0.150736736949461 0.0979908479873203 0.124288117665589
"ufb83" 0.670279342424092 0.704957289046917 0.220558742217236 0.149701343473636 0.137513187741978 0.070259988990061 0.181340452758719
"ufb84" 0.577464474829574 0.567608528127408 0.160444867247033 0.111812566719289 0.0965849654458666 0.047066180582798 0.117739506319341
"ufb85" 0.615526994261817 0.666116363617835 0.196722729246806 0.137160719441132 0.123417410924831 0.0616613187627588 0.155277168241779
"ufb86" 0.678392899425784 0.679614514701544 0.199459450334209 0.311578936204006 0.132531618607569 0.0823543473301018 0.134640696505695
"ufb87" 0.674832215978384 0.672840678134911 0.189651706519487 0.298746331360672 0.124711676748004 0.0822054392188835 0.132726681589594
"ufb88" 0.673652237134922 0.707218555261628 0.219273596585232 0.155281604760458 0.136473466791975 0.0637751495398145 0.178993959619386
"ufb89" 0.7125 0.808485595785226 0.242705937605823 0.708585260576886 0.186731772288068 0.0893112181517673 0.113894029111594
"ufb90" 0.782401716668871 0.810191328684826 0.215089627063956 0.683402253487562 0.165915129805001 0.104646580943507 0.109176051953665
"ufb91" 0.656838496206461 0.653961703399207 0.184646948881837 0.235602272574347 0.118813456101596 0.0686346492375914 0.135317460947684
"ufb92" 0.605678533783327 0.665829997273392 0.194275216761778 0.124351916978578 0.1221316997084 0.0616226895813816 0.152703374917368
"ufb93" 0.687249550176574 0.731730194309291 0.215655048460302 0.254888474657168 0.147549451655133 0.0717513406788648 0.160453138346857
"ufb94" 0.700584813163635 0.70978573432459 0.188187605611299 0.363818811667552 0.131115130826283 0.0697180586027589 0.107560017738312
"ufb95" 0.683464468888475 0.680688075150229 0.182098830259382 0.311578936204006 0.123240506792441 0.0756466318952239 0.115775028616232
"ufb96" 0.654370426722634 0.644524236983842 0.15161701285691 0.398174970000206 0.102713298629106 0.0623452359684204 0.0675952099919567
"ufb97" 0.683544303797468 0.753906544878086 0.199099244932231 0.68329643560993 0.146645233198242 0.069026866860967 0.0612728958873563
"ufb98" 0.631841545774941 0.641741828254848 0.175513620142973 0.174508246604718 0.109477320379885 0.0614239603899611 0.12568349585608
"ufb99" 0.7125 0.644925230671333 0.155038507417424 0.70877260340945 0.115917974260069 0.0530267695579985 0.0113148102850398
"ufb100" 0.666666666666667 0.730469636239885 0.198513051393889 0.666476451485898 0.1464913356291 0.0691491555616181 0.0605620211782818
"ufb101" 0.689333149122552 0.751329954869778 0.203601979568592 0.541535414403204 0.144157526189594 0.0885301917467261 0.096183665162658
"ufb102" 0.689555432473426 0.680054178199164 0.177247695271375 0.345601202180949 0.122773964992502 0.0731892571004607 0.103933741833783
"ufb103" 0.651286273841503 0.637030242043102 0.174867598382796 0.178260905521676 0.110414402128027 0.055347759396955 0.126822837108196
"ufb104" 0.618663824210573 0.65214186696896 0.197365934893931 0.0998108428444877 0.121241004715343 0.0483722200007606 0.15771191648571
"ufb105" 0.80236603859033 0.775899180669351 0.206696545299201 0.513700096378742 0.143032816736396 0.0931827832921539 0.116781024352326
"ufb106" 0.663647891276384 0.690771059337252 0.203844482657363 0.17824165272398 0.13054208790225 0.0685275370454137 0.160156596027942
"ufb107" 0.8125 0.846648528320554 0.210827375294504 0.809990350888129 0.164581861034261 0.0799911107258148 0.0765930837983662
"ufb108" 0.672379479864635 0.695966592696052 0.187273370421536 0.324040400141266 0.130026352917965 0.0797212979029706 0.115036342946207
"ufb109" 0.62690071299317 0.627553281750605 0.174141878683846 0.148419185235248 0.106601554584258 0.051597424573823 0.127597012387025
"ufb110" 0.655381594824485 0.6601642345045 0.190669384475022 0.223747463752467 0.127842975968111 0.0622759111402512 0.136911514580043
"ufb111" 0.766233766233766 0.730694882490589 0.160748254098228 0.756547428305885 0.120585097000941 0.0590236825891408 0.0167932000734082
"ufb112" 0.832226582882987 0.804360716282379 0.215622520318949 0.545721471746101 0.152471932218828 0.0944446611662786 0.126533389330145
"ufb113" 0.602627239975238 0.636859852194421 0.183213894879485 0.149417202859426 0.112170295593389 0.0632892590239064 0.139475474033759
"ufb114" 0.60842586171175 0.633046887509765 0.180764401936589 0.149379045237465 0.111838208227012 0.0615759703493984 0.135833809454485
"ufb115" 0.644991843653543 0.662069533282983 0.174986475444714 0.247450423700391 0.115659427583597 0.0728743710534882 0.116976842843964
"ufb116" 0.610842129465237 0.672542343402184 0.197376663117351 0.099421349505753 0.123472859460403 0.0554238519216648 0.156546279746673
"ufb117" 0.604232374573251 0.641833029765614 0.176750080375695 0.111505505433145 0.110774373577698 0.0506612759102572 0.132686275561996
"ufb118" 0.615207129507757 0.537415220193943 0.133907178619861 0.411237486572213 0.0897326729390206 0.0529959359629577 0.0355119458397925
"ufb119" 0.6625 0.551553817657954 0.146745181870995 0.662390833975194 0.105601157486528 0.0472687999831543 0.00161083180410618
"ufb120" 0.667580939942327 0.70433471541651 0.223319931750414 0.149739950402614 0.13849533328019 0.0705020419732584 0.184576645918758
"ufb121" 0.671719619712815 0.651649895821556 0.170827311391562 0.272585360523437 0.114813334701188 0.0695567437236034 0.11244252490017
"ufb122" 0.748985064485688 0.74171124566457 0.199970155432234 0.472937105111042 0.14750439248676 0.0852386066622074 0.109249424957892
"ufb123" 0.64713724141351 0.634223718401621 0.184723734149095 0.174641855786731 0.114207248061359 0.0639696478678668 0.137276912713945
"ufb124" 0.657443628110938 0.61612081708251 0.173463260780872 0.210788838497265 0.110061022060655 0.0632344495484923 0.11536510653755
"ufb125" 0.634022011911372 0.607917584621074 0.163875970247569 0.235104326620528 0.109622748458592 0.0580780714687171 0.0960088468144989
"ufb126" 0.684264082317708 0.671042816649262 0.193655781634155 0.342716027864429 0.137846928564536 0.0601005595893583 0.10225652812954
"ufb127" 0.623379946933034 0.579519152036415 0.164333183177169 0.262780792259095 0.110342653496738 0.0636048896793102 0.0902167181477995
"ufb128" 0.640081608231014 0.714187168994969 0.226541002968187 0.113756074690565 0.139241968425206 0.054435390973634 0.188328159360713
"ufb129" 0.629542012382248 0.656902977895298 0.188108639832462 0.161424490257767 0.116322067151058 0.0502342416759807 0.145515534338469
"ufb130" 0.721518987341772 0.79286703601108 0.219678671714286 0.721448239698355 0.169717581711502 0.0807454644802275 0.0865739169623453
"ufb131" 0.620587936072108 0.66928202690631 0.192961140707831 0.136505295879702 0.121001896191578 0.0510168965762053 0.151333508469607
"ufb132" 0.641025641025641 0.693565976008724 0.191116036160197 0.631278361486876 0.140075787308814 0.0648424710816236 0.0526640436869357
"ufb133" 0.748314654884354 0.772169306042095 0.214057196728248 0.469705354992398 0.156567317360631 0.0924963146198557 0.124933890006626
"ufb134" 0.642712345521188 0.690010754728918 0.213767224684918 0.140800390907326 0.13000205366064 0.0666658010416236 0.173771110603022
"ufb135" 0.625649101205675 0.656252582248297 0.192647766884198 0.140606506690919 0.120041987822236 0.0647615951834958 0.149417821395278
"ufb136" 0.627524457135589 0.658538609654073 0.192109632023878 0.250888455644393 0.132247398003099 0.0743980027268447 0.112030776626359
"ufb137" 0.630003379268335 0.703423512571951 0.215354351119322 0.112383139278985 0.13402997414846 0.0572002961979573 0.176634138224308
"ufb138" 0.637418570988093 0.710361193666186 0.22163508482545 0.112355069668605 0.137489324562411 0.056089844645902 0.183180965068228
"ufb139" 0.685541593472477 0.717563991561284 0.211319456222348 0.255272876717017 0.142661982199025 0.0700377683990309 0.158944258077973
"ufb140" 0.703841807631799 0.688784194528875 0.186420317623339 0.382553701711745 0.126822540826046 0.0770496569041188 0.105811331147883
"ufb141" 0.686956729486274 0.660508051274268 0.170468588619878 0.315507355757205 0.108352806464946 0.0719765999400055 0.108250796263337
"ufb142" 0.660882558240833 0.687680957049061 0.201299641882907 0.180471267811743 0.128587791691254 0.0659885355869397 0.15745116123957
"ufb143" 0.625044724531852 0.641681371986083 0.178341121823788 0.161081184890383 0.111758593323493 0.0541881175248785 0.133302516169304
"ufb144" 0.652135777813477 0.678854591640366 0.178019787541542 0.249267698286959 0.11390128149102 0.0751460486821324 0.123519301457436
"ufb145" 0.620219679333769 0.666514597297614 0.191673619828384 0.138122466983306 0.120204246740853 0.055893833342946 0.149268295815377
"ufb146" 0.620349328413719 0.663001188962659 0.188442078986666 0.125778713822381 0.118468630989022 0.0581608361640585 0.144990184142719
"ufb147" 0.655660143908556 0.697047577623673 0.210588859634845 0.149614814224812 0.132249349923384 0.0641586515248169 0.16984161539864
"ufb148" 0.635351901965661 0.694661783095647 0.211602403352211 0.0872375401969067 0.130185777490362 0.0503186027273713 0.171944489824105
"ufb149" 0.654486453040684 0.676869845276696 0.178065236123047 0.249064709834651 0.120240382288391 0.0739024113052716 0.116361746861611
"ufb150" 0.652824994784401 0.633165392052564 0.174480372828261 0.178202332390052 0.109880767490079 0.0562676160272478 0.12455942795982
"ufb151" 0.680817629836611 0.654614203886039 0.172654895321 0.335141809258101 0.115674752815581 0.0713375698470073 0.0991825693124792
"ufb152" 0.634424042418388 0.709642341642857 0.219401827393591 0.112355069668605 0.136929607505501 0.0556658914511696 0.180837376418891
"ufb153" 0.7625 0.756896723433921 0.172032567587949 0.759475148565072 0.133312018078613 0.0619654377658193 0.0311994745581654
"ufb154" 0.639450256954892 0.691275344048745 0.20453945428044 0.44358719665859 0.149066267595427 0.0894717088533238 0.0969850751822017
"ufb155" 0.736356799268185 0.719824232819478 0.200160202074071 0.460293148870348 0.145452783816163 0.0808034443313917 0.109461022258481
"ufb156" 0.668549526121367 0.694514130373609 0.205224971751797 0.173699626277984 0.132627462659037 0.0708525204582169 0.158937664595257
"ufb157" 0.669496664284217 0.697224809146747 0.207128394162541 0.167648308403177 0.134304304101555 0.0726867841283815 0.162416030163739
"ufb158" 0.670896762797877 0.697323730250791 0.207695644365864 0.174398861575676 0.13404423638775 0.0703484807725977 0.163044721147142
"ufb159" 0.633143620532986 0.601678359398501 0.156540602266052 0.223254194564679 0.100205784909521 0.0575344097623664 0.0971708959396776
"ufb160" 0.758588459360631 0.780349266591445 0.223998286632808 0.539377117778446 0.164050331208191 0.104035423702799 0.135643932895635
"ufb161" 0.73816118711366 0.63586420159221 0.151356399616656 0.617902003106096 0.108768896935457 0.0657102813735835 0.0364564772785711
"ufb162" 0.665054708171726 0.691744919061096 0.208646806776403 0.139003784704307 0.130639998669032 0.061713888603042 0.167116511031304
"ufb163" 0.671106950962082 0.641677776638294 0.185486113300441 0.238568446928258 0.119146108480907 0.0670827866743703 0.124389914557604
"ufb164" 0.677586368629133 0.641414875463613 0.19171257352182 0.260375607796459 0.123225449309875 0.0757582796570437 0.126173665073521
"ufb165" 0.643605520477483 0.644549522496384 0.188804617958236 0.286204735451899 0.127509823207782 0.0667002501245157 0.108398166448744
"ufb166" 0.656605743349982 0.667941961714974 0.176161643512781 0.242544469131193 0.118377327463122 0.0720281740658747 0.114260564288927
"ufb167" 0.643139556117485 0.587227729449053 0.14891551675637 0.484406848531981 0.102136188777098 0.0557908449416762 0.0339595955750709
"ufb168" 0.617700868443844 0.584992106613015 0.165147933168359 0.227865647044423 0.108626999668561 0.0626286486569196 0.0974953803483828
"ufb169" 0.663350574751979 0.61950992333596 0.167984081597797 0.312044968894133 0.111569671598578 0.0706413210713025 0.0942666748306226
"ufb170" 0.676347949298074 0.67652068062964 0.191167160534636 0.261948863324392 0.126292598846023 0.0809102526358471 0.137541908939918
"ufb171" 0.598096337126719 0.587012485846159 0.152474579985825 0.197897144279222 0.0985555418460474 0.0546677126993866 0.0988992584073262
"ufb172" 0.581152689753381 0.598372896650503 0.172325058503139 0.0998353952074877 0.102766727723603 0.0444555398784168 0.131042345292871
"ufb173" 0.570132935468386 0.551562242444567 0.154725131101011 0.113150593513172 0.0941291750847208 0.0441608061228036 0.110372362311132
"ufb174" 0.632911392405063 0.57498482088646 0.156856166861287 0.632656338065163 0.112676527188751 0.0497420355717226 0.012486564330594
"ufb175" 0.635325205999844 0.619757579804995 0.185778714847223 0.235956740160403 0.129732986653031 0.0672550756717118 0.10507233296688
"ufb176" 0.696634137461528 0.693416513668215 0.180630563258321 0.362664711778684 0.126759761092442 0.0744143911373302 0.107959951128468
"ufb177" 0.68212471911843 0.714270749081554 0.209151079849877 0.245366375255061 0.14106674244253 0.0669597722798384 0.156589124578186
"ufb178" 0.622744099781785 0.647260716550507 0.168881773259564 0.222682018600306 0.108723049550668 0.0674443527425832 0.113721607039523
"ufb179" 0.69620253164557 0.726630895227337 0.206654370916905 0.68818856094391 0.160694505731234 0.0759166383020342 0.0710428567561383
"ufb180" 0.658713592317933 0.630937913206258 0.176536321196083 0.198471025929929 0.111585828265452 0.0621106625232823 0.121899585191237
"ufb181" 0.761316514587216 0.722726293876965 0.213807918218103 0.374044057558132 0.142159374402162 0.091100618575908 0.14399054883509
"ufb182" 0.708271674385602 0.673429269116766 0.183673276228819 0.424504656232699 0.126693958711864 0.0707126370808269 0.0912891185201271
"ufb183" 0.697708623815722 0.604706659813496 0.141135990223803 0.460133818181539 0.0917851809967402 0.0560723246041595 0.043735855515443
"ufb184" 0.619829903451817 0.62388836210915 0.185779523887231 0.124914234156586 0.113131453118654 0.0543154289797408 0.145413155154285
"ufb185" 0.572308545942193 0.531897894778892 0.147307792236398 0.185242681525745 0.0986314747929561 0.0574438779733774 0.0781529117843386
"ufb186" 0.590522035489674 0.558346307807592 0.156678416076604 0.135806672036841 0.100192850799936 0.0573161354893078 0.107552675968944
"ufb187" 0.625 0.531849315068493 0.1477554288391 0.624775921485958 0.102772859719001 0.043799618709634 0.00279291669683619
"ufb188" 0.656591706453615 0.679104245985764 0.195578629946783 0.180429613485251 0.126467037636455 0.0639677328511695 0.148658514513498
"ufb189" 0.744717174793416 0.785802844090898 0.21732290811615 0.424457513182806 0.151502863390946 0.105594788438318 0.139980919534608
"ufb190" 0.70865362341759 0.69110897641157 0.181853626812434 0.487198315554411 0.131072442410271 0.083921527994546 0.0892635383486133
"ufb191" 0.604495345793486 0.589357025794348 0.160324431728531 0.209575784051641 0.104408059125862 0.0569836221422941 0.0971866534329565
"ufb192" 0.626173926204995 0.662185323288305 0.194924652323734 0.124351916978578 0.120721558755935 0.055974186420451 0.153386318487307
"ufb193" 0.631612484594909 0.596519597740328 0.156184788516468 0.247936825578621 0.102167645671578 0.0560944596970018 0.087606831250457
"ufb194" 0.719088172608087 0.743308018827062 0.209739868072454 0.420699876838091 0.151770277662134 0.0914158721935424 0.119935237293987
"ufb195" 0.662606039639017 0.62931589681205 0.175067693330914 0.223682978897373 0.110970210811404 0.0636588526871129 0.120285829938124
"ufb196" 0.649528571527631 0.695702509855881 0.209919835962697 0.139204496148831 0.132146433034859 0.0584734268832312 0.170161568391951
"ufb197" 0.772151898734177 0.677501895375284 0.157572499985691 0.771978005101152 0.122085636442305 0.0576049618445448 0.0132039840997265
"ufb198" 0.6978657892846 0.635638183614727 0.151810791010133 0.484598680386934 0.107008095841476 0.0735218677456049 0.0676752616743754
"ufb199" 0.618256898633848 0.647446187876268 0.189482312313418 0.137015717949085 0.117450944454731 0.0647199163491683 0.146085623482424
"ufb200" 0.642863709483126 0.667493666502634 0.181421282362338 0.186206484668003 0.11719740071712 0.0748174169046493 0.131953151422959
"ufb201" 0.662983638849638 0.707877079286496 0.208986705716813 0.223603211334177 0.140812271635274 0.0699615726032064 0.153315480085994
"ufb202" 0.765570653750995 0.779114761464913 0.209944611780648 0.589405731854287 0.152945342037981 0.0874128256291317 0.10373922036042
"ufb203" 0.67386961261358 0.697056212662844 0.199592352613851 0.249040411587623 0.134853919288463 0.0666008502516063 0.148893534585793
"ufb204" 0.599858732342209 0.587272666348337 0.15821919665633 0.200280740969802 0.103819843133917 0.0565762792763004 0.0949791069078695
"ufb205" 0.609948018094832 0.606395312402081 0.166104243536435 0.215418579694769 0.110892807558757 0.0576353498858306 0.0984303293038021
"ufb206" 0.651427967253295 0.645531775572098 0.184118307313627 0.289738074422985 0.127208328324654 0.0664477199904085 0.1031358893862
"ufb207" 0.646265543104421 0.701627740649188 0.222889471002584 0.13924432763006 0.138630873719406 0.0650979483303342 0.184493755645246
"ufb208" 0.592986078945418 0.563093219078223 0.151855726881464 0.222070471394179 0.0979903985395865 0.0548207124397173 0.0880811607248529
"ufb209" 0.595248556035124 0.577048504909149 0.153966074868621 0.212351239834527 0.0994973520758781 0.0561536407448209 0.094431932408674
"ufb210" 0.656797103130535 0.679840002747806 0.19661832226763 0.174398861575676 0.126335692773523 0.0646271605492314 0.151283056746985
"ufb211" 0.610773696276885 0.652653797770832 0.182635298719351 0.136448475872938 0.114999631317469 0.0487453701497634 0.139755053089531
"ufb212" 0.595154894447576 0.609997207044542 0.158974845678648 0.161255877539693 0.0999104334284441 0.0533809137265581 0.109993045553878
"ufb213" 0.637521518275593 0.682926597332944 0.214768226916053 0.112367045091425 0.129945074739194 0.0531188321279321 0.175972365914696
"ufb214" 0.624575756750652 0.663212190196123 0.203505425991887 0.112383139278985 0.121744073164642 0.0504655521706531 0.164200499597007
"ufb215" 0.600033685542862 0.602919378142248 0.172595692210974 0.112073846359578 0.105119781004977 0.0443647212667386 0.131332242068224
"ufb216" 0.557327740885326 0.521821030464325 0.144153122377594 0.124264664319683 0.0894381475488281 0.0451124994346158 0.097223817119649
"ufb217" 0.543771774793325 0.512511438700102 0.142207920258708 0.0993933602401279 0.0877703303336969 0.0419078066932907 0.0922630313690973
"ufb218" 0.584205918583182 0.560634088200238 0.161470816193886 0.2476887571748 0.107830222908596 0.0686833833151053 0.0934221899700832
"ufb219" 0.738243718715457 0.770988608235439 0.20571586175907 0.449470956332407 0.144566759542177 0.0951037125609796 0.115826275940082
"ufb220" 0.630312155208846 0.659144257299345 0.190644530425727 0.149694319111149 0.119070074357626 0.0644785186272068 0.14730794817564
"ufb221" 0.654046654961874 0.64845238726556 0.188349588674172 0.174711351851662 0.118921473159862 0.0615448518325186 0.142601864210699
"ufb222" 0.531645569620253 0.63976993994756 0.206761247287754 0.525389794910305 0.150362414139961 0.0672360158547292 0.0714971893918253
"ufb223" 0.601692702441715 0.60093689027427 0.159518031587594 0.186018446937318 0.101617554063064 0.056476124211948 0.103685536761144
"ufb224" 0.677493316384673 0.670502516093812 0.179348008409994 0.311477243794306 0.120108584496342 0.0712709376564791 0.112801141964587
"ufb225" 0.650139931392354 0.661826479396381 0.189998055704151 0.16221927338779 0.124560518542376 0.0547122721206 0.138830410176587
"ufb226" 0.712956130295027 0.68822256568779 0.181342215773497 0.448425638253994 0.128791808067323 0.0811885612243988 0.0883036631473881
"ufb227" 0.724600207764503 0.685804227252286 0.180383964165004 0.44839781621445 0.127664281786106 0.0897095707954232 0.0991204562985213
"ufb228" 0.622204475642256 0.679785807004742 0.206254268278095 0.124578083926958 0.126584605273877 0.0635965241087784 0.165884924876629
"ufb229" 0.592702683387844 0.59613372615878 0.157271733836409 0.173568088641505 0.0991390536428717 0.0559064532170651 0.104033599778676
"ufb230" 0.603263413568663 0.641993487186748 0.176289256867156 0.127509706567571 0.111193835663752 0.0575307195066912 0.129886469863845
"ufb231" 0.75 0.809748057452319 0.199566538219002 0.749706718220678 0.153583121286088 0.0737372792789264 0.0634168350129777
"ufb232" 0.670792986907762 0.694283471124567 0.198083266171657 0.258220853549903 0.134856996799156 0.064560163110082 0.147298195629066
"ufb233" 0.657781639673073 0.693402918524524 0.209776223848163 0.435396354693613 0.14949469115452 0.0881248906190735 0.103222751383284
"ufb234" 0.689847269603171 0.675650364203954 0.174956691666737 0.323291009777783 0.120685557743431 0.0776565563220352 0.107936930840798
"ufb235" 0.638029049701985 0.677702598504125 0.205132242634293 0.149554716145438 0.125068959107204 0.057904485985653 0.164696149792816
"ufb236" 0.630489904886246 0.66229207505621 0.195948101271744 0.139079355270169 0.120885688121451 0.0555515444596409 0.154462252379359
"ufb237" 0.640595586785938 0.628193532862584 0.18294127813101 0.26094968950076 0.124940577127516 0.0619392538372935 0.101953646846659
"ufb238" 0.590062010318919 0.612855203868055 0.17905602739281 0.0998253151910078 0.108129711252042 0.0472379927231433 0.138352628407458
"ufb239" 0.582041993017577 0.545391929348114 0.152984374208591 0.100854173139479 0.0934358214548753 0.0432822731645509 0.107638764747846
"ufb240" 0.659741270702795 0.677614342896345 0.200076469819234 0.14926661016554 0.125561735495568 0.0558081993821947 0.157264537930881
"ufb241" 0.665563792345133 0.690923952364143 0.208112900246086 0.153154986334158 0.130549681358505 0.0579644956745462 0.166572847261028
"ufb242" 0.770768070536507 0.744137958610132 0.198167623855533 0.411689862860664 0.131354182576873 0.0894782018740111 0.13321344563695
"ufb243" 0.620253164556962 0.499945893301591 0.142323718427351 0.620043149387112 0.0997605533673273 0.0434931866381698 -0.00428423520600859
"ufb244" 0.621081411398134 0.668662458605585 0.199971441378017 0.124721292300849 0.123115289165426 0.0660072364809545 0.158001914393318
"ufb245" 0.708529220791548 0.746702312794774 0.220616355627725 0.494065447540204 0.156645392688953 0.0935269442620032 0.115235737568341
"ufb246" 0.629357553533556 0.690959436769081 0.210431241310034 0.124622560511472 0.129493515615815 0.0580284856918086 0.170713877711881
"ufb247" 0.67707292039487 0.661613579761437 0.171027590419807 0.323186180330402 0.118711165785329 0.0700765160190045 0.097187780708844
"ufb248" 0.544303797468354 0.450349143012605 0.159394577220317 0.543926884042825 0.113318548649201 0.0508718969150066 0.0159781998386164
"ufb249" 0.619159654589476 0.634944878179558 0.190683155248797 0.273446164170939 0.132116442096904 0.0768604372824822 0.110462906127664
"ufb250" 0.664737480240269 0.635077777398468 0.148741831963681 0.428715745473693 0.104578281481872 0.0665312692845866 0.0643193511574011
"ufb251" 0.664701490714683 0.652042244560377 0.190827704561314 0.286117369914972 0.132299463180006 0.0673430030978856 0.110621783304399
"ufb252" 0.624381022602987 0.587234612124187 0.165582680832489 0.248703929353123 0.111342834853991 0.0583540983639642 0.0914728072250941
"ufb253" 0.636525532137748 0.707562434200307 0.219884202246254 0.0767789168798737 0.136320572154335 0.0522417340970002 0.180977564158605
"ufb254" 0.691802182984674 0.697139662071255 0.174188330086645 0.478754849448751 0.122250834689249 0.0773861382608817 0.0802697065056644
"ufb255" 0.654128660951413 0.681389132291447 0.167306325790729 0.390400649215885 0.115170341592183 0.0720595717131963 0.0847030331818648
"ufb256" 0.619935059647151 0.644083079410484 0.156483893284796 0.301840398836392 0.101298886686395 0.0605446475353297 0.081510225683584
"ufb257" 0.607015404236952 0.680576728173038 0.200550661860462 0.1255281150303 0.126534104949667 0.0538539149060942 0.159881497261054
"ufb258" 0.60472804917312 0.670605263372683 0.193494371347937 0.12563126525123 0.121386973536944 0.0590669418576573 0.151170382665241
"ufb259" 0.666467684618233 0.699331352705882 0.199096820201726 0.264520613747617 0.136484085113416 0.0628315136869535 0.145789728613258
"ufb260" 0.626218902677761 0.603505026710975 0.163317128079315 0.215418579694769 0.109608858546324 0.0582573686139765 0.0953364434600387
"ufb261" 0.625972464269511 0.668769957751172 0.198613234937056 0.126342326710006 0.123416493643198 0.0587724108628676 0.157265215679777
"ufb262" 0.586733542595402 0.539378538462976 0.132329614288527 0.395391309592497 0.0874989637378408 0.0541682535572103 0.0337551572893276
"ufb263" 0.667978898066924 0.667697824716267 0.182438104476909 0.339637478844354 0.127264992174629 0.0723234557932833 0.101545740708941
"ufb264" 0.623602710177467 0.63795452368366 0.172754145957763 0.140402466638827 0.108155345952734 0.0529097064572176 0.126131282227586
"ufb265" 0.750639610757304 0.700588514254173 0.184505452327151 0.418673853319166 0.123488574731184 0.0831867427728467 0.111998744035988
"ufb266" 0.741329546000995 0.750997016336297 0.206010341271225 0.435244232422171 0.147396650658366 0.082280103403479 0.115974547834213
"ufb267" 0.752507891761913 0.723647349938843 0.196563757980954 0.404430996376844 0.133734206928189 0.091677650122252 0.131386349547736
"ufb268" 0.612486662301901 0.600468835661758 0.171316579167484 0.225534320262929 0.11462161343492 0.0611357599821256 0.0977159692955399
"ufb269" 0.638315376543009 0.706591531007932 0.218420130633779 0.112355069668605 0.136315510932775 0.0547272934730193 0.179807180190473
"ufb270" 0.626459963070083 0.651478125082488 0.189255706897205 0.124328860962138 0.115973171864307 0.0528344686836138 0.14670824175174
"ufb271" 0.702542871526193 0.637821552238181 0.166859754649083 0.373175297294321 0.112174149504264 0.0749540703619084 0.0838114102576501
"ufb272" 0.721483084294938 0.663132463487582 0.173458025199691 0.373871090447085 0.118856571483829 0.0823245034731832 0.0998219291263594
"ufb273" 0.62931640291173 0.619145982895778 0.174244262781696 0.175629143785327 0.109525240541161 0.0602353877488401 0.119458593743366
"ufb274" 0.689617393864298 0.643228971261349 0.168100521121526 0.286866370263401 0.106055219986122 0.0698288260884559 0.105705115319758
"ufb275" 0.681699724383487 0.670737322576125 0.180789747872552 0.373066241748291 0.124427636388774 0.0752074841524689 0.0997051497814254
"ufb276" 0.62246356805254 0.651804619633038 0.17310695989495 0.161106598178531 0.110994775420531 0.067079295914441 0.12496126564584
"ufb277" 0.647133142123333 0.664126514380838 0.170142921889634 0.261407316392674 0.110823189635822 0.0729532825349885 0.107942150209694
"ufb278" 0.658188015574316 0.66974164579127 0.195744234281238 0.1623115136337 0.126055805827499 0.0607253668663454 0.15160620664433
"ufb279" 0.564144198438919 0.543250034224697 0.150967535179857 0.111778873839404 0.0911327929934278 0.04486981900968 0.106416804670508
"ufb280" 0.633273306191784 0.672490956474883 0.202084282750732 0.149510532063872 0.123888339954977 0.0613020358812381 0.160915799910783
"ufb281" 0.83454410095223 0.798051342878929 0.213077316913281 0.545802144256591 0.150430230369542 0.0946169273773489 0.123885012788825
"ufb282" 0.603937481899594 0.627484961531138 0.178607926631348 0.149644958454589 0.110837565915312 0.0658674561890226 0.132306153638083
"ufb283" 0.607297280124145 0.66554654470024 0.192745120439827 0.0751743737854264 0.120429393567061 0.0445425733268818 0.152472904025349
"ufb284" 0.638014431144256 0.685127938067583 0.208159870868565 0.124622560511472 0.12720049455007 0.0503660430015813 0.168328251425437
"ufb285" 0.675909867431349 0.676161562258872 0.181085477273458 0.324040400141266 0.12247876096452 0.077138711295312 0.108298455505972
"ufb286" 0.65 0.524869834939626 0.142385969326344 0.649749746881191 0.100130409931043 0.0454567654400889 -0.00348986085413905
"ufb287" 0.66190479521833 0.575352298915713 0.140276215919717 0.537240127614345 0.0951083894310424 0.0568464471216348 0.0246210747089023
"ufb288" 0.678479528871351 0.680988489702246 0.178676964722546 0.311477243794306 0.114583082320652 0.0802908138988263 0.112131826926316
"ufb289" 0.648801096540219 0.643715943950805 0.163530467585761 0.277421926996702 0.105997286922039 0.0715025463353035 0.100778714346902
"ufb290" 0.636577568438867 0.658187099755727 0.167277120593476 0.22709169849429 0.106936018293424 0.0635071296951901 0.114724236521952
"ufb291" 0.616732036493264 0.661312181613047 0.186701339841028 0.114524041531904 0.116658302312156 0.049467185134872 0.144035100325377
"ufb292" 0.631671611906481 0.684464099157124 0.206794822324899 0.124749216308696 0.127134359337091 0.0628166819102362 0.165870057136338
"ufb293" 0.655575835111427 0.679704898472956 0.195868371363301 0.167880783340352 0.12622434664039 0.064959469532089 0.150460825547354
"ufb294" 0.662713730079146 0.69136556824138 0.203622639977753 0.170089968608112 0.130770862045209 0.0673449280204969 0.159897097280154
"ufb295" 0.578958923085284 0.524037225774075 0.141055932112137 0.197905504109477 0.089835470862936 0.050944754935859 0.076564431378139
"ufb296" 0.587518918818841 0.579836161311689 0.162763545766507 0.112189374958808 0.100182412413043 0.0479974843624705 0.120651442399833
"ufb297" 0.731538651844873 0.731971777231938 0.199701250456621 0.418463096048664 0.141493843291695 0.0891703818146336 0.120488493669173
"ufb298" 0.624793912755229 0.690571743524624 0.20939065015919 0.124622560511472 0.130422185644771 0.0573177746924497 0.169620942117769
"ufb299" 0.647941258875261 0.691608962375925 0.213717644393311 0.124622560511472 0.128613173980097 0.0517529461318877 0.174165595423874
"ufb300" 0.66089682355984 0.646351444521051 0.180574750315445 0.198924214839027 0.113001862735044 0.0612176071732612 0.131050509487258
"ufb301" 0.69937779579978 0.650079929946747 0.175187413738149 0.399494418769935 0.117987336307475 0.0742594930252497 0.0936817119741788
"ufb302" 0.642199445847322 0.655961529429192 0.16931364674738 0.226844355400382 0.113000446836573 0.0662375811172633 0.110900004646582
"ufb303" 0.648820275524547 0.680205478387466 0.187701880889837 0.199271764522352 0.120898528663 0.0770631796093063 0.136470606670523
"ufb304" 0.659258983692853 0.629153692727492 0.173358196070189 0.21117027300989 0.10887321244188 0.0629359900343246 0.121149080659855
"ufb305" 0.790896913588064 0.750128356809608 0.197748561302265 0.456160363450428 0.132519923886315 0.0876231817232517 0.118247607263855
"ufb306" 0.666550855677731 0.69812664861647 0.197616574188935 0.249010873673727 0.135795491599385 0.062727588285097 0.144156106310495
"ufb307" 0.620253164556962 0.471864406779661 0.146017728513577 0.620105596997967 0.107401142893321 0.0471712764736826 0.000319116054259228
"ufb308" 0.668045203605939 0.705576404190847 0.221360111924003 0.149701343473636 0.137608416292771 0.0703704680252025 0.182182144104621
"ufb309" 0.531645569620253 0.391899881750099 0.146962972939144 0.531313695364774 0.10098919325697 0.042704040824621 0.00142562940289153
"ufb310" 0.629459334586658 0.695629784573808 0.210176975665217 0.0888659436412232 0.131013484620062 0.0512338705175727 0.171154174132259
"ufb311" 0.644383178226475 0.650549882981588 0.188231914178321 0.153500973116544 0.118067296762651 0.0592683204024324 0.144765496242574
"ufb312" 0.683631805841546 0.682438719378298 0.179671579038063 0.286854976730344 0.11479663670079 0.076752611482754 0.122053975022409
"ufb313" 0.633521693853876 0.654088496831792 0.185271521247334 0.161566926397037 0.115175453792952 0.0563896467023375 0.140596730831802
"ufb314" 0.720430920548465 0.707076321763756 0.184249277325847 0.361431014712935 0.120399239229988 0.0813457958251348 0.118167613129029
"ufb315" 0.746835443037975 0.787099179716629 0.198123707270356 0.746737064665311 0.152717250711722 0.0741384585450443 0.0615570041522902
"ufb316" 0.795117319699351 0.801285952425052 0.211390339993456 0.647198165613664 0.158197173734228 0.0937951144511358 0.104335789549441
"ufb317" 0.628119545574934 0.688219683726049 0.210276186912598 0.0996689035415612 0.128856456103008 0.0565950419652807 0.170558541196876
"ufb318" 0.574741909713993 0.539122866854058 0.128553654298522 0.336103268595687 0.0846184001314644 0.0555919438278494 0.0423526693997064
"ufb319" 0.614086117031647 0.643723615707352 0.165973466479444 0.186140080563449 0.107743989368983 0.0631441079956169 0.113325422877952
"ufb320" 0.620253164556962 0.458732462506047 0.139549528598619 0.620004970917098 0.099331864348456 0.0452824739908606 -0.00790762058927718
"ufb321" 0.66445042692448 0.638872706303322 0.179318425607232 0.213708587941048 0.113775442905335 0.0626444856174815 0.124866281962878
"ufb322" 0.639841435118957 0.710633115145703 0.22362885965912 0.113660870300718 0.139345820588489 0.0648691230744364 0.184908769452534
"ufb323" 0.631080864019274 0.687707959547258 0.208521838487753 0.151717131574653 0.129210037007592 0.0741328464328762 0.167686754387119
"ufb324" 0.66826099718213 0.647145213806186 0.180258136634474 0.226517855409228 0.112712107569665 0.0676300443769692 0.128524025285558
"ufb325" 0.637415357190478 0.614354914318454 0.163496092620069 0.235104326620528 0.108518000047389 0.056662031889128 0.0955981350034125
"ufb326" 0.698326067847607 0.678588685782012 0.177499935373691 0.312045346075702 0.115238814636798 0.0758076839846443 0.115809518914329
"ufb327" 0.682889996735557 0.674513509240843 0.175490144992059 0.299365618217104 0.113412305011979 0.0736138586612882 0.11759669840441
"ufb328" 0.642410835914844 0.707483500785625 0.220675131704912 0.0885628708345768 0.135351097767682 0.0509335009035881 0.181807519670529
"ufb329" 0.601724524284321 0.583138666564546 0.165741224778419 0.226794845490548 0.110218216605184 0.0643242319540244 0.0915786409796835
"ufb330" 0.634419265915411 0.655390191497035 0.17086208738324 0.201760433284356 0.112401422566636 0.0672606088356342 0.115833351870306
"ufb331" 0.622242932067197 0.635186753691063 0.188830923100253 0.241915557906887 0.129338818911034 0.070259702494662 0.108455993553836
"ufb332" 0.642795411078706 0.696599079808552 0.215086397711316 0.139231336378841 0.134388838518624 0.057479027618174 0.176164501366678
"ufb333" 0.666015902884315 0.691392072588348 0.203280066057387 0.174266576395105 0.131690225573796 0.0699453465579069 0.156851578253768
"ufb334" 0.608370801716517 0.63603302057817 0.189645055860097 0.112363053000183 0.111916667323903 0.0477461197266551 0.149609259423981
"ufb335" 0.673793554951686 0.706430015782206 0.213988514987615 0.161698291721073 0.136190444217952 0.0676849692928517 0.172712569696723
"ufb336" 0.574298782044311 0.57339625522371 0.161743434507884 0.0752448749011898 0.0957952939725198 0.0348368388616635 0.118507390355294
"ufb337" 0.634080329722627 0.63424177920985 0.181709748153435 0.198844583619171 0.120373707875508 0.06018375055669 0.130018532052041
"ufb338" 0.62499977907275 0.670447573046571 0.200488414616781 0.124548350700194 0.120939703241354 0.0604227294563044 0.159248865992685
"ufb339" 0.6247907521936 0.665016420090722 0.197502232295659 0.138752426282772 0.120183791919156 0.0665696840080256 0.155402496727631
"ufb340" 0.708860759493671 0.725175171632812 0.192314436145349 0.70864770818774 0.144150617292809 0.0696412463400758 0.0547583622075514
"ufb341" 0.62993563024302 0.658791702960901 0.174063194866698 0.216979705591016 0.112665872838097 0.0705467608856855 0.116034356439392
"ufb342" 0.655930780640667 0.634320106438447 0.175436495980441 0.173769383906634 0.108640052899142 0.0552692083344734 0.125601710480581
"ufb343" 0.650848170400202 0.680241522442512 0.20727581146553 0.124860597059032 0.12849369585944 0.0485112731137142 0.167968870823953
"ufb344" 0.642814514067147 0.671655787126097 0.20720312726624 0.11550539817529 0.12664495099933 0.0499544358208755 0.16808067276905
"ufb345" 0.586075744848358 0.557533340832334 0.165941686735928 0.160865158311385 0.107964432189961 0.0632285796039761 0.11055279954116
"ufb346" 0.591083257757718 0.557379416926043 0.163401954092088 0.148553315946686 0.104305045304926 0.0625014488325095 0.110594799438482
"ufb347" 0.643021310590257 0.644143311249941 0.177956672723606 0.174494120441826 0.111491186891699 0.0573766121273781 0.130116133361337
"ufb348" 0.586880692152153 0.558984357015615 0.154296929429854 0.135929302237339 0.0981291350089022 0.0565508931126418 0.106614847512083
"ufb349" 0.607031453987829 0.552775625484266 0.158507555815743 0.223654817121427 0.108162562795202 0.0566442412139362 0.0837692956579939
"ufb350" 0.56177205309829 0.509148481303699 0.135976410338948 0.185534219367922 0.0916985922026132 0.0543617105991262 0.0711035274004382
"ufb351" 0.7125 0.746213022444286 0.1967091234838 0.712276815007105 0.146691781126797 0.0698158709949831 0.060073388412905
"ufb352" 0.660055935822786 0.698056202335951 0.20979498326366 0.149188494230197 0.134902903115464 0.0585986229218522 0.169006761300215
"ufb353" 0.671970624796739 0.634356797455157 0.178554444114311 0.251644854637306 0.113995766109059 0.0673896128645115 0.120816919256271
"ufb354" 0.626859319921552 0.6766573548479 0.197345728088173 0.111604951985213 0.123167230710509 0.0467880546275879 0.156523457892419
"ufb355" 0.721574436742084 0.68541589998821 0.193134970385482 0.310910832284492 0.122814886088405 0.0816326485722547 0.136465296955634
"ufb356" 0.660856319820161 0.655004715563432 0.177442261280068 0.236201615031142 0.114276745731714 0.072139549958183 0.125530894170301
"ufb357" 0.630839802152808 0.644981558966042 0.176993490108573 0.162067270759172 0.110563102020715 0.0589762795397716 0.129096896309417
