NaN NaN 0.2804514 NaN NaN
NaN 1 NaN 1 1
1 1 1 NaN NaN
NaN 0.2084868 1 0.6917161 1.307238
0.3735994 0.4688557 1 0.3621308 0.5600332
NaN 0.08944698 0.771806 0.7076139 0.8624382
1.087347 0.1819696 0.5806025 0.6892818 0.7764571
0.7814217 1.010463 1.23096 0.8688299 0.1175238
0.745469 0.3175424 0.5374206 0.634603 1.142676
1.38474 0.7076139 0.8508523 0.4089504 0.8560414
0.4119842 0.2146916 0.6021927 0.5953887 1.021839
0.5633414 1.008406 0.2629666 0.3693346 0.6661692
0.6947157 0.5008602 0.1827789 0.3765097 0.3904496
1.003698 0.3135459 0.3465073 0.4265781 0.5093578
0.3834645 0.7823903 0.2952334 0.4372319 0.4230939
0.331685 0.4072052 0.5099766 0.287999 0.6905209
0.2497865 0.2355498 0.1717556 0.3012755 0.3262844
0.2357774 0.1998739 0.1800015 0.2930394 0.2339585
0.3442716 0.257497 0.3417175 0.2329516 0.1479856
0.1866425
