NaN NaN 1 0.8688518 0.8204417
0.3898553 0.5706922 NaN NaN NaN
NaN NaN NaN NaN NaN
NaN 0.4827364 0.334396 0.3230542 0.4017443
0.2525826 0.592346 0.518109 0.2525826 0.2769079
0.2525826 0.5696382 0.5706922 NaN 0.4597593
0.4885143 0.5529126 0.4087188 NaN 0.5620403
0.5317662 0.2197923 0.1321989 0.4100405 0.5399098
0.7173857 0.4633886 0.3625699 0.57373 0.4086939
1 0.2638699 0.5166145 0.2952877 0.4882062
0.3177402 0.3777032 0.2313764 0.3242557 0.4203579
0.3341421 0.446106 0.3197604 0.4517584 0.252819
0.3012122 0.5341395 0.2247304 0.2218103 0.3082197
0.2245781 0.233106 0.4294766 0.3169294 0.1582899
0.3341925 0.3566007 0.228114 0.2793732 0.1483625
0.2176027 0.1622989 0.2934893 0.2179385 0.2702508
0.1334338 0.1276046 0.1800259 0.1736045 0.1864208
0.2223037 0.2058462 0.1440411 0.1178325 0.1475977
0.2259149 0.1532723 0.1864464 0.1584211 0.1450975
0.1493441
