NaN 0.3829935 NaN 1 NaN
NaN NaN 0.9940066 NaN NaN
NaN NaN NaN 1 NaN
NaN NaN 0.8848115 1 0.5209842
0.9978178 1 1 0.8806786 0.8934248
0.7591077 1 1 1 1
0.6376762 1 0.3589379 0.7004954 0.5482318
0.4859224 0.9502658 0.844525 0.6244058 0.3944376
0.8149838 0.6280743 0.610491 0.8901 0.556104
0.9763118 0.9400069 0.4653038 0.9499126 0.8402956
0.8255427 0.3547263 0.6263325 0.5995538 0.8840723
0.6854876 0.8283998 0.8518079 0.6557682 0.7997464
0.8638486 0.4286815 0.9138217 0.6194375 0.7430546
0.6265684 0.4997726 0.8919408 0.6299748 0.4625142
0.3769542 0.6216661 0.6286931 0.4134597 0.5179705
0.4055999 0.6228268 0.7871603 0.450908 0.548439
0.5102525 0.3698976 0.4634359 0.3669343 0.4599452
0.4457668 0.472091 0.3821372 0.4443777 0.3883089
0.4961915 0.3181933 0.3464697 0.3657608 0.5671857
0.4259008
