NaN NaN NaN NaN NaN
NaN NaN NaN 1 NaN
NaN NaN NaN NaN NaN
NaN 1 NaN 0.8316763 1.438037
1.176891 0.6353163 0.543642 NaN 0.5443624
0.7391141 1.284322 0.3612649 0.994367 0.7747342
1 NaN 0.2812087 0.491513 0.9242908
0.3916472 NaN 0.8442946 0.4612816 0.6794553
0.38511 NaN 0.5199505 0.2177832 0.6165424
0.9277916 0.493284 0.6961854 0.7689839 0.2478895
0.7550911 0.805828 0.4903237 0.3674979 0.5630967
0.9551313 0.5056011 0.3244286 0.3039519 0.4993922
1.131827 0.4667167 0.4896937 0.4840088 0.6763074
0.3021079 0.5686771 0.6841241 0.3947342 0.3821452
0.44058 0.5606511 0.5725502 0.4257913 0.2813865
0.405035 0.5905089 0.5905491 0.8361139 0.4376716
0.138502 0.2506023 0.1960762 0.2138341 0.1988924
0.3672127 0.2462601 0.2418472 0.1912528 0.3712885
0.210703 0.1589254 0.2077415 0.2837498 0.3202986
0.2135534
