0.8478125 NaN NaN 1 NaN
1 1 1 1 NaN
NaN NaN NaN 0.6882599 0.8707993
1 0.2537769 0.6948094 NaN 1
0.6511195 0.3527594 NaN 0.4827364 0.5928385
0.8490058 0.6264073 0.6025365 0.4024702 0.4669668
0.4529891 0.5554023 0.3745573 NaN 0.2688904
0.4360628 0.3631231 0.2951922 0.3952403 0.3301816
0.2532753 0.5197134 1 0.4969686 NaN
0.3671998 0.2787348 0.5020841 0.3135591 0.441422
0.3156833 0.3723631 0.4197458 0.3279424 0.4254634
0.2972631 0.3601781 0.298468 0.2810516 0.3491244
0.362378 0.4512628 0.4758803 0.3028363 0.2367989
0.4168677 0.2765863 0.1950384 0.2249687 0.147537
0.3729513 0.1768345 0.3226828 0.4539908 0.2085824
0.2160234 0.2708298 0.3999417 0.2984602 0.1988931
0.2071207 0.1815009 0.1733175 0.2530056 0.2649095
0.1384252 0.1202556 0.1816895 0.1218464 0.1945161
0.254513 0.1783115 0.1571 0.2412506 0.1290732
0.09204838
