NaN NaN NaN NaN NaN
1 1 NaN NaN NaN
NaN NaN NaN NaN NaN
NaN 0.3333828 0.8745792 0.6131934 NaN
NaN 1 0.6884345 0.7280482 NaN
0.4750394 0.5335312 0.4164416 0.5420927 1
1 0.4203207 1 0.5548611 0.3981001
0.3470081 0.7630034 0.3985043 0.308004 0.1940966
0.5077038 0.2965459 0.4941526 0.5306472 0.5158965
0.3159929 0.3299486 0.7250281 0.3997344 0.305997
0.2676913 0.2005673 0.3007654 0.2903196 0.3463874
0.2512657 0.5232658 0.4716468 0.2032372 0.4417394
0.1814781 0.4800649 0.2926525 0.3118807 0.2532239
0.1736062 0.1896501 0.380923 0.2634464 0.2884923
0.2023431 0.3080637 0.261963 0.2691149 0.2676945
0.2348939 0.206866 0.4547122 0.2007579 0.1043573
0.2055485 0.2809052 0.1132838 0.2983417 0.1543942
0.1431004 0.1501255 0.2112261 0.1879523 0.1373908
0.1488121 0.1442137 0.1888442 0.1390679 0.1233941
0.167619
