"quartet" "cluster" "phylo" "mutual" "shared" "clusterNorm"
"mb49" 0.827889886854077 0.225812436212743 0.785495303083083 0.187110976259026 0.0915509038585952 0.102750240146454
"mb50" 0.744075395037308 0.238703462729965 0.11871988062196 0.155442992483498 0.0904878925984507 0.200646815295541
"mb51" 0.814197544138836 0.238720013750736 0.602666408595099 0.183256722878753 0.11620503992606 0.14202906322134
"mb52" 0.730950974601299 0.203051010932645 0.686534407390557 0.157083793397766 0.0746664058080668 0.0757440373586047
"mb53" 0.723992698273488 0.214285977251217 0.293651743181199 0.145947770259547 0.0899236133229855 0.155849086262023
"mb54" 0.727058465749259 0.198421101396069 0.633907678652695 0.148767171945797 0.0674211841166024 0.0695541044105982
"mb55" 0.795074266284896 0.220071216047623 0.618885890257127 0.176483413474612 0.103868325761527 0.121350644209325
"mb56" 0.789507654971213 0.200569455673719 0.582980915541425 0.152582217018228 0.0854347414094371 0.0993804213609249
"mb57" 0.890928657340001 0.222796692978759 0.833176063695861 0.188076980733391 0.0923559891703991 0.0992551247260578
"mb58" 0.827965112286244 0.212318676851881 0.725953078157694 0.168505966291621 0.0802968880520251 0.0871115591441051
"mb59" 0.834799963712238 0.190197662511694 0.796349102894468 0.153779179102469 0.100852932309421 0.0873859234151246
"mb60" 0.741092762002825 0.205657512349503 0.445392155376983 0.153126135512376 0.0908963544390034 0.119811033670267
"mb61" 0.853502451601022 0.226374389441721 0.702003250748826 0.179422757419695 0.110802818270905 0.128451650552616
"mb62" 0.758914358484559 0.198864870183334 0.500603579261321 0.155432339793265 0.0719549822961442 0.0688200726980004
"mb63" 0.793166011490777 0.229245582471035 0.461252051337379 0.1681702692717 0.107278312083212 0.15528242924207
"mb64" 0.967659521435693 0.232373828704458 0.940399049234027 0.198790312697259 0.0989638604105716 0.110354609052481
"mb65" 0.803075279031109 0.228443011058536 0.520240897281445 0.171721148209419 0.10578177768561 0.14480853870102
"mb66" 0.721555410581684 0.220315766247435 0.117772613201781 0.142475627942552 0.0686127074605418 0.180757701291042
"mb67" 0.616988720818396 0.174489109531641 0.240760977930472 0.125542489710068 0.0731024482333032 0.0851814256941418
"mb68" 0.71084594145097 0.214156799809283 0.117724761844138 0.138968556918864 0.0664780264992597 0.173838703159712
"mb69" 0.727562774673266 0.223776019780399 0.117811648026968 0.145709098758096 0.0651626123881278 0.184731040118566
"mb70" 0.860278664279598 0.200325616148038 0.737703168061314 0.160083461091084 0.101924067321702 0.0991057175077475
"mb71" 0.729478805567195 0.227787203102563 0.119242645176067 0.147992414941428 0.0677195146475718 0.189173951085506
"mb72" 0.75253331767745 0.205008142213408 0.451475896325939 0.145314530375958 0.101604284113598 0.13609606199904
"mb73" 0.741166050990129 0.197114492644787 0.295269482291798 0.135089401760086 0.0868156984361006 0.137328414358542
"mb74" 0.858325666973321 0.244956061274813 0.75593845243513 0.196423999926643 0.0964428368671084 0.122947491948978
"mb75" 0.766922298556745 0.199530164773858 0.534081128542068 0.154079202533798 0.0956176701337929 0.113020438667116
"mb76" 0.758888405166159 0.202006065025996 0.554052651823204 0.156048018183606 0.0892179887176752 0.100715580218288
"mb77" 0.727859552414207 0.213788902068264 0.328901653625477 0.148981082614293 0.0919141690164122 0.150939047243607
"mb78" 0.78058393403516 0.178394724975704 0.552260969546039 0.128522618351047 0.0831672550578548 0.0884687030947415
"mb79" 0.773038639739298 0.179487673072961 0.617666252153931 0.129964580544822 0.0945928729813316 0.100749899728984
"mb80" 0.594217788318435 0.160597831693517 0.168010031852739 0.109293558597759 0.0588882899204583 0.0801604654727687
"mb81" 0.85474557921328 0.176909216584195 0.819050825526671 0.142694164817266 0.0684665393989155 0.0455639885023691
"mb82" 0.922114794352363 0.193234948068942 0.86887790831486 0.159300244083045 0.0785352502273196 0.0649943463800069
"mb83" 0.631171639001424 0.158709569189045 0.131662183361588 0.105440608384422 0.065337313709246 0.105689467974261
"mb84" 0.718550472986416 0.195073381874995 0.403879531685574 0.136465885759412 0.0862578206077201 0.130979757662081
"mb85" 0.635379366368806 0.160476431683922 0.121084367369383 0.107572557838552 0.0656233297209015 0.109656748230383
"mb86" 0.826302488335925 0.161165730363136 0.845096253849055 0.13218133356483 0.0629532822639592 0.0278275159746389
"mb87" 0.679910571871438 0.197376921367616 0.140855490776663 0.12925140783105 0.0651094646777853 0.15407560875376
"mb88" 0.727990794006874 0.224546489821863 0.0957834852747772 0.143765798454296 0.0638060801142477 0.185555247324375
"mb89" 0.739488320355951 0.173563868440078 0.692098146652366 0.132577708556361 0.0580285903752391 0.0375376370102601
"mb90" 0.912274166511455 0.176756019397811 0.915616482689066 0.15133642084926 0.07503004984944 0.045895983806878
"mb91" 0.690462733423242 0.198252624566025 0.0957376667204122 0.126396061459241 0.0677701774458313 0.157152560797555
"mb92" 0.799256819525378 0.174840109264735 0.843177382123115 0.147878335013781 0.0723681511004681 0.0426462797907499
"mb93" 0.738933458452876 0.174483003450486 0.534185372834844 0.124850068450564 0.0882346447424613 0.102817617325816
"mb94" 0.702763466042155 0.154827509301365 0.75304467994329 0.123405955848608 0.0582076961615652 0.0189524044330111
"mb95" 0.799590282001216 0.177518374937353 0.664563680073532 0.134312401679944 0.079586578261134 0.0721949282864376
"mb96" 0.622365744658738 0.155091458568812 0.143673859285444 0.102813532337902 0.062653353371544 0.099281736318023
"mb97" 0.722235447803742 0.221207436694159 0.0957834852747772 0.143525667371729 0.0686106995779898 0.182048300404838
"mb98" 0.776964596102827 0.171051896808338 0.819110256303291 0.141319250952993 0.0686332147927068 0.0382511809392502
"mb99" 0.78348132015413 0.172678405636244 0.625851018069978 0.129675987504164 0.0757844249750201 0.0668606779058286
"mb100" 0.578308148566587 0.148401424185653 0.14387102630936 0.0984759451880374 0.0585667396408824 0.0745566169312707
"mb101" 0.71032136900306 0.196630653193477 0.188779419351132 0.134481655575301 0.0852004581172275 0.145896791226462
"mb102" 0.740479548660085 0.158290483912586 0.752983787274036 0.124606562730877 0.0558319592810127 0.0229721080476413
"mb103" 0.774850720056199 0.176589288564553 0.629323612229265 0.129507090504585 0.0873182673253158 0.0873518238726078
"mb104" 0.665509215175945 0.18950419327355 0.199331806498943 0.125212177847798 0.0651243052799236 0.138340078975737
"mb105" 0.782845108836374 0.175829028045063 0.665134353228602 0.134875322668899 0.0908334729669082 0.0865091698156981
"mb106" 0.707838474798347 0.211528427579974 0.0992452502857182 0.134482918458279 0.0693701861991829 0.171545241806889
"mb107" 0.707828080326356 0.207600100766376 0.0992452502857182 0.133948757889691 0.0620359535549902 0.167423224999458
"mb108" 0.639564050227663 0.162003169110485 0.119707985891517 0.107749308094657 0.0590429554641431 0.113048367464638
"mb109" 0.699292532147902 0.186362670440455 0.332592899750085 0.12711535931527 0.0826383807533484 0.129589706719813
"tnt1" 0.693085955312358 0.173146341697671 0.554625201670119 0.132271234436759 0.0717418069781708 0.0676399741633544
"tnt2" 0.66695348436117 0.193729394886104 0.14079063368535 0.128573500228624 0.0648413998845665 0.144868913188515
"tnt3" 0.735587540933668 0.181213788493657 0.722841753023995 0.148006970757678 0.0649912169235003 0.0497560685277636
"ufb1" 0.639417693169093 0.153777298628553 0.722799170954815 0.122818331233648 0.0555202276616669 0.0184819147993277
"ufb2" 0.713000064479878 0.186279264419372 0.391949397802821 0.131291643309124 0.0765360989884259 0.12148539393954
"ufb3" 0.684675177441823 0.182160360075061 0.319933986975381 0.124696673412476 0.0763321690640545 0.125112020707324
"ufb4" 0.753846153846154 0.222317115829422 0.646056621803332 0.169798450492521 0.0812940022156236 0.0973556590596872
"ufb5" 0.715385448801656 0.173277840929611 0.439110320147503 0.121077859654614 0.0866869037334602 0.107364545569669
"ufb6" 0.774778048907118 0.205186042382369 0.523166129472251 0.152770054293531 0.103011715838491 0.119240002928973
"ufb7" 0.775940138603634 0.22063451550465 0.484317930753783 0.165705973086214 0.101273118552382 0.136153625559172
"ufb8" 0.734545776663305 0.178833054124121 0.378735482014289 0.124323157748073 0.0832587637677735 0.10722268893537
"ufb9" 0.651031956076903 0.170469544672972 0.196301383879642 0.111457757711815 0.0599196085230115 0.123451347980304
"ufb10" 0.630699892209443 0.157632776631745 0.226983112402251 0.104136134849814 0.0575362838591769 0.106672877977706
"ufb11" 0.611393514460999 0.16970612311899 0.466261528659018 0.119612048401136 0.0635712131983336 0.0643763841029819
"ufb12" 0.821155943293348 0.185008052216579 0.773516387089305 0.149226200438449 0.0717551308000769 0.0554597314195656
"ufb13" 0.641484445824397 0.165530627430263 0.196177925285795 0.109155699642984 0.0652730874258843 0.116740297538517
"ufb14" 0.727261756678982 0.192751941554658 0.403879531685574 0.131789093981413 0.0832320906344633 0.12847346878515
"ufb15" 0.710833276964819 0.187370675206503 0.357250629342151 0.127623867969551 0.0812617907640837 0.127038161273292
"ufb16" 0.690358272951217 0.185872476593716 0.277230836313864 0.125372051210625 0.0800506174194622 0.13200482860175
"ufb17" 0.692250594808104 0.18913910904982 0.285100930052304 0.126995826967645 0.0825889548268591 0.137961921945187
"ufb18" 0.78636395684975 0.196445490416283 0.738050780624471 0.161116088855176 0.0746421517581845 0.0687152255117498
"ufb19" 0.652647095868301 0.172447054132137 0.154233103509871 0.111627027639333 0.0549563535902482 0.126793882183812
"ufb20" 0.637732979494028 0.162060471818235 0.184017957913301 0.107123802740322 0.0532716802134147 0.114601878310848
"ufb21" 0.723556220665261 0.198631275181494 0.678508555699083 0.161804719462742 0.0738885075128424 0.0712484551158046
"ufb22" 0.718850610577673 0.183338218296189 0.451769585013759 0.131349576048057 0.0727646399656803 0.0950296964871611
"ufb23" 0.702478587385985 0.204417672949908 0.184049724301957 0.132461030582542 0.0637896470133335 0.164079439253562
"ufb24" 0.628159971807085 0.158480766338116 0.177450833616279 0.105759361228274 0.0609229608323503 0.10932019001308
"ufb25" 0.601499583449042 0.141691104601467 0.726011803998278 0.111054899508901 0.0496285189341307 0.00525727059067093
"ufb26" 0.62683869359262 0.145606672076365 0.590209637530188 0.108972859815337 0.0628832184332848 0.0370355396136041
"ufb27" 0.696149658228908 0.187080143591639 0.336587118707347 0.128854869436391 0.079858473807243 0.126743780376674
"ufb28" 0.585838742740007 0.156446028745042 0.698418042544452 0.120798758773259 0.0565782752461447 0.0224439159481148
"ufb29" 0.683112241807499 0.160285006913133 0.664462698284753 0.123932931640302 0.0746878488126503 0.0536566437753191
"ufb30" 0.717973136280487 0.218315737404623 0.107092783345632 0.141126140185191 0.0575227187935846 0.178990898003235
"ufb31" 0.680564674983585 0.177848156890481 0.65036447308505 0.137151898843367 0.0621714855878628 0.0458387291547677
"ufb32" 0.764943989456839 0.154525904095969 0.843177382123115 0.128092103879774 0.0615372754892949 0.0202187713849913
"ufb33" 0.680120319397485 0.193621121473932 0.164755890130992 0.131079683124319 0.0671132329141929 0.137284414518217
"ufb34" 0.667107388366917 0.185184303497205 0.174434913825272 0.12522927037336 0.0595065287469095 0.1312625470516
"ufb35" 0.609858367499068 0.14234774191235 0.71079605300182 0.114035115711512 0.0488471669982142 0.0052249830193142
"ufb36" 0.751604931257812 0.18051244787918 0.582789265658907 0.136170040492979 0.0839854799191941 0.0918983655381326
"ufb37" 0.668079506086822 0.163155626891963 0.439057002866436 0.116887228023464 0.0752631671543201 0.090488283045528
"ufb38" 0.737592137592138 0.191379385411926 0.431643557535205 0.137972463381804 0.0777148231672103 0.103453794783596
"ufb39" 0.658552894159846 0.173515241531957 0.177557698406755 0.11003790621354 0.0497096055212752 0.129857224478183
"ufb40" 0.647109294131482 0.176889538843919 0.175460314833582 0.114672235573124 0.0564718937875373 0.131411224034915
"ufb41" 0.816747572815534 0.185849881990745 0.785436577242499 0.150387908158475 0.0733342871997024 0.0564353755632319
"ufb42" 0.779008623711702 0.19738119163266 0.737814542470305 0.160704424722985 0.0756747731185367 0.0697996625796641
"ufb43" 0.672153136097603 0.196735277304596 0.176871629466042 0.129953513389939 0.069378016107377 0.143571301606604
"ufb44" 0.696324613571278 0.201390218446129 0.177882417652754 0.12836712181191 0.0705314984173251 0.160444038715819
"ufb45" 0.634286932836198 0.161628190946649 0.198322548980839 0.106398626163809 0.0633870690447728 0.110861863625034
"ufb46" 0.518049542658117 0.142465898431729 0.323152757123331 0.0921886701469313 0.049599732896977 0.0493221464834267
"ufb47" 0.635110560904632 0.159550562965837 0.225594668820992 0.105905270480671 0.0604127490996527 0.106530003675094
"ufb48" 0.753549110270422 0.215629545227859 0.378080500008992 0.152258982223787 0.085998024289387 0.147544350367979
"ufb49" 0.53986498814085 0.137869141782641 0.386027312686114 0.0950439822091113 0.0517709425710967 0.0442305462795103
"ufb50" 0.748679526926168 0.182031803901136 0.523090519989504 0.135426889884564 0.0830014463917541 0.0935820148910686
"ufb51" 0.638873202690664 0.165912360459276 0.159667379710829 0.108483856109658 0.0614891634386455 0.1186358603103
"ufb52" 0.713850897981327 0.169276354610603 0.486699471821528 0.120837861857747 0.0819792946261789 0.10304402685661
"ufb53" 0.700745231004066 0.17058422418084 0.408368759546898 0.120938517254301 0.0787270647760091 0.109022139954904
"ufb54" 0.67639286158438 0.169933685511541 0.316742916185787 0.116221016699824 0.0790734275622821 0.103481931212482
"ufb55" 0.677977131956099 0.186884345268529 0.159845261423923 0.117747307418229 0.0518123255952602 0.144621194575256
"ufb56" 0.737215151284201 0.193867355399478 0.451545784403137 0.137910484420015 0.0911556880683329 0.116648210561276
"ufb57" 0.676367674481949 0.162264514135862 0.37246456941105 0.109174919545473 0.0661385016460686 0.0814026217552504
"ufb58" 0.66422802012885 0.16758790871412 0.281287026579235 0.112829578283318 0.0726654104353083 0.105590809677235
"ufb59" 0.573583145997035 0.149308759141377 0.262463760677249 0.099565659967778 0.059376715130712 0.0754129178842357
"ufb60" 0.573777304208844 0.14318934015798 0.250730824646328 0.0958419920393836 0.0585449433203173 0.0748443469344392
"ufb61" 0.739855608107733 0.213856965473815 0.338488498881838 0.152133402147645 0.0876995154741525 0.145378254963721
"ufb62" 0.701097977332557 0.187704069682467 0.332615989308092 0.129133479036436 0.0827048779747718 0.1273963081502
"ufb63" 0.672828936807748 0.171157337843375 0.518422980222277 0.128557915389889 0.0672517442142577 0.0653971738003627
"ufb64" 0.60895494716025 0.156704558437551 0.446067424642352 0.109491189767211 0.0552031508517989 0.0497421487483323
"ufb65" 0.725376568316559 0.209550713052175 0.302250583471672 0.14564496405166 0.0798335047976299 0.146362056644735
"ufb66" 0.712096275952298 0.213075487624855 0.105792969657845 0.138125843973362 0.0559237618961173 0.17315007983959
"ufb67" 0.58248031496063 0.140364112255728 0.702112697851305 0.107601829067882 0.0481628111331235 0.00371934409942402
"ufb68" 0.69128293500275 0.184909089665958 0.343481602278694 0.12541036080177 0.075207997454057 0.128106917806921
"ufb69" 0.676675651979256 0.174434693098061 0.331677769357907 0.116029239177871 0.0714316187467895 0.122419300606449
"ufb70" 0.705719648325595 0.169903677267831 0.687314632712492 0.127870094942755 0.0569477661356059 0.0347070424219699
"ufb71" 0.560135199937224 0.13661469437113 0.166520256485045 0.0875179967564089 0.0508992264185735 0.0794718364396342
"ufb72" 0.556994992492933 0.137755242961033 0.213574340750915 0.0902891383512472 0.0560131687734714 0.0737380161834124
"ufb73" 0.543635965123303 0.136311119831915 0.227855929869663 0.0880600690220773 0.0544415966077258 0.0675159983594892
"ufb74" 0.678537338897471 0.184224736937227 0.295634042292304 0.121099597798711 0.0737019171718761 0.132788768853408
"ufb75" 0.596350877192982 0.148919145644536 0.248047854871109 0.0979368871712524 0.0618728122553856 0.0858058287019199
"ufb76" 0.584729881385147 0.146746173530347 0.259755156202055 0.0962057905914809 0.0587283594733686 0.0787822318996894
"ufb77" 0.715106737043158 0.172328759382584 0.418336311154545 0.117955383705876 0.0792957943654091 0.106164882082634
"ufb78" 0.723979761821746 0.17070627087652 0.486752736989031 0.120035600160741 0.0820574190991011 0.0987130162775073
"ufb79" 0.670808604307727 0.195745825916258 0.0939251198556195 0.126846920093781 0.0621509729304158 0.151372039966356
"ufb80" 0.745712959594566 0.192883957749518 0.416034564458581 0.138552727440203 0.0895183994242855 0.122864922114759
"ufb81" 0.708675226595684 0.208049351992302 0.177918211513757 0.135056333473983 0.0673569245809188 0.16788974321247
"ufb82" 0.748650512805134 0.17308590298508 0.570864638421576 0.129201195814772 0.0776153407703637 0.0836687621240438
"ufb83" 0.705576777665393 0.166146519729339 0.505623894011192 0.122122112866639 0.0821998976981857 0.0859237406075154
"ufb84" 0.696203000898972 0.166072127171563 0.505529517407403 0.122648957097271 0.0754900546809954 0.0861904878062895
"ufb85" 0.751747180437415 0.191683709687175 0.487543466725752 0.13657849139348 0.0756844016426421 0.10427761532733
"ufb86" 0.695675379272528 0.183883533271389 0.360629422082284 0.127703944842427 0.0788790412139756 0.123381781708617
"ufb87" 0.584823361999629 0.16312053437402 0.435678054033906 0.1147799494097 0.0594160202271665 0.0565366739670612
"ufb88" 0.652647564904028 0.156358981818088 0.330640315773864 0.106882772612227 0.0744730253254021 0.0975906411918703
"ufb89" 0.645813273381134 0.152495425373902 0.354268911684575 0.103466591702131 0.0702813763042496 0.0896953944969577
"ufb90" 0.720014680808559 0.191957493368971 0.357301901968063 0.133330532057427 0.0852657032034797 0.127445502199084
"ufb91" 0.751296542553191 0.158567806808767 0.713925834018767 0.123864413887507 0.0775954314856034 0.0520623553058203
"ufb92" 0.540621505699361 0.135401377232594 0.20169367717348 0.0862893742953464 0.0506053059381794 0.0712093880630756
"ufb93" 0.545152669945131 0.139062303993255 0.225569141330829 0.0904248816314452 0.0550770524088419 0.0703881105485547
"ufb94" 0.737607503167985 0.231482782479701 0.131638719333011 0.148778603590418 0.0706747475941385 0.193198207358929
"ufb95" 0.665946918578498 0.173336115130012 0.65832586323754 0.1329576616613 0.0580232846793662 0.0404362938584241
"ufb96" 0.66143181033598 0.188762488139295 0.199574290192236 0.123031476981378 0.0682122595701424 0.139597222681127
"ufb97" 0.609272547587333 0.155270777166299 0.154596911129108 0.101044256773762 0.0538842073531096 0.104090298311069
"ufb98" 0.596679581862345 0.147416878733722 0.184420967840169 0.0972063470615889 0.0522293235992459 0.0936489713442471
"ufb99" 0.709256033839263 0.173118596880309 0.40616361627148 0.118839572600059 0.0777343867015447 0.111726595894825
"ufb100" 0.725415461798418 0.182724360789084 0.352230623422214 0.123588407843454 0.0798771534883756 0.111430322995141
"ufb101" 0.735019171388823 0.194025334002442 0.475398820034299 0.138494441096654 0.095661524196611 0.116821321875594
"ufb102" 0.719981379583439 0.217054489578745 0.154329081782689 0.141721561511883 0.0635506699863568 0.177686535396499
"ufb103" 0.650907463522031 0.175727345200852 0.166328975930973 0.111722034041043 0.0510350848167732 0.131294998025047
"ufb104" 0.641685767320222 0.172468748265811 0.178335420540839 0.109187738121042 0.0505556493634462 0.126818873835574
"ufb105" 0.695582296216929 0.186493363953783 0.324626701053769 0.126628368281005 0.0831432346986216 0.132712574322046
"ufb106" 0.664244361459659 0.191902101926037 0.158521663677226 0.126795425273442 0.0638427239209621 0.144618515542121
"ufb107" 0.669845570150642 0.192009062575116 0.135026711747332 0.126276454495975 0.0651769469261127 0.147398859967815
"ufb108" 0.653537405021756 0.17125971688959 0.189653883315596 0.112964842535181 0.0579520405481594 0.125541043740931
"ufb109" 0.649157667386609 0.174932531235775 0.488116843009681 0.127465110921792 0.0684390412382637 0.0700479363360789
"ufb110" 0.716446490056918 0.166122118384784 0.533855350778156 0.120420197995319 0.072405262425094 0.0757502699444018
"ufb111" 0.593876891640542 0.150324237450175 0.259200953800237 0.100693534390947 0.063542994669456 0.0873137198591887
"ufb112" 0.692904904760184 0.188037241000495 0.284204827826161 0.120720607149329 0.0776126051411308 0.140574697883231
"ufb113" 0.701028537261718 0.193615814241428 0.164886710176838 0.131278454383813 0.0776021894991948 0.144724666737585
"ufb114" 0.700207971282869 0.169158310298925 0.456246177787124 0.121848548022166 0.0750201350877576 0.0892252873696952
"ufb115" 0.689476468912374 0.166283539742652 0.452442101838089 0.118543304802325 0.0797880572539747 0.0937573592458203
"ufb116" 0.648030464285055 0.173024128592014 0.200937815463776 0.113396830619609 0.0699108726247412 0.127433717192661
"ufb117" 0.792852876766872 0.172834630797802 0.762297094822837 0.137277712380319 0.0620416317948155 0.0395422061685733
"ufb118" 0.717968493436962 0.183797492614078 0.287348622155516 0.124071584051501 0.0787240081687916 0.118472126742423
"ufb119" 0.624980422220574 0.162809836902798 0.189655345556482 0.104677092441281 0.0461252704540493 0.115396087107219
"ufb120" 0.596749854561455 0.146229584019285 0.22413667457979 0.0972530513773193 0.0625440237445233 0.089786532127945
"ufb121" 0.619664848450768 0.176818427713259 0.465507736528285 0.127680531739836 0.0726823204626513 0.0724673263033731
"ufb122" 0.717602689930934 0.170755638854999 0.516730077985726 0.123794512539141 0.090321380645226 0.0986400848536084
"ufb123" 0.709294875397637 0.171609723270236 0.444331438765557 0.122086487160187 0.0847290963860565 0.105468844173608
"ufb124" 0.72233909220624 0.222864736221128 0.0955406440731657 0.145025615061502 0.0672480431404333 0.184147343653469
"ufb125" 0.701621420140399 0.170229459391129 0.403576341699322 0.119176441688749 0.0788266327010275 0.108714117111852
"ufb126" 0.56497308807003 0.152028970124636 0.286063877770788 0.103702182842899 0.0571798735909159 0.0705907783838837
"ufb127" 0.708725190676608 0.210172324877665 0.166084665870711 0.136340113426579 0.0617486930084769 0.17012037149371
"ufb128" 0.688289244347891 0.197329656030499 0.16608658454687 0.127071672874101 0.0592867139842733 0.156175283860881
"ufb129" 0.665227248191731 0.141363276928106 0.7497347326235 0.108110892335182 0.0494324868101081 0.00487733255633008
"ufb130" 0.706626510460005 0.188256882435674 0.381775434442035 0.129186799927258 0.082663770955665 0.128079343525656
"ufb131" 0.736871112510826 0.187016667321907 0.66646957907289 0.14599436204037 0.0647935096889636 0.0577876290831207
"ufb132" 0.555504964882538 0.154476701103321 0.268694040375639 0.106685729918445 0.0553995740878509 0.0730987986483986
"ufb133" 0.686306774736198 0.181818065329614 0.331605254650127 0.118749957534422 0.0763314034399089 0.132313556892796
"ufb134" 0.667079532406947 0.182099399550348 0.212789547560052 0.116195451232203 0.0659490399371464 0.138895232086326
"ufb135" 0.669959091398428 0.185790954577686 0.166298455708051 0.119214365185195 0.053225254532902 0.142767058976785
"ufb136" 0.642254793695412 0.150319460160821 0.491980618479769 0.108333333832704 0.0656760405939767 0.0576620498613106
"ufb137" 0.660219343681241 0.189705468059604 0.109875742419868 0.126267693005457 0.0627943759519794 0.142270128291195
"ufb138" 0.663685963540931 0.191441094873562 0.12702471729732 0.125895975061477 0.0617833114504564 0.145543777104109
"ufb139" 0.801267172699329 0.216743373185706 0.731399969566714 0.173130874558626 0.0841403393760856 0.0915566933715224
"ufb140" 0.722946334817941 0.219108618531838 0.154329081782689 0.143327638510784 0.0632500059275717 0.179843949767841
"ufb141" 0.717880338939309 0.181661256429287 0.46369421225109 0.131148540660304 0.070077329869719 0.0931713988128127
"ufb142" 0.588296446256121 0.174149870867545 0.416403656985824 0.129606416257989 0.0687495867425473 0.0690888606361743
"ufb143" 0.691068673275928 0.194289003103066 0.154311021596205 0.124001726444646 0.0533891029061135 0.152978731113362
"ufb144" 0.757990141516934 0.186468376141612 0.702171423691889 0.145876089515341 0.0661412649979544 0.0571521834200019
"ufb145" 0.637537108997876 0.168991953604869 0.166359080337419 0.107632687805761 0.0495882114629606 0.123150285524109
"ufb146" 0.721492320612643 0.187267230081904 0.445315645243842 0.135538943316913 0.0778084920558975 0.0991311960497902
"ufb147" 0.69238788406667 0.197210198872656 0.191666858549093 0.127304395502231 0.0642661335111824 0.15604993517513
"ufb148" 0.661402223663399 0.187228595814519 0.146280807356182 0.124020220440225 0.0633707127365536 0.141129133220023
"ufb149" 0.726015851536826 0.168557844930018 0.54631370431991 0.12293388118344 0.0834887320461875 0.0963780796042
"ufb150" 0.7521107903435 0.201567687290159 0.463472302218718 0.144249793188338 0.0946152649473047 0.125086154366759
"ufb151" 0.593128590761232 0.146219452227418 0.250490675080681 0.0979975428679214 0.0628579846064535 0.0867035769357615
"ufb152" 0.560170416025714 0.139647168483945 0.172231288327728 0.0904460476625488 0.0564651253331597 0.0795366297252023
"ufb153" 0.685931240841821 0.185130346404971 0.294960318393616 0.1243529126861 0.0776365718802645 0.131213594548288
"ufb154" 0.662497518364106 0.159426570687907 0.698614653555199 0.123826950073129 0.0545902115186219 0.025034401143039
"ufb155" 0.70848576142314 0.16294957893834 0.554918544472 0.11800800942267 0.0680714092852376 0.054857516581099
"ufb156" 0.726871331758986 0.172296994896985 0.492505332416202 0.122092668630501 0.0813405564698681 0.100185447973621
"ufb157" 0.686016629245536 0.19743937918033 0.128969837311149 0.129496901642161 0.0631481540555976 0.154994617064167
"ufb158" 0.684215774254662 0.156348471304521 0.737992054783887 0.124687349311933 0.0551227357100171 0.0222445219617274
"ufb159" 0.699874708658721 0.193967870638202 0.273077100172881 0.129323529689305 0.0790492792631002 0.145124362104649
"ufb160" 0.730603711316048 0.219106870175039 0.236870244657275 0.143005089869676 0.0797193677638468 0.177836436478973
"ufb161" 0.738339355435986 0.225639775192299 0.213495463885771 0.145316960222717 0.08398744082512 0.185386650719138
"ufb162" 0.71311706629055 0.15025407022431 0.666502554306157 0.116179467190763 0.0665622512262233 0.0418770713743818
"ufb163" 0.702239806456966 0.173625560284144 0.396177080110548 0.121448135079064 0.0870982028191527 0.112289214457222
"ufb164" 0.68159033010566 0.193096451036399 0.154482171907976 0.123051466439996 0.0588740503159628 0.151157447756425
"ufb165" 0.649274576233854 0.174334061013419 0.189595870275867 0.112155581303662 0.0621002788783634 0.129853160135815
"ufb166" 0.566778127458694 0.145976662984814 0.662454990698298 0.114446317153523 0.0493312990173307 0.00783617085141669
"ufb167" 0.706837394187318 0.203221290691452 0.328025166829506 0.140250623929207 0.0866064624186736 0.133816136439551
"ufb168" 0.671400914744815 0.193581566755208 0.199022951012954 0.127564977511845 0.0698325620745193 0.140208863117012
"ufb169" 0.709353600332019 0.195161755279615 0.493622828718242 0.145326637328568 0.0775877093725272 0.092999488471569
"ufb170" 0.683723808427354 0.190955248918441 0.234332892374792 0.130657519920508 0.0661321235339602 0.134423388493332
"ufb171" 0.642083843222265 0.166159971397291 0.177544489091368 0.105635494487229 0.0572513935889022 0.121236874209181
"ufb172" 0.588857221660384 0.145115405062818 0.189719958775001 0.0965010275113104 0.0586461137574067 0.0886016189833587
"ufb173" 0.618494116188187 0.161775297479032 0.20150332901233 0.104398196980343 0.0535791453413378 0.112809845272694
"ufb174" 0.611418315416553 0.160496010356215 0.236395023454574 0.103311165352308 0.0543287081930025 0.107591460574763
"ufb175" 0.640151632422094 0.164202327388632 0.189581033480746 0.108963966649935 0.0603825884072549 0.116828901719019
"ufb176" 0.630127705964803 0.159074692229277 0.203130592444848 0.104245536980884 0.0587617652670881 0.109933455710975
"ufb177" 0.755656689588267 0.191856758437131 0.499392484480336 0.139551060468196 0.0799620056235749 0.104469376449595
"ufb178" 0.684736996362257 0.177133396563741 0.367481513004137 0.115869913036509 0.0830854197968734 0.119789351092429
"ufb179" 0.678802076738002 0.174523500105243 0.355562808701841 0.113519099365241 0.0764683451111544 0.120012537985403
"ufb180" 0.679759282144968 0.176492387321341 0.311936809246364 0.115438966536696 0.075939204186851 0.12456888191436
"ufb181" 0.656428520108364 0.175808286223974 0.201001455447666 0.114999805084943 0.0609276591241002 0.131404991599657
"ufb182" 0.551471092047744 0.138867019467844 0.172231288327728 0.0882065784309293 0.0508285270886506 0.0787019737952493
"ufb183" 0.57328394721264 0.140281001041591 0.201681241600923 0.0907101286626943 0.0469168497943836 0.0860630715940641
"ufb184" 0.752040196565623 0.217301264185946 0.338488498881838 0.152455542160618 0.0902114578218303 0.149361178451888
"ufb185" 0.550448833034111 0.139568847167963 0.236210204056621 0.0900931875809813 0.0536314044172866 0.0709350590210324
"ufb186" 0.715319703042295 0.168680292899071 0.564445126458474 0.125181811472504 0.0796873541849385 0.078326370998143
"ufb187" 0.721745725594198 0.216528103337722 0.18403076468997 0.141649290654745 0.0640270903085096 0.177137764857987
"ufb188" 0.605119417371747 0.145701749137763 0.691244611249327 0.112940491472662 0.049770565116434 0.00835953118553633
"ufb189" 0.731839224042913 0.169057049581096 0.570940247904323 0.12660083029284 0.0754701290397546 0.0792042545769833
"ufb190" 0.697100425320862 0.182227862408365 0.344424309891242 0.12526789649828 0.0690173527555684 0.117111392287544
"ufb191" 0.60907804286292 0.151642527783101 0.691244611249327 0.119099907058733 0.0527300169341753 0.0152553857832015
"ufb192" 0.687396171903214 0.167203018202793 0.481476444548022 0.12422741453918 0.07314123923055 0.0872536072779796
"ufb193" 0.815763392624276 0.198767797390657 0.674502894639695 0.158750078094488 0.0890680342671295 0.0973507156719714
"ufb194" 0.658820930654649 0.180863250873148 0.184089468822096 0.116222893646004 0.0705515233412136 0.136705949796607
"ufb195" 0.680105096859767 0.196277254114875 0.326647910860091 0.134969644000915 0.0777241882587765 0.118806249928305
"ufb196" 0.718091432423219 0.21790277343716 0.130110864568579 0.141352891563473 0.065318794077065 0.178985420519039
"ufb197" 0.723273000140818 0.221760669615775 0.13167325211281 0.144048592154805 0.067037279083687 0.182991751497277
"ufb198" 0.717309132078228 0.182334163326711 0.405666891553979 0.134556520984882 0.0788442725692959 0.103802329543951
"ufb199" 0.728151054832005 0.221171481991428 0.177949267277165 0.14393749320305 0.0648468323720704 0.182010537832886
"ufb200" 0.674395851677918 0.150491848452653 0.737814542470305 0.118445877174762 0.053903673520935 0.0154569504568524
"ufb201" 0.756336790758055 0.198079238898769 0.499316874997589 0.146904249016091 0.090495922241771 0.111364715692999
"ufb202" 0.66911889926119 0.178892757626473 0.184068757750012 0.114511192259272 0.0512468105032038 0.136222830806384
"ufb203" 0.707559750688067 0.16833151385861 0.530181950522244 0.122785026316018 0.0757690762587462 0.0886663002999347
"ufb204" 0.614657893329054 0.152351447758513 0.29545758563834 0.103742136151361 0.0596101040666063 0.0932630254959401
"ufb205" 0.575964146880331 0.149438549891138 0.259364921811081 0.0996935092066525 0.0567242803618486 0.0756836750884949
"ufb206" 0.574707117486607 0.154317776189891 0.318697468759588 0.108078961246953 0.057361121815677 0.0732786112801416
"ufb207" 0.787847685517808 0.175697083249366 0.636750173880872 0.133911189750872 0.0807355407967279 0.0694876295206058
"ufb208" 0.690650102545365 0.199227988024449 0.16608658454687 0.128407708101707 0.0625227862490771 0.158170946797687
"ufb209" 0.671706067488605 0.188145316531671 0.166085032194619 0.120682297126588 0.0596656021322334 0.145947707090991
"ufb210" 0.625599885395029 0.164003337013043 0.179822110053653 0.104215976468406 0.0494468050768063 0.116643080502834
"ufb211" 0.691959567491396 0.178801405257273 0.511377583424449 0.130715252201666 0.0671720581830207 0.0748570496521609
"ufb212" 0.645625519534497 0.158704180278908 0.291200104948151 0.105263441756477 0.0663501975808462 0.0913534371766732
"ufb213" 0.726534018358955 0.223206959668079 0.16607944739524 0.145480882426326 0.0649264101116301 0.184148363106971
"ufb214" 0.725381917852392 0.207913297460806 0.350090834186461 0.147851782087212 0.0853769250817163 0.13156389393489
"ufb215" 0.652063397129187 0.171313426110367 0.63384752951091 0.132224117451937 0.0581995398749055 0.0395882545839352
"ufb216" 0.680986934632396 0.179321120632532 0.282479548622358 0.117080330070404 0.0733146267961743 0.129618412746853
"ufb217" 0.803825956489122 0.175433389558683 0.779100704137194 0.13748253632606 0.0627988610492527 0.0417041841092114
"ufb218" 0.678846871691732 0.175677901394379 0.319720147635579 0.114436150279419 0.0679934307407086 0.125801879258156
"ufb219" 0.658643864369372 0.174879436682209 0.154259154199175 0.114308551309755 0.0521724696379824 0.130399565430302
"ufb220" 0.655005884389062 0.177560343947986 0.166328975930973 0.113215436620811 0.0520959326036592 0.133226804413356
"ufb221" 0.516232864738125 0.13401123177 0.286676006600461 0.085269800694997 0.0478004460522311 0.0507694843143652
"ufb222" 0.658513514038114 0.176687365636349 0.159811602551746 0.111460936399577 0.0584232460218532 0.133180879996056
"ufb223" 0.720730517500711 0.171611736382026 0.384374496170699 0.118968083534421 0.0756163457342569 0.0916855372143917
"ufb224" 0.572624671173592 0.168709506055494 0.415180534564725 0.122842920679694 0.060765414502876 0.063269787065313
"ufb225" 0.704863738661268 0.178114586957528 0.419234353717577 0.122411908127349 0.0753306201307556 0.0990432230860794
"ufb226" 0.643803395695901 0.166124089801856 0.494402376759787 0.123602415445689 0.0656057864033116 0.0597216842782291
"ufb227" 0.705000343902607 0.160432127084357 0.571093226641608 0.119255450989005 0.0828140223292412 0.069646688759021
"ufb228" 0.592327042631235 0.152706668011472 0.306635065355318 0.103474098006675 0.0592761111777704 0.0851311028756684
"ufb229" 0.760913621605972 0.174538143976941 0.489818155787255 0.124801378698579 0.0835888159833892 0.0948609560192358
"ufb230" 0.62090558109712 0.172513506988618 0.380983195732617 0.125849322224846 0.0607908738823302 0.08303447092755
"ufb231" 0.733005798256097 0.189672423414355 0.432126697911573 0.139621023686675 0.0874327638413668 0.111982631688003
"ufb232" 0.615126811594203 0.169408215201557 0.585166088725829 0.126554934846904 0.0516469879764618 0.0355167210887097
"ufb233" 0.722954031650339 0.171312673791069 0.544719484041975 0.126938091969495 0.0729104820185412 0.0658981292438163
"ufb234" 0.680944275369422 0.190018202096618 0.210948262255555 0.121663316627322 0.0688742513973322 0.147926423753225
"ufb235" 0.733928726766608 0.190107538225438 0.319727652737496 0.132544153322388 0.0859910005898201 0.125427503799951
"ufb236" 0.558005355394087 0.136687307205395 0.201697495348705 0.0889601665158409 0.0513831216665295 0.0764492414757242
"ufb237" 0.547278852498871 0.143478997611071 0.250331263359706 0.0921794628086193 0.0520754206309268 0.0692073511721866
"ufb238" 0.667823399168236 0.19002247898323 0.114263800326074 0.125603895686105 0.060843473389055 0.145288594714666
"ufb239" 0.60986755320679 0.159923190328833 0.215770033788015 0.103039076358665 0.0547150135627936 0.10910472222121
"ufb240" 0.699732085325737 0.166489784540894 0.456615370073735 0.119729555074739 0.0782738211125329 0.0999401159425142
"ufb241" 0.695224276000331 0.200641391914853 0.154461322014396 0.129142566936043 0.0634389982769807 0.159657833440084
"ufb242" 0.659402443824514 0.190425967116609 0.130897982383607 0.126003332993169 0.0633490843598473 0.139325061480362
"ufb243" 0.691484373096879 0.184308676360562 0.324364923387669 0.125560088035777 0.0804166456875219 0.12739239162066
"ufb244" 0.692963897181576 0.209218661579988 0.130908427500773 0.134501922156303 0.0651053168624778 0.169686941613905
"ufb245" 0.699158810323215 0.209323643810552 0.130401668431467 0.136371031251431 0.051986021040568 0.169979366208893
"ufb246" 0.623253705475438 0.154983540820275 0.226952560322782 0.103671559626564 0.0623454582849301 0.101689835409568
"ufb247" 0.640432029939597 0.165024330254577 0.198484515653208 0.107077376807099 0.0585872375414065 0.116230773330048
"ufb248" 0.406941950927588 0.147735577460363 0.535585060333747 0.10565188926896 0.0423418063790223 0.0122625520944898
"ufb249" 0.636229284740656 0.15353367221185 0.286390156676089 0.102116940502223 0.0657602890955853 0.0945276612004059
"ufb250" 0.604664084328169 0.154985609780091 0.368700560915304 0.106518369436383 0.0561658690072317 0.0635679448270807
"ufb251" 0.532741076162981 0.135916232580632 0.189442016937518 0.0861311070095245 0.0493493795288919 0.0716671317429844
"ufb252" 0.531301603227357 0.142644597357286 0.257457751606334 0.09288582637308 0.0514862573046726 0.0680354443507324
"ufb253" 0.555651870672047 0.138955837051538 0.212339734463424 0.0878354333788404 0.0468915118526804 0.0788572361154134
"ufb254" 0.661743510967538 0.190934913352901 0.248703702014061 0.128342712298227 0.068098983773283 0.126441377406861
"ufb255" 0.661177828266436 0.190117051772046 0.236823119502162 0.125726418702781 0.0652534150477406 0.130023975442137
"ufb256" 0.613452115267708 0.16094237358821 0.21349868579258 0.103277740415812 0.0513526827190746 0.110153763314588
"ufb257" 0.74428748989825 0.196449629187008 0.358357171446103 0.137193084595686 0.091801431893649 0.132279832948513
"ufb258" 0.637796096226784 0.161784187287127 0.177544489091368 0.102930261004662 0.0465528360348982 0.116625344910358
"ufb259" 0.582443456921138 0.146606985775861 0.458251050458198 0.103265518531669 0.0505275610522275 0.0383638141488038
"ufb260" 0.634335843859977 0.149633230602556 0.489295844112098 0.104132299475051 0.0651389329732765 0.0574160132077854
"ufb261" 0.62816412318377 0.153165486791332 0.520660997549648 0.107067889794967 0.0577069874481978 0.0457449641489769
"ufb262" 0.653884131634751 0.158049371820489 0.407662378776704 0.107092135780267 0.0643328992296332 0.0664767144867581
"ufb263" 0.698575193592145 0.208648787047168 0.0946998287162146 0.135493786319546 0.0648958656720967 0.169224860061821
"ufb264" 0.703401268727224 0.149013315574545 0.678361581700947 0.11463393432381 0.0666314980666517 0.041298491039504
"ufb265" 0.702661848003614 0.153892886526256 0.606789739099063 0.114865466789347 0.0744283958691929 0.0624003370315511
"ufb266" 0.735779264716939 0.172941719579189 0.530399851717798 0.129955516606391 0.0794113866645561 0.0830113041555157
"ufb267" 0.684980773235938 0.166766990853616 0.440394308778834 0.117903273317604 0.0797452124698052 0.100243856133111
"ufb268" 0.648911609498681 0.147373667411119 0.599872160328361 0.110673763968706 0.0634094196925015 0.038629300620452
"ufb269" 0.648444662686511 0.175216941524421 0.191296364094472 0.111870327748662 0.0679226609071287 0.129734735291037
"ufb270" 0.73127793145819 0.223845432216357 0.178357322514331 0.147083465739762 0.0714043084892026 0.184484975034344
"ufb271" 0.694624161189206 0.204054085090841 0.105681928836987 0.132577642464615 0.061759801863873 0.162650113633331
"ufb272" 0.658653771932683 0.188542826554027 0.142612202819419 0.125378571001766 0.0641167946815027 0.141059973608103
"ufb273" 0.658664425976801 0.187370841773473 0.111321958058793 0.124590704047425 0.0609363895683934 0.141239934751703
"ufb274" 0.666203430733013 0.191312823712152 0.147502758361915 0.126331400105143 0.0620643246472507 0.146632990408581
"ufb275" 0.732807075182696 0.189118580243162 0.418421982380773 0.14091256681706 0.0854022244729031 0.111225036172883
"ufb276" 0.712777832174679 0.182710093414644 0.344750017161566 0.129931709809565 0.0822409632159868 0.111518423742817
"ufb277" 0.544170234197935 0.138292062764869 0.184618940878557 0.0887117204998605 0.0563977381263506 0.0742196171993556
"ufb278" 0.556658878504673 0.147425653412605 0.219610276797393 0.097858336711557 0.058715055296976 0.0732325595358652
"ufb279" 0.689520244005917 0.198794155712318 0.258287677270624 0.134373494278793 0.0780408963369345 0.142810037527876
"ufb280" 0.701138090077052 0.198397702365467 0.248720347827766 0.128146800677765 0.0753397680538523 0.152951546944505
"ufb281" 0.713189780395704 0.206317556277388 0.248708244961416 0.133364701481658 0.0775165966314747 0.162524182386991
"ufb282" 0.683371496672425 0.16597985130773 0.443926127628391 0.117269173635871 0.074979911454102 0.0934272525220732
"ufb283" 0.673890928275828 0.19642898527791 0.109814355288176 0.125872758782907 0.0626131017301837 0.15309212355859
"ufb284" 0.684032107422458 0.201943217015955 0.0984482366726069 0.129383853283616 0.0622445988593392 0.159738707748111
"ufb285" 0.723194400254534 0.169356865766213 0.578562422438064 0.128474094209256 0.0817133406755099 0.078832976133362
"ufb286" 0.686545128446287 0.161678250885721 0.509286152920168 0.114845793095253 0.074993351797374 0.0808798086186388
"ufb287" 0.663906262977326 0.181169367659532 0.184289923356263 0.116685480530656 0.0581818153610559 0.137917205320406
"ufb288" 0.7002219821114 0.183781391256373 0.356415711549003 0.124918031572835 0.0794779816498708 0.126828314278698
"ufb289" 0.713400882974094 0.204845434741138 0.23688790156849 0.133960531805326 0.0747929483963467 0.161973915698586
"ufb290" 0.733743317042379 0.227900935233578 0.143789140111521 0.148111581605228 0.0727256077561586 0.189436230003271
"ufb291" 0.759406702936871 0.198459882280567 0.523104891296623 0.143033034211378 0.10163353988039 0.12168065387644
"ufb292" 0.700845449362127 0.172236538524668 0.356840657226703 0.115555833374369 0.0796958986575436 0.110779048912599
"ufb293" 0.696643632096512 0.186873632225025 0.426827964657354 0.129159822850363 0.0887598918484328 0.116283910440601
"ufb294" 0.655822097706181 0.146468410829736 0.630184509213089 0.11221556461368 0.068387914042348 0.0376085871853889
"ufb295" 0.681288710914841 0.18621038326671 0.261842865458427 0.128686287612439 0.0863805252834797 0.121427375941676
