NaN 1 NaN NaN NaN
NaN 0.686999 NaN 1 NaN
1 NaN NaN NaN 0.9510455
NaN 0.7285037 0.8102039 0.8514449 NaN
0.5921387 1 0.9432169 0.9788587 0.9825935
1 0.9934089 NaN 1 1
NaN 0.5430394 0.8434079 0.8103539 0.7408939
0.5093714 0.5363665 0.4708851 0.9470451 0.9235414
0.9928426 0.4824677 0.5310145 1 0.4792
0.5571971 0.6087817 0.5234009 0.6810549 0.7228682
0.7294524 0.5065656 0.4991648 0.6083344 0.7140911
0.8431656 0.7272588 0.9679985 0.4900764 0.4035174
0.951336 0.3069747 0.9162081 0.5921509 0.5981889
0.4702672 0.8542387 0.8129459 0.7397417 0.9082683
0.9057928 0.6919095 0.5584624 0.540278 0.6557993
0.4709348 0.6600469 0.5615511 0.52284 0.8717526
0.4723636 0.5415709 0.4581183 0.4132798 0.3951523
0.389725 0.3961464 0.4342515 0.4642183 0.4015981
0.2998216 0.5123712 0.397281 0.5121875 0.4065482
0.4455095
