"quartet" "cluster" "phylo" "mutual" "shared" "clusterNorm"
"mb49" 0.732941337473514 0.245915533391079 0.132656690334165 0.166691462557822 0.0973792009992372 0.208253493349418
"mb50" 0.757528260947746 0.24903550946628 0.242475508938213 0.175872178553576 0.115038962458711 0.192923747985763
"mb51" 0.775145631067961 0.21513766810547 0.707239190369066 0.173723365608092 0.0820423980405564 0.0831141539405086
"mb52" 0.83948548204634 0.258859304939728 0.51830418903853 0.197324642649449 0.127553569323115 0.175189580659665
"mb53" 0.869963578420214 0.254975547584533 0.782945927593027 0.204222051213459 0.101457039757911 0.129751046535662
"mb54" 0.85857908847185 0.219665078361722 0.795126636080436 0.179014116325562 0.0863136520030462 0.0885055561522793
"mb55" 0.770760164295494 0.229927147389144 0.719387436029913 0.183048191484385 0.0904968297942393 0.100107605231136
"mb56" 0.734417408132921 0.219831645002552 0.570989547484137 0.170677613972764 0.0994996995767936 0.114834968867142
"mb57" 0.862315875613748 0.269295905943097 0.67990190255681 0.216286323368809 0.137921327470836 0.171177171233756
"mb58" 0.843589048522635 0.232759962168938 0.76805483194752 0.186579854777588 0.0928316652305686 0.102334747156276
"mb59" 0.742065261801716 0.252648489920932 0.108440585462918 0.172987255369993 0.110986186382018 0.215677579190047
"mb60" 0.760309220178309 0.246709668144455 0.337687377152248 0.182160506649887 0.118134107220276 0.161947459461255
"mb61" 0.74687781780285 0.257215961647432 0.122003542035225 0.176873758672293 0.0965036096824052 0.220705401874103
"mb62" 0.910795044897424 0.23061318096619 0.879381390999634 0.190930709200615 0.0953182726547016 0.101293827467495
"mb63" 0.844600164880462 0.184748085832267 0.843195808299524 0.149827057115791 0.0718502874537054 0.0477196784426778
"mb64" 0.669736394934764 0.203359754406604 0.157203908492283 0.140724143180431 0.0934414261264836 0.155342314239602
"mb65" 0.726311276261255 0.195924173351853 0.493542767917756 0.145979815942134 0.092785847828254 0.105447447269916
"mb66" 0.831430319094709 0.223175437679217 0.694760456300082 0.175961584182994 0.106537927664958 0.118887952248238
"mb67" 0.821177529100827 0.188279507067064 0.770852999565645 0.149397713188745 0.0960809073450614 0.079769046292605
"mb68" 0.709640221402214 0.217994895653474 0.253247263081292 0.156989650333921 0.0915091104379789 0.140967860011505
"mb69" 0.815162786867245 0.252261218575701 0.435414803714773 0.188403722603684 0.12247207137475 0.178413834674909
"mb70" 0.807903402854007 0.172211011087276 0.794948364699377 0.135693347114222 0.0640846979778269 0.0330753588623473
"mb71" 0.750227617602428 0.195085888401727 0.707076771817478 0.151340647395475 0.0724455708421466 0.058256355406153
"mb72" 0.714628527548474 0.203608779501527 0.431007028298589 0.147588107424544 0.0935836982507946 0.133245095917163
"mb73" 0.763611111111111 0.193936291992814 0.61210928958686 0.145313618413864 0.0857088258175404 0.0862610362198525
"mb74" 0.735898489955877 0.244485299157526 0.108447358999652 0.165196041414476 0.0949500473171773 0.207345444616005
"mb75" 0.69626477956156 0.196058734860086 0.375497463583545 0.141455269093545 0.0927162966584887 0.131257979472506
"mb76" 0.769510895310279 0.197584786712002 0.590568216202461 0.144908116675568 0.0969835809412923 0.106889455375852
"mb77" 0.756175345646671 0.248436917617751 0.291379839002826 0.180588939450525 0.122288731968004 0.187716805810226
"mb78" 0.69418439750727 0.216091027104724 0.14501803379511 0.143354573387804 0.0941867325001066 0.17425504353907
"mb79" 0.720499898010458 0.235745452740931 0.132652783902963 0.158396175797854 0.0909434326229472 0.197111739576295
"mb80" 0.7910020698892 0.24189976428177 0.554845601401684 0.194260829287968 0.0929080429497529 0.114477471691153
"mb81" 0.707719103392569 0.199320279561598 0.515381247313975 0.148988543513483 0.0833150462592426 0.0923642253018525
"mb82" 0.810592959080861 0.19127634736314 0.698431712712243 0.148610189712541 0.103088124464379 0.100276635680938
"mb83" 0.682160969978232 0.202761293885419 0.217059691149487 0.143567027443751 0.0848215648538683 0.132418691180764
"mb84" 0.786259250417761 0.192735655163278 0.626159877388123 0.145631529002907 0.105796213197576 0.113220599421807
"mb85" 0.841491413352925 0.165587122180175 0.87944081479332 0.137120760045876 0.0667553582611162 0.0253381196743193
"mb86" 0.660584340974996 0.197906674479257 0.421097886388057 0.145051832799181 0.0858930604540363 0.107210449412484
"mb87" 0.734281968645873 0.203101258506246 0.541774636098193 0.150151260572264 0.0860759344566441 0.0965721633522838
"mb88" 0.697059606080338 0.212818146422601 0.169515591929238 0.144082768912562 0.0908192511892452 0.165272641363981
"mb89" 0.851740367775832 0.250775928124416 0.75940731825067 0.202740743201719 0.0980727920894462 0.120559692813845
"mb90" 0.654122451570584 0.192229175177407 0.179505628251658 0.133208895193275 0.0809090043586588 0.141422895105677
"mb91" 0.836174139615677 0.247513821485957 0.708729946679907 0.200731881128569 0.0968646765906471 0.119611912249242
"mb92" 0.689119272913265 0.210734642715701 0.144994331068434 0.146215036038733 0.0958466575788143 0.166396299503022
"mb93" 0.807810690989185 0.193924171833639 0.703488210144805 0.148080024686544 0.0919643618449646 0.0861682875175439
"mb94" 0.807819962762082 0.186612891270715 0.795067212286749 0.149810492112264 0.0711685186998202 0.0498979223593209
"mb95" 0.752831503746297 0.187629805085027 0.654046137138871 0.140481903069121 0.0880484823139347 0.0784067637502683
"mb96" 0.738331559316112 0.249201116954014 0.108455037454409 0.168927371346268 0.0882110142285931 0.212439278124383
"mb97" 0.688280777551766 0.188864008396983 0.334335231988729 0.130852137561925 0.0873980450579613 0.132196854148756
"mb98" 0.696534234995773 0.190780946407693 0.325410508209139 0.130808809005659 0.0854370136684642 0.130348785819883
"mb99" 0.753516702630357 0.197850206556087 0.626291139476087 0.153524505058391 0.0907823691617685 0.0906191529427506
"mb100" 0.733019500487859 0.244154123373211 0.120551474727899 0.165446359451815 0.0955029068599432 0.206753005218382
"mb101" 0.764845525830879 0.19095028737114 0.512446922422791 0.139620225148889 0.0996620779277312 0.119222286511965
"mb102" 0.74955185659411 0.180281166645762 0.72269604688653 0.141020699213849 0.0641137211527749 0.0425019547362112
"mb103" 0.706565769959302 0.22526540243874 0.0963182850341148 0.151630993415009 0.0942750215792924 0.186119686553898
"mb104" 0.7799165318116 0.181948106938642 0.802263587899675 0.146387625787548 0.0717587257905087 0.0440458381238018
"mb105" 0.766487811060881 0.248718393637388 0.385908536962363 0.186602472405855 0.110817494056123 0.148287378297089
"mb106" 0.668322171783001 0.195128079231954 0.205174674074555 0.138412029856747 0.083046778697338 0.130048529874495
"mb107" 0.635598588363044 0.175043049721116 0.654083049501591 0.130793277694615 0.0601355305196208 0.0359767678837893
"mb108" 0.675492628245904 0.206103104771546 0.14509244006696 0.137437920973205 0.0824393888504842 0.158215903251479
"mb109" 0.70487787887436 0.219753479321053 0.144976098654622 0.146358670571593 0.08997866021666 0.178986454880989
"mb110" 0.651834192467098 0.190817893218431 0.157271217674976 0.131952066351567 0.0818225801803727 0.139906065748358
"mb111" 0.682924738556489 0.172794273379744 0.728173318700633 0.13538452368293 0.0634966929060989 0.0333489063497016
"tnt1" 0.675386598182746 0.194878712894877 0.216152752538104 0.128146641437119 0.089567188514739 0.146309211461367
"tnt2" 0.672318715288693 0.190498425963478 0.228251131395901 0.127523068471441 0.0807043503415336 0.139515519717309
"tnt3" 0.789238830181443 0.239172089292863 0.337890222598302 0.171051743278936 0.104518146839631 0.171892170745737
"ufb1" 0.737874798267222 0.193296023762989 0.707136913806508 0.149709511222453 0.0700837815851079 0.0561622268228351
"ufb2" 0.732984583021949 0.194102083620143 0.539562464626173 0.142181551692909 0.0761992629719198 0.0864489745530811
"ufb3" 0.689400622127304 0.187173419207671 0.301282238070016 0.130973457664359 0.0844001592151051 0.130313390748283
"ufb4" 0.750018711174313 0.196887848667537 0.52223801747883 0.146479049769229 0.0838146336249522 0.106055039120929
"ufb5" 0.711292042260347 0.180718439145596 0.45962214849529 0.127794585885728 0.0834400117049599 0.0997247398152289
"ufb6" 0.688356231792772 0.188315003766089 0.349242001541213 0.129616677955027 0.0857233557637326 0.122800123276902
"ufb7" 0.681313109975073 0.18361877796085 0.443759899110275 0.131637741636413 0.0822016724934044 0.0918097940661393
"ufb8" 0.695794186664888 0.21799767336466 0.180838048480254 0.149420965929589 0.0931982606523417 0.170835388760968
"ufb9" 0.683134244195444 0.20906440281314 0.132561428226467 0.140095003948015 0.0829612855578746 0.166889874739677
"ufb10" 0.643041079092581 0.185429763080385 0.216643726456666 0.129609529700349 0.0815541322481979 0.131643170377917
"ufb11" 0.768292682926829 0.165201118925385 0.794715612969359 0.130243053372853 0.0630711728255892 0.0202417752373958
"ufb12" 0.773301981342996 0.188718132894087 0.563634650013791 0.139601204255354 0.0982177304323818 0.108335342586402
"ufb13" 0.764608917827413 0.181660827955278 0.731552194654137 0.141619874882672 0.0664330745920484 0.0441135109835919
"ufb14" 0.682865239981107 0.180456615960314 0.409282575109317 0.132192848756729 0.0859775857515362 0.0997320821923197
"ufb15" 0.784002264955036 0.232708401166125 0.372194426186287 0.168130616381565 0.0999079763474875 0.156929962665174
"ufb16" 0.733743677970695 0.24116351651137 0.0842337108078224 0.16483653083653 0.0931588647635482 0.20400601765769
"ufb17" 0.678784873487063 0.183894015105366 0.276975341744354 0.128942964836312 0.0846363610747128 0.12991345220904
"ufb18" 0.700566144706268 0.213704136420868 0.301182007339871 0.153076058951473 0.0842843716348746 0.136254463557602
"ufb19" 0.684070410792785 0.179731405626331 0.385061887226153 0.127757965489603 0.0786925680708156 0.0989354390736489
"ufb20" 0.672837289713412 0.178631427560456 0.324767053236422 0.122195116345995 0.081413153635488 0.106159779204612
"ufb21" 0.685643174753079 0.183853131271841 0.332692972099951 0.124817531328851 0.0856392363216917 0.118127497304673
"ufb22" 0.719519791327288 0.231817258266494 0.127911773594004 0.1582315200428 0.0952564673274539 0.193470503151461
"ufb23" 0.700566123943297 0.220437021553897 0.180843065111414 0.151558153108799 0.0971354008091964 0.171355092909567
"ufb24" 0.719356118241637 0.23531423811211 0.143957831115839 0.16146761541361 0.0885742845727263 0.197919108589115
"ufb25" 0.682524700002321 0.185597120923021 0.312875148967249 0.123522165944559 0.0823167789715434 0.124794774688465
"ufb26" 0.681037543236815 0.204801256107908 0.170002518075693 0.139635131402124 0.0769054430764779 0.161344261963565
"ufb27" 0.657096059350612 0.168327327862424 0.64178679295941 0.123750312424543 0.0556075627345143 0.0281289500188433
"ufb28" 0.67554775530018 0.182442564180236 0.372994420639797 0.127665065769285 0.0875797289574136 0.101913645125584
"ufb29" 0.67012053427426 0.178580694437385 0.348814426708195 0.123270053336393 0.083320478881583 0.106104569756077
"ufb30" 0.719953180256014 0.197931354409396 0.508542164733941 0.144390629996175 0.0846436292719464 0.09035756283946
"ufb31" 0.735843373493976 0.158022785438058 0.758941053380326 0.121747936019841 0.0581906348503711 0.0165023611805713
"ufb32" 0.685676026018817 0.188023217946178 0.358266181000993 0.134058208239038 0.0903163821930916 0.127475625488042
"ufb33" 0.676087390263368 0.179627118634746 0.332692972099951 0.123494798074193 0.0800256636951326 0.113389460613545
"ufb34" 0.619527566517402 0.167044710412296 0.263680922895769 0.115069985487186 0.0738627143236388 0.0999872751595256
"ufb35" 0.770705926764817 0.211935249551533 0.716138279359026 0.167574584915442 0.0803073774694109 0.0786821663663452
"ufb36" 0.777594918435109 0.190519455187565 0.700600557015782 0.145118507194063 0.0909413919085127 0.0816849268417954
"ufb37" 0.703099241674909 0.172916019108411 0.698572325086457 0.134179249365313 0.0614260555451994 0.0338988653802714
"ufb38" 0.758253649272354 0.227311302759113 0.529918144494262 0.173421927513545 0.103449641382443 0.124018596337629
"ufb39" 0.767955801104972 0.189964655321897 0.722636623092844 0.146767461009177 0.0695559832340414 0.0538130544712182
"ufb40" 0.674206049003412 0.174227926354244 0.461141830247413 0.125641381758764 0.0749509771707906 0.0811685742461048
"ufb41" 0.707444238666559 0.225717502519437 0.192982396032876 0.155868443476853 0.102433860423686 0.174533117066988
"ufb42" 0.697228352139457 0.21990391311685 0.192968744892213 0.152156573841215 0.0992847612964832 0.170788419525248
"ufb43" 0.708489331540111 0.196250061513659 0.449352426154862 0.143121885887728 0.0934940205247479 0.117117714139111
"ufb44" 0.697541975272212 0.180563041227934 0.541843273065097 0.136172644160767 0.0773411539798938 0.0710210464820604
"ufb45" 0.643416161220896 0.152196595599965 0.72269604688653 0.117566941423777 0.0557949815766912 0.00969689916808785
"ufb46" 0.725100728069555 0.197182921984934 0.479684392400642 0.146833700509606 0.080880397418061 0.106573715946373
"ufb47" 0.726932955288183 0.198806830416874 0.449352426154862 0.145157536304674 0.0875783417380813 0.119711375266024
"ufb48" 0.651940206587057 0.186312660227046 0.216683539390967 0.129165829426233 0.0752947874291628 0.120785096124549
"ufb49" 0.728032591135773 0.184322581647466 0.493371023189394 0.135706713371331 0.0985586769276936 0.112353079747636
"ufb50" 0.722481595855226 0.19222497320763 0.481026776646945 0.139693764106777 0.0890614966847614 0.101332003399568
"ufb51" 0.704336919928708 0.161649442540168 0.674617278517628 0.123038344389524 0.0753035190979586 0.049579085720919
"ufb52" 0.680112735599789 0.161965398702861 0.548416408690039 0.118607751442574 0.0766436991802737 0.06738139951326
"ufb53" 0.574893239867859 0.170917416668848 0.59013577522925 0.127327686601568 0.0549530364055965 0.0315643357204971
"ufb54" 0.699300491144516 0.177915487661793 0.592243545881454 0.127761310108997 0.0767664883350715 0.0673863579204199
"ufb55" 0.733999706092058 0.240359497507355 0.10888885890582 0.163057537371823 0.0901144558398652 0.203211094336497
"ufb56" 0.72900154413613 0.228822256365896 0.193741541342444 0.160005175644911 0.100593844079277 0.174850608676662
"ufb57" 0.677111008191061 0.203974516098183 0.191931469574309 0.142101853567282 0.0937125781274493 0.157764047016573
"ufb58" 0.768388291959985 0.207042831631512 0.55215449502414 0.154016207230822 0.0902397710776934 0.117546455164163
"ufb59" 0.725847606414108 0.229074462982248 0.193741541342444 0.159510884090867 0.0995179819141228 0.17512046622596
"ufb60" 0.671541642597828 0.183444617096021 0.288650055391284 0.123679347776102 0.0818999609838593 0.122481567496678
"ufb61" 0.662813138937191 0.183747138328228 0.443073247749667 0.133413217682437 0.0800407414338146 0.103041588881958
"ufb62" 0.679986405761866 0.184676164083567 0.380964011797008 0.131521818339289 0.0807518698400611 0.112783462235052
"ufb63" 0.634137224498837 0.178239051324441 0.359109117530865 0.12340735687775 0.06947207860882 0.0858250715983878
"ufb64" 0.61278259697065 0.163366948705671 0.335566072785498 0.110360808749812 0.0692884885731374 0.0809971293502507
"ufb65" 0.699786678679793 0.191853821393238 0.373354274895391 0.133699263048674 0.0870891379302093 0.120358687965579
"ufb66" 0.655974842767296 0.190187549202244 0.21669655028207 0.131446879896637 0.0676800549805918 0.118735529807237
"ufb67" 0.744520802838217 0.238266090579017 0.289984455155564 0.174026347188621 0.104316082127232 0.170799572303789
"ufb68" 0.682919831383269 0.202764441323781 0.169429969679823 0.138865648811553 0.0839341960306777 0.156400674620176
"ufb69" 0.655476577888156 0.189869444345344 0.626260583479923 0.146874126411176 0.0646032414552862 0.0537018403326281
"ufb70" 0.697778310557021 0.214672717798118 0.269252462317142 0.154903470319677 0.0812931506039499 0.136861539208203
"ufb71" 0.706380763498187 0.223202820345283 0.144761656631953 0.151533665082708 0.0844646169571023 0.181749990978609
"ufb72" 0.689769553072626 0.21124684102527 0.182683385911063 0.144797488003849 0.0956766067482673 0.168161478854491
"ufb73" 0.676806463205249 0.204815999482987 0.191931469574309 0.141526028760605 0.093323347939516 0.158654379769547
"ufb74" 0.842360193747248 0.207864691370206 0.819192284742574 0.171921792485697 0.0843515964282016 0.0747217475852636
"ufb75" 0.714515198490937 0.231091554047447 0.132652783902963 0.154670324064542 0.0956839647849643 0.192222582371277
"ufb76" 0.758629845990441 0.190477740008357 0.541647340566649 0.13837782078968 0.0981300849302682 0.119051324960487
"ufb77" 0.678922915810851 0.202195316854685 0.23074801352274 0.142839244441547 0.0767914430361186 0.131464267693122
"ufb78" 0.672130706287683 0.173908492428167 0.565902597929905 0.132830443426121 0.0786474489508138 0.0634769203428076
"ufb79" 0.753097345132743 0.19133799322584 0.731431910676076 0.150825048320551 0.0708866761507483 0.0546021404979312
"ufb80" 0.692961726681043 0.18622822242474 0.386131528100594 0.129906938937528 0.0832628156360629 0.120523543571106
"ufb81" 0.682266000362178 0.180352487169225 0.349821229836723 0.12571219145542 0.0807156614201152 0.119141533347883
"ufb82" 0.66833650692458 0.188893565055038 0.179995436894562 0.125485505307292 0.0790476118179617 0.141774238546306
"ufb83" 0.704625030101161 0.218187226794907 0.120126471583905 0.149122280984629 0.0915378845314747 0.178080652478586
"ufb84" 0.701768999415356 0.218159566472938 0.143702843937139 0.144516578293787 0.0900273743132938 0.177337415811723
"ufb85" 0.636074533917258 0.181872442303396 0.205061474748594 0.125582947592638 0.0721539531183946 0.127850957439305
"ufb86" 0.655825944914045 0.169862452792764 0.411300048241193 0.123450430854421 0.081761915657013 0.0879763578849632
"ufb87" 0.641555639991665 0.184277529008554 0.203806318192581 0.129397943548624 0.0750482650695207 0.13036675530913
"ufb88" 0.626339813934065 0.177062299994616 0.205065491076479 0.124245370012889 0.0722829807750667 0.119607374377659
"ufb89" 0.765599264470896 0.239580653483676 0.331648355160009 0.17627019353612 0.107785907632501 0.172230565606431
"ufb90" 0.662226073640025 0.201074309951929 0.169480154542368 0.139046700909479 0.0750658034617874 0.14824984893776
"ufb91" 0.738697865988285 0.233005528059062 0.241214331793017 0.163853604702717 0.100394453256561 0.171038686973166
"ufb92" 0.732259300886193 0.22729435598259 0.210941740975903 0.159624648308653 0.0971616114010505 0.173109701764331
"ufb93" 0.701851559727097 0.212368242717048 0.181753473850705 0.145119812249042 0.0885475140486845 0.162694178002518
"ufb94" 0.691954469105628 0.213964407010972 0.169297218130273 0.142388949167256 0.0910846627060213 0.170970379212748
"ufb95" 0.742079971523493 0.175683001238259 0.674478426172606 0.135050390963646 0.0801405796376195 0.0654886447588976
"ufb96" 0.879597438243367 0.170254272174956 0.879381390999634 0.139723197565713 0.0684579065934282 0.0307897291959272
"ufb97" 0.718068715392526 0.235274299674807 0.10845857373781 0.159713822950351 0.0879409237466882 0.197825945544237
"ufb98" 0.623845708049081 0.177752348191584 0.216657266480432 0.122906318973448 0.0740828159599134 0.120345599572507
"ufb99" 0.623548922056385 0.162699988385249 0.658186068133188 0.123482670825115 0.0544241956944791 0.0205798334417733
"ufb100" 0.649416009875605 0.165103265981157 0.694808989404632 0.126192250479169 0.0588552060738961 0.0233910343382485
"ufb101" 0.707289293849658 0.168089197667069 0.597083802316108 0.124821347269245 0.0705266638091645 0.056550989289159
"ufb102" 0.767000077537412 0.190235114145398 0.722756821335967 0.148025785955114 0.0693046977750342 0.0541289723009531
"ufb103" 0.621177155916026 0.16720054494403 0.239664102243981 0.114394156743409 0.0757740509571431 0.105163863418059
"ufb104" 0.774633746941799 0.24538868800067 0.329994471094649 0.180419383958276 0.11212084969837 0.178658502512511
"ufb105" 0.637619346330332 0.183620791899879 0.216643726456666 0.127213261623291 0.0767880589707514 0.129714751675655
"ufb106" 0.683173550224313 0.180124172054827 0.394564878286963 0.125301944856009 0.0821224539104959 0.107784232724274
"ufb107" 0.697243845044919 0.21870420958918 0.133770124615276 0.144089636875587 0.0885522330065027 0.178636429833521
"ufb108" 0.730483347553456 0.240019538117648 0.108441739221067 0.162084629003467 0.0842212439575498 0.202413830487045
"ufb109" 0.700723627171404 0.219985879450166 0.14476325453211 0.148015467636895 0.0891437380465072 0.177325566477579
"ufb110" 0.669814082857561 0.193267717013555 0.621926732755452 0.144970778260063 0.0659525176279851 0.0561291081322875
"ufb111" 0.617331897040481 0.157448918700551 0.505721545695647 0.114885668688403 0.0646886163009967 0.0448170375865485
"ufb112" 0.721961394911734 0.235676228051642 0.143612733916678 0.159960743144425 0.0979514914609567 0.197516436331051
"ufb113" 0.724550761652832 0.203997406117394 0.545060722764348 0.155072218834454 0.0922483913303605 0.0972371960104363
"ufb114" 0.694461055303405 0.216716602124509 0.144766324365588 0.145845094172029 0.0909619672735796 0.172651226483256
"ufb115" 0.69760001898156 0.217516742920934 0.14476325453211 0.147300132062052 0.0867208632090835 0.174721388627512
"ufb116" 0.685264540373683 0.185152257024862 0.399031917009905 0.131868836820751 0.0812750383682674 0.104774372852358
"ufb117" 0.692423348495518 0.184295246000256 0.394517433363057 0.129109199922046 0.0804911101312023 0.103655147718407
"ufb118" 0.634232357286261 0.16981639466901 0.258037351711551 0.116469927700042 0.0735934878952208 0.107835878260724
"ufb119" 0.750990367893643 0.192652475588776 0.461072235308387 0.138188903321216 0.0957214847950569 0.12737275628461
"ufb120" 0.68038896359717 0.173339016344839 0.386438985279297 0.121372218237899 0.0821509939975658 0.100177815064137
"ufb121" 0.682618812796647 0.18113099805059 0.313523560721948 0.126737687123536 0.0795220137264939 0.119978183115614
"ufb122" 0.604110182272227 0.187029431635594 0.133059825963907 0.123053138161185 0.0619449841186843 0.139753409469864
"ufb123" 0.604571153763156 0.183831757853877 0.108762471842047 0.121193196067539 0.0582176184315882 0.137913424969206
"ufb124" 0.612431200414118 0.186964622701273 0.108409141407836 0.124867044983097 0.061878819339239 0.143579943328266
"ufb125" 0.728988712699356 0.240354131906389 0.143935836071983 0.165024942072014 0.0798313041514371 0.203159112572908
"ufb126" 0.703626499143347 0.193930844915202 0.490908640387201 0.139490473489339 0.0716129151698777 0.0856346037476354
"ufb127" 0.681421795362814 0.184944627605116 0.417647851111781 0.128881087048551 0.074394015637174 0.0928731874789803
"ufb128" 0.729632351339092 0.239671747651083 0.13374575458054 0.162623688625688 0.101887625446875 0.20171201761874
"ufb129" 0.72773220959691 0.201025762839146 0.447163195050964 0.146951402010063 0.0942147692555896 0.110897020450077
"ufb130" 0.563957660566918 0.16041343882015 0.626440205516732 0.123425229605592 0.0575741915026088 0.0192948381215857
"ufb131" 0.664139445733064 0.1764549800451 0.274315720830722 0.116871293671126 0.0780525034295808 0.124631186307422
"ufb132" 0.678865976692506 0.201976336726613 0.143858326761162 0.134733165910728 0.0853251216606661 0.159436291460257
"ufb133" 0.677360674714735 0.155724146519064 0.60188862977676 0.111804059472829 0.0655908194322107 0.0428616985710679
"ufb134" 0.732326875072246 0.241062901258265 0.123189651793917 0.164804692767618 0.0870814903610912 0.203514401614379
"ufb135" 0.657267858489854 0.179569114158511 0.338881505597383 0.127972472108171 0.0726357166256516 0.113336575647581
"ufb136" 0.658266922393621 0.194142639365311 0.192216086588289 0.135851470670269 0.0836459311936245 0.143439997072212
"ufb137" 0.699750256740801 0.211490796639587 0.169619447913147 0.144007914158896 0.0913461957981981 0.161761393484432
"ufb138" 0.724325047898652 0.237449636627778 0.143957831115839 0.161563576925302 0.078953064057556 0.200158933665413
"ufb139" 0.768349966118401 0.241280369974006 0.280756360032029 0.172224627432213 0.107165457057742 0.180061833979064
"ufb140" 0.687787799989165 0.174280513918521 0.398365200018955 0.119204930505845 0.0813665982360395 0.101202637114062
"ufb141" 0.654583433867585 0.192169029294487 0.1698859147812 0.131240240040903 0.0757358426375869 0.145244760485548
"ufb142" 0.631235843323573 0.167950895440163 0.479072546962422 0.121464736412163 0.0699669959392778 0.0568044695941984
"ufb143" 0.698675392195149 0.213307293827656 0.180843065111414 0.151114075125691 0.0931441790909159 0.163776471640164
"ufb144" 0.718586647257328 0.162493310504501 0.640709951163135 0.12245638305842 0.0701585708806786 0.0489315546255311
"ufb145" 0.716108032850114 0.200384905232343 0.449352426154862 0.146876528942216 0.0887323185997137 0.121481674533035
"ufb146" 0.708154000353753 0.188580268944574 0.491788324967558 0.13941209276264 0.0883317648584375 0.0973292467392324
"ufb147" 0.659855783796885 0.1882833673002 0.203680519046392 0.130540295543354 0.0810281932401536 0.131481001633563
"ufb148" 0.652460080440783 0.18508992971987 0.192231719965836 0.12693738953375 0.0789693121159197 0.124368947549168
"ufb149" 0.674716914366596 0.160182182173058 0.746879192480289 0.126200838759227 0.0597685641594288 0.0190247116116958
"ufb150" 0.614918074765765 0.174014751182597 0.216670496229401 0.121003659584306 0.0686488740987984 0.112468529831493
"ufb151" 0.684507422188018 0.188164949896224 0.334041888593623 0.131606266087078 0.0858957878771414 0.127627926124951
"ufb152" 0.668002003004507 0.159105623631056 0.717733967832868 0.123013398852416 0.0559058023676751 0.013087822609989
"ufb153" 0.678385828920793 0.183694850035889 0.280030777737887 0.126074341590958 0.0827970704161023 0.129717095401372
"ufb154" 0.696097032118173 0.215429461381644 0.169593601947891 0.150612825861728 0.0768550749876101 0.160520505505768
"ufb155" 0.654347127886091 0.178820759761252 0.293925023961126 0.12578929991348 0.0770349508887989 0.117514022815299
"ufb156" 0.731872323091564 0.244912665268652 0.156045696150073 0.168488063745583 0.090386598698278 0.207940848276766
"ufb157" 0.647562155160156 0.184760538447527 0.167748093160265 0.119369590012744 0.0705873196795336 0.138935736992632
"ufb158" 0.654556690605717 0.171630266115781 0.384894326182732 0.122336144529952 0.0726661684975062 0.0900363421605818
"ufb159" 0.693172670052972 0.212539331952305 0.169358207384517 0.142181329370505 0.0867261094410128 0.168233696297824
"ufb160" 0.723828474975622 0.23718167304163 0.143612733916678 0.161326606165109 0.0979514914609567 0.199097042488823
"ufb161" 0.679581628462722 0.182459974024141 0.345059777306632 0.125221280911062 0.0834256215168744 0.116451043342384
"ufb162" 0.50761421319797 0.140857733134962 0.658285333594497 0.102864711653276 0.0478412192282824 -0.00367206820844205
"ufb163" 0.673445380622583 0.180143047773051 0.433368599258302 0.132120936143264 0.0798809854791825 0.0878905879494217
"ufb164" 0.775170797766315 0.184110933701589 0.662387346795916 0.142325160196666 0.0944854685094965 0.0923049508349608
"ufb165" 0.691620354161222 0.188521929905163 0.375497463583545 0.134374634271803 0.084174821028748 0.123102136412757
"ufb166" 0.674946868522551 0.173964201633334 0.357564181630377 0.125125601294809 0.077042619853236 0.100858330539534
"ufb167" 0.702565706606679 0.219808437504346 0.127940867241377 0.148549994236863 0.0888789899372008 0.180394185143177
"ufb168" 0.721482211181543 0.230923806699375 0.336684378199092 0.170689065093356 0.105938092536055 0.154819349297079
"ufb169" 0.649988240432752 0.182138968465517 0.397097818597487 0.131375282212737 0.0859567751236811 0.109755687756084
"ufb170" 0.702493382569197 0.158697891607868 0.633905267084493 0.115755705661585 0.0721370175874031 0.0446214957390284
"ufb171" 0.805175899716943 0.175965671347362 0.831193371193173 0.144847285627203 0.068848346399501 0.0374611064057476
"ufb172" 0.674389090447083 0.20446619760627 0.14364940132415 0.134979594214324 0.087050159628826 0.160993969948655
"ufb173" 0.699205959864466 0.215480624736481 0.133390661073936 0.14220880156992 0.0758142763237147 0.175233911592742
"ufb174" 0.838314878028474 0.182462095912255 0.851758576263336 0.149739541547994 0.0721440653565809 0.0450494569095846
"ufb175" 0.710668415593022 0.22537913676602 0.133758883930449 0.151123607088746 0.0908506802023915 0.186239825296568
"ufb176" 0.686778049184192 0.18564024869223 0.336923464407821 0.124524396993906 0.084765288151921 0.119909476250111
"ufb177" 0.710868236700323 0.224439980896926 0.133742186498882 0.148071317120577 0.0916527464383088 0.184663269864889
"ufb178" 0.667087337670093 0.177891857288277 0.321929742389938 0.123333960289235 0.0795684741758323 0.116588788183864
"ufb179" 0.66854485786045 0.195584446652961 0.191931469574309 0.135140208906302 0.0790800390698575 0.148886921500243
"ufb180" 0.667806479372786 0.201757155008434 0.132545716292745 0.135652463303213 0.0844497778553766 0.158139069341409
"ufb181" 0.69688302371243 0.190259301308263 0.437112036466262 0.13771088141394 0.0879593401414022 0.11035691130391
"ufb182" 0.663190257081783 0.18494036953348 0.240105121948999 0.123362149888999 0.0795894852557821 0.131040263180572
"ufb183" 0.698310830865427 0.187425971634127 0.393348457858955 0.136368815851262 0.0826527878684471 0.115622863969568
"ufb184" 0.70043901860226 0.18655154195705 0.42276856213475 0.132210289767681 0.0865407170536931 0.114559676431699
"ufb185" 0.664295222632967 0.186654058744994 0.227994906659193 0.123388673874556 0.0844631999374659 0.135429031890586
"ufb186" 0.668680286386486 0.195887635850718 0.179360925979384 0.135715664697449 0.0779364916747652 0.14922293988567
"ufb187" 0.885256155114573 0.246710839744218 0.784621170824256 0.196367365851188 0.0983130812227505 0.117313364734268
"ufb188" 0.693463085660199 0.210262434418144 0.18596882531244 0.141898782394565 0.0885872189473425 0.16053088094029
"ufb189" 0.541094715168154 0.16293245864441 0.597268149992176 0.122581929015182 0.0536319499537646 0.0213935423860677
"ufb190" 0.594089643402497 0.153888350897148 0.650206033898938 0.113871659727214 0.0515286466712045 0.0116730064919721
"ufb191" 0.674484262454509 0.199527859248058 0.191931469574309 0.139155552690513 0.0831276136454997 0.153059255090316
"ufb192" 0.651304665413178 0.185773206728498 0.216683539390967 0.128930819137058 0.07762044598862 0.120202199558894
"ufb193" 0.670298201190061 0.196092690154346 0.25290378831501 0.140563135977163 0.0793714725361507 0.125161697875462
"ufb194" 0.611707842373 0.189831274445378 0.108416059263627 0.127553508049839 0.0667816250868896 0.147505680821382
"ufb195" 0.64766230393921 0.185242643507258 0.192236732841133 0.128659059537094 0.0707851728556878 0.119363787222119
"ufb196" 0.673212288496465 0.184349262916317 0.23182720388662 0.126181892118002 0.0817189684389897 0.130410066528349
"ufb197" 0.61332751980234 0.192273673583793 0.617397992466087 0.148824298042825 0.0680461359143483 0.0552763002873795
"ufb198" 0.675105835477712 0.181278661903074 0.650504503523119 0.137405194491986 0.0633988811567894 0.0436671100555387
"ufb199" 0.686259714781559 0.189634855945864 0.646258746374558 0.145905493694639 0.0654225375919412 0.053427822065871
"ufb200" 0.761633581276354 0.184708839104532 0.601857383171993 0.137668370223027 0.0960543537048811 0.104403146776148
"ufb201" 0.694045174537988 0.169204283799387 0.515996190101388 0.125590694925019 0.0766576671764581 0.075774267932609
"ufb202" 0.678601385270382 0.203573103096827 0.145040176321649 0.135532891632741 0.0783179583412059 0.157310673211792
"ufb203" 0.704199024916655 0.176255907655294 0.469228024171577 0.122905191319658 0.078054236622649 0.094821045053291
"ufb204" 0.723520893669839 0.159546383035353 0.640855961833617 0.118858435090647 0.07337466158737 0.0455850383984169
"ufb205" 0.669053856099156 0.195962917555837 0.179353497278431 0.134310513074495 0.0795760287408408 0.150808574298746
"ufb206" 0.579940169519694 0.158093278625893 0.633952580232413 0.118553129708982 0.0536842506528322 0.0165847029382696
"ufb207" 0.660423487697125 0.187669348679907 0.454198849846026 0.140611396197554 0.0754247019281369 0.095815544095592
"ufb208" 0.686555925294664 0.209849728237827 0.127969390252424 0.14037213715615 0.0844316107715547 0.169335839763975
"ufb209" 0.616558505159525 0.160955471751257 0.31171788848678 0.107245093692264 0.0723986832908308 0.0869526485904767
"ufb210" 0.697762485493821 0.178272780080816 0.431561837999929 0.125195351868371 0.0755247477569411 0.0971501607964202
"ufb211" 0.632660178169483 0.169353235360068 0.50921945908447 0.12265298186933 0.0697132975153569 0.0580662425593561
"ufb212" 0.642982614247702 0.179325258671127 0.192509499694552 0.124285010120453 0.0752998871619023 0.122028325721697
"ufb213" 0.66296196016094 0.200545974425129 0.132528927193279 0.133688693240605 0.0831000363963231 0.1556171424974
"ufb214" 0.688169508394228 0.191790542455512 0.481869710142764 0.140476432542982 0.0728867352225084 0.0837494354439716
"ufb215" 0.694668820678514 0.202719686906731 0.469874366193813 0.151052568285231 0.0847149234185979 0.0961395834186912
"ufb216" 0.68809329661369 0.180046308650172 0.466945833270743 0.130330959197424 0.0814259596167318 0.0875557567392779
"ufb217" 0.635248864336139 0.172397861741222 0.323387676093884 0.117854210148582 0.0759109546782208 0.0909171713464633
"ufb218" 0.692477591880701 0.186911954882514 0.337716961647386 0.127977821283431 0.0808539768148657 0.121262481213918
"ufb219" 0.73116320018405 0.239539384991251 0.121172688760392 0.160853144315978 0.0823001297582997 0.20235087617793
"ufb220" 0.687434495159472 0.183001250338299 0.373929925747867 0.126349085971263 0.0822687482358771 0.117036022802034
"ufb221" 0.629672713736484 0.180048511572548 0.216657266480432 0.125813220067325 0.0783039084733378 0.122802073869178
"ufb222" 0.771115370791901 0.175005274253605 0.69846911407051 0.134292302273491 0.0832042653061498 0.0647203195104017
"ufb223" 0.638403758196264 0.170865550012078 0.240331571655046 0.114040716540439 0.0708981547845346 0.112878677307284
"ufb224" 0.656216727788951 0.179084369575311 0.24034634620782 0.11969186739428 0.0751834249801535 0.124797004414889
"ufb225" 0.637219444739921 0.185994046924246 0.442624281638075 0.133469698691455 0.0685475478128038 0.0772578535843475
"ufb226" 0.669656840547376 0.190751191627843 0.203903667786678 0.132842158937705 0.0826521582082278 0.13983516745119
"ufb227" 0.650800010484575 0.186090753807503 0.215653032241126 0.128193282014773 0.077371102607794 0.125234083852583
"ufb228" 0.646975234397856 0.185645480202729 0.205073293553556 0.126287405840318 0.0752407762331193 0.120064187008388
"ufb229" 0.720541788143829 0.236590253706585 0.602377258166096 0.188341695424256 0.086126789210185 0.108275532940712
"ufb230" 0.682544175102113 0.203597835354641 0.182064062421905 0.140804929969021 0.0906515831062766 0.1600994007334
"ufb231" 0.655580532880288 0.184618829684961 0.179381407322676 0.128354825165166 0.0769500194216505 0.130730612411508
"ufb232" 0.674705713465403 0.201557323341143 0.313249775596103 0.143708387706569 0.0739283753045012 0.111714454106618
"ufb233" 0.725069804071307 0.18862234715848 0.457112919362839 0.136023893060226 0.0976647262037303 0.123280785898916
"ufb234" 0.727120089247146 0.192278861876248 0.384012976374049 0.137857717414278 0.09429840369017 0.131884881898308
"ufb235" 0.654956420547652 0.192372383625461 0.228765629626383 0.13017721055724 0.076173526053041 0.121113138287494
"ufb236" 0.687716890655562 0.208422025044963 0.277047074167161 0.14915717424707 0.0780237685391536 0.130452067366476
"ufb237" 0.688384742703461 0.196985211360452 0.273799359304029 0.133225539439409 0.0882678830855713 0.153108351940064
"ufb238" 0.745314760077982 0.176274200098687 0.626189971775117 0.131944436642121 0.091274315862553 0.0835864073628057
"ufb239" 0.662775459790026 0.177864030231008 0.43336681865423 0.125309549259697 0.0802642215842406 0.0853551293615796
"ufb240" 0.664171224732461 0.174871689723395 0.409196820398863 0.123279623515933 0.0792267200123844 0.0935970440572585
"ufb241" 0.717337126915158 0.229649471196071 0.108441739221067 0.154255616255551 0.0670080776944372 0.19153062707799
"ufb242" 0.669923206617033 0.200603546367192 0.132929467725268 0.133426418400408 0.0782712174107664 0.154168622420833
"ufb243" 0.696629866356769 0.183628046506336 0.517854163578407 0.134367734393247 0.0780846479970888 0.0744957804021945
"ufb244" 0.710464510928883 0.224105535834483 0.123174763394606 0.147020791772975 0.0773943667506625 0.184890434847831
"ufb245" 0.695926256318763 0.183339297356286 0.529916566083049 0.132567192413934 0.0747890356655435 0.0741684313848335
"ufb246" 0.652804030794267 0.177861048059141 0.288534664521448 0.119081482697768 0.0767236088931222 0.120363416942087
"ufb247" 0.661483720653605 0.181890165891239 0.276658010723161 0.122911872157895 0.0779059332953017 0.127788348774396
"ufb248" 0.671260622164289 0.170002771060655 0.361926613536983 0.118530105678031 0.0813394684565635 0.102988034399033
"ufb249" 0.730582918878912 0.242248773437356 0.133392320001585 0.165115490374046 0.0881754276472293 0.205192039174928
"ufb250" 0.654437081730998 0.185657875324732 0.192231719965836 0.128917938617467 0.074755735086992 0.124768838686327
"ufb251" 0.70820225477621 0.21758068296019 0.171641801871767 0.150556171857809 0.0906330031173699 0.165847612883028
"ufb252" 0.676792811473993 0.157101917900387 0.52517604794498 0.111574545462821 0.070773252913205 0.0612869434566363
"ufb253" 0.799561318624605 0.173567206486135 0.730532463372351 0.135792883423407 0.0859572639599678 0.0615070160129928
"ufb254" 0.691061336363622 0.206271481610809 0.145184457775065 0.139422710249427 0.0772918975979353 0.160111669178835
"ufb255" 0.600233123812399 0.189215011863853 0.120881144617631 0.122807182418453 0.0691826227142626 0.143599545516825
"ufb256" 0.666274970622797 0.196159253817994 0.169949643276904 0.134411156221789 0.0754865274415912 0.150978265367506
"ufb257" 0.628200117256205 0.152807743429331 0.704903693643453 0.117051949240625 0.0556682290411219 0.00569634178017936
"ufb258" 0.67323897023583 0.201051763453004 0.144642413560682 0.138481747222064 0.0807544712432116 0.156151356562234
"ufb259" 0.708009563658099 0.224921531188332 0.409554461614534 0.162478806759498 0.0956401765645543 0.12130936108871
"ufb260" 0.700762673844773 0.177820458114665 0.698691172673829 0.139920413928573 0.0651005901574192 0.0396276477023613
