1 NaN NaN 0.6216297 0.3568491
1 1 1 1 NaN
NaN 1 NaN 1 NaN
1 NaN 1 1 0.3907971
1 0.8861163 NaN 0.6633208 0.7911973
0.6274794 0.5460152 0.9970889 1 0.9974109
0.7492626 NaN 0.4405428 0.7311896 1
0.7693933 0.6197256 0.5980896 0.3983461 0.8364104
0.4188754 0.454398 0.8826518 0.816012 0.6797825
0.5765658 0.9961124 0.7424884 0.5957113 0.6595897
0.6947287 0.6722011 0.9686617 0.8999948 0.8924666
0.5077225 0.5807764 0.4490084 0.8456491 0.746403
0.8495893 0.7001168 0.9535572 0.5762912 0.7976466
0.64394 0.8037617 0.4737199 0.756313 0.577778
0.5288457 0.5322978 0.7495003 0.4774435 0.478185
0.7296096 0.9595004 0.7544774 0.3983364 0.7399622
0.3592655 0.3588894 0.4332374 0.5424709 0.599208
0.3787564 0.3669247 0.5811697 0.4744924 0.4444207
0.564853 0.5441597 0.5264309 0.5100113 0.4602213
0.4140829
