1 NaN NaN 1 1
1 NaN NaN 1 NaN
NaN NaN NaN 1 0.6511195
NaN 0.6396562 NaN 1 NaN
0.4019137 0.6945596 0.7460306 1 0.4420195
0.5101847 0.4013389 0.5501277 NaN 0.5634994
0.3266824 0.725599 0.5711439 0.2637716 0.4143211
0.4977835 0.4788024 0.7794396 0.4136654 0.5424959
0.4464592 0.7018086 0.4959831 0.5312961 0.1730263
0.3652055 0.3745198 0.3430904 0.3993893 0.418228
0.1516002 0.3207819 0.4224326 0.5431895 0.3234699
0.2977033 0.2867164 0.3592811 0.4545068 0.6068245
0.4256753 0.208007 0.1609346 0.3489798 0.2994611
0.3044731 0.2495409 0.2963685 0.2627103 0.2308101
0.2409798 0.2391493 0.2612741 0.3077933 0.3298272
0.3794035 0.2080843 0.259703 0.3010994 0.2287237
0.1907358 0.1939177 0.2464805 0.1976748 0.1851523
0.161357 0.1609324 0.154523 0.1617258 0.1299034
0.07725571 0.1866989 0.126364 0.2339528 0.2113361
0.1304513
