NaN NaN NaN 0.6511195 0.5591468
NaN NaN 1 0.7536178 NaN
0.3093899 1 NaN 1 0.6511195
NaN 0.1433648 0.6446478 0.503494 0.3802179
NaN 0.6405242 0.2513512 0.7819156 0.5187469
0.4822828 NaN 0.5977732 0.4019137 0.7100277
0.4651276 0.6051761 0.6029192 0.4217124 0.2537769
0.4604037 0.3923986 0.2606308 0.369259 0.4078281
0.3387653 0.3860861 0.8352768 0.8681396 0.4264138
0.5954848 0.390118 0.4490872 0.3374766 0.2780566
0.2070876 0.2019382 0.2249538 0.2471203 0.2194778
0.4461824 0.2942116 0.1750765 0.389607 0.5289011
0.5396738 0.3167474 0.5384297 0.4847481 0.4318286
0.3234034 0.2330135 0.2590796 0.4989828 0.1962488
0.3282596 0.2571688 0.1985665 0.285937 0.3552126
0.2764764 0.3316739 0.2522476 0.3365503 0.2938129
0.1978156 0.1513263 0.1611847 0.1822175 0.1498383
0.2339184 0.1369425 0.1915024 0.1816167 0.1646957
0.1105324 0.1488444 0.193524 0.1816022 0.1535722
0.116441
