NaN 1 NaN 1 1
NaN NaN NaN 1 0.7024264
NaN NaN NaN 1 NaN
1 0.2525826 NaN 0.3175097 0.7790276
1 1 0.399588 0.5386717 NaN
0.3945593 0.08149082 NaN 0.2582616 0.6511195
0.5889066 0.5133695 0.6044944 0.1531055 0.5128994
0.2222493 0.2525826 0.4544785 0.5484133 0.3785236
0.7826588 0.5019379 0.3033443 0.7944254 0.3178235
0.5156939 0.4340741 0.5901037 0.4991313 0.4912368
0.2914527 0.280789 0.3158751 0.393768 0.3814875
0.5753012 0.534676 0.2857925 0.7061825 0.6682389
0.2678199 0.5482111 0.3175097 0.2682184 0.4069539
0.2321666 0.1732883 0.2266259 0.3190302 0.4741918
0.3660302 0.2523878 0.3191621 0.3511899 0.3503949
0.1619959 0.2919452 0.2468622 0.3219004 0.223711
0.1716993 0.27227 0.1444452 0.1211895 0.2147308
0.1648664 0.1560749 0.1796443 0.2052476 0.1315406
0.225029 0.1243511 0.2014988 0.1599169 0.2556013
0.2030623
