"quartet" "wQuartet" "cluster" "phylo" "mutual" "shared" "clusterNorm"
"mb49" 0.705366352538817 0.750197618844933 0.225292996913578 0.260922083965543 0.161082652418914 0.10532399147099 0.141227345331527
"mb50" 0.622398262315706 0.693672270338026 0.208088334918474 0.0826474639849187 0.138150870438695 0.0756728345529503 0.169064792820342
"mb51" 0.867543735241678 0.894163424124514 0.232963240979932 0.752592586594783 0.188364410660479 0.119809245323663 0.134658229948312
"mb52" 0.776205392188702 0.820008491932664 0.234862754546662 0.51555942566476 0.179755858598635 0.11336265053046 0.151407318584138
"mb53" 0.771892782300736 0.779709829919035 0.195810194625293 0.673618416803784 0.155961294292877 0.0965611172341645 0.0924971169586227
"mb54" 0.790589564466651 0.871084101156636 0.243221329330733 0.654917318967787 0.192236463691417 0.124326611079271 0.145754454546379
"mb55" 0.835294117647059 0.876371339940985 0.2102991525641 0.835054242743748 0.176190725826157 0.0868912219715111 0.0833514763058927
"mb56" 0.892857142857143 0.92675331708638 0.216954138083518 0.892711988042563 0.18510258248231 0.0922442165052499 0.0897048755982286
"mb57" 0.741176470588235 0.842915811088296 0.233510528191558 0.741091064839854 0.189764301639182 0.0911781847361352 0.11029417653333
"mb58" 0.698195513903426 0.751390002122624 0.22520158840213 0.314617050975039 0.167706823045056 0.096263783962344 0.168311333815541
"mb59" 0.831325301204819 0.908178890120914 0.268674270523225 0.831093799210575 0.22796273364746 0.112471930558677 0.150713326543845
"mb60" 0.74390243902439 0.788718662952646 0.205632904096781 0.743577864150765 0.168798923366968 0.0811963409223587 0.0758343518191388
"mb61" 0.809732485160215 0.828520950346755 0.205970150482963 0.697216241739055 0.166530037121996 0.100545803620823 0.104280570821455
"mb62" 0.702380952380952 0.807904642409034 0.230701191009909 0.500677389134707 0.185910041604594 0.0885397731970031 0.105789893545061
"mb63" 0.686075466279141 0.69759802726315 0.196876798064551 0.177123268899948 0.136066123518355 0.0908448127364705 0.147144130188877
"mb64" 0.802338692638613 0.8621014964216 0.24212861614747 0.573250987998409 0.190265887454644 0.122200080681304 0.159730706161668
"mb65" 0.614567228808943 0.684769952215216 0.198877380235665 0.0944986178463967 0.131804925813828 0.0764912390933716 0.159178364473356
"mb66" 0.723045252888346 0.722178836392034 0.191910199943352 0.457175041387216 0.14378713992163 0.0830633325531062 0.104197315145869
"mb67" 0.726190476190476 0.84055390702275 0.232938162505724 0.725920521223089 0.188899517222969 0.0896110589719211 0.108554207066031
"mb68" 0.699332092825197 0.725934839299881 0.200037507720626 0.302863916593857 0.140946757685947 0.0929503549746479 0.141295535739946
"mb69" 0.806203899401478 0.784346606500396 0.18802773401199 0.658452237318885 0.146368269823499 0.083898878306333 0.0839636958460789
"mb70" 0.619364451674889 0.678470995276772 0.203911126793018 0.117087070053335 0.133055832132237 0.0688775110149437 0.164662350456838
"mb71" 0.811595856725087 0.814818785144182 0.20098799262069 0.55243220633783 0.150623361299058 0.0985542116536085 0.124877437234477
"mb72" 0.722981604986675 0.762236817533445 0.225504646954448 0.363887430457765 0.16999370375085 0.104905280981019 0.164307847919893
"mb73" 0.616077721025947 0.671883564336263 0.200232969487167 0.128358250342806 0.132126337341998 0.0642768717606047 0.160244592377057
"mb74" 0.663099509255356 0.651458509752084 0.167746011301998 0.341380824767923 0.116610085812008 0.076997384058416 0.0961650150860979
"mb75" 0.680621221835111 0.699965925547321 0.198645700800174 0.224973312210276 0.140548605606889 0.082366506565677 0.122220695870445
"mb76" 0.773809523809524 0.801579996932045 0.196447176535939 0.773606946338117 0.162811995206305 0.0773285587983377 0.0667309527854426
"mb77" 0.732044910706291 0.733350527281064 0.200560680332558 0.51206146330899 0.155101145667413 0.0759237506062284 0.0978623785544543
"mb78" 0.72289156626506 0.85319186982178 0.226732583745095 0.722630117403817 0.184233418197023 0.0893277172140967 0.100495158740843
"mb79" 0.858823529411765 0.898767123287671 0.214095925711956 0.85867596659749 0.182277257729838 0.0881153519099658 0.0877585964350955
"mb80" 0.616654906971596 0.670300349966648 0.200106820818896 0.133044267169757 0.131805968951007 0.0680664308570168 0.159684914407519
"mb81" 0.728985698460573 0.761714259438083 0.179125521268745 0.560255841605661 0.135370815448737 0.0945934592645032 0.0898479075920444
"mb82" 0.769292717641883 0.821025835082046 0.23993610959983 0.51484952666968 0.189764020189394 0.123073604004478 0.167481606055574
"mb83" 0.75609756097561 0.691577814731488 0.156633445290063 0.75586361869953 0.124039833247446 0.0590667957805332 0.0184813274644417
"mb84" 0.785202939720057 0.849422757288532 0.242345536458516 0.607731422287747 0.188884822262481 0.113453862298091 0.144724558721776
"mb85" 0.631900051270704 0.678110976660104 0.205994414823567 0.151589251685948 0.135036229286094 0.0711792854087465 0.163866839824114
"mb86" 0.616586286751116 0.673856116309254 0.200714675571703 0.117072078238259 0.132255373054113 0.0690810222501259 0.161077119514135
"mb87" 0.692964278594692 0.699233527011992 0.19667013085612 0.165430810248858 0.133633455632233 0.0814589392233693 0.14895361214035
"mb88" 0.702380952380952 0.72114552690777 0.179113436835694 0.702254842067724 0.14193794554721 0.0635167665433903 0.0468562739666473
"mb89" 0.619177633086934 0.677186012560168 0.193093224003328 0.10885445358688 0.128342253840241 0.0746701793635671 0.152787418895713
"mb90" 0.669922671347709 0.668119187267014 0.181031128360192 0.201114680938969 0.128562490188477 0.0744984998315518 0.110680727809806
"mb91" 0.838260464120175 0.836575875486381 0.20520794287875 0.599548804666872 0.159155601486542 0.0904823016409301 0.119091285101818
"mb92" 0.817868361427865 0.828699228049924 0.206466987151939 0.5877620359365 0.159749840169566 0.0923362385523414 0.120486748308524
"mb93" 0.684940374505398 0.689850019689583 0.192848770238978 0.141987542987144 0.129404111894108 0.073713603872045 0.14796281436908
"mb94" 0.870588235294118 0.819392284055992 0.149994307950856 0.870457806401508 0.122435935857616 0.0601249959739302 0.0133523785895643
"mb95" 0.843373493975904 0.834863975047652 0.170840467948945 0.843227495788057 0.141443045630493 0.0679323060067125 0.0348221714136653
"mb96" 0.641510765888287 0.627059439948769 0.157559568263495 0.301031211396426 0.110407733937054 0.0700898034947158 0.091118740610134
"mb97" 0.776250198067437 0.774478319500633 0.191534998647888 0.481732927069197 0.139313500878477 0.0951504977555571 0.122051886650569
"mb98" 0.711443242816038 0.749659875660875 0.209068977563662 0.344755147924368 0.15426311230108 0.0905441456048402 0.133188503874267
"mb99" 0.811764705882353 0.866974658604525 0.214001195083589 0.811548607381418 0.178980080444089 0.0866851265024474 0.0876486374665533
"mb100" 0.847058823529412 0.837271463701486 0.150178133698081 0.846952171039179 0.122716805954821 0.0593877173268756 0.0135657550856872
"mb101" 0.773965956247589 0.82375204818721 0.234555093125062 0.583706636518881 0.182959892178883 0.107434454268498 0.135616567347384
"mb102" 0.686724420923329 0.694374825435248 0.193316624151836 0.159150849123138 0.129973954719336 0.0764741433471126 0.147058722490239
"mb103" 0.753717130083318 0.768906115417743 0.2043914556143 0.547698438404697 0.158001373781519 0.0798243409016478 0.102424625716072
"mb104" 0.687980471413025 0.695213943392577 0.19395863602793 0.177254468694312 0.13571002183458 0.0918021528181715 0.141629337442694
"mb105" 0.725377662490832 0.740776641992715 0.175723459690681 0.612293366762534 0.136403075449088 0.0834120754106225 0.0697363566883646
"mb106" 0.720719926562877 0.756487971722519 0.213135540154349 0.370446038607105 0.159545093004274 0.0977355458411924 0.145265025362931
"mb107" 0.733994130985013 0.720855897503632 0.188208803964205 0.557523088449508 0.143792309701224 0.0820409401557235 0.0832234332660019
"mb108" 0.626673509002124 0.670305321580482 0.199773186386405 0.133359534285933 0.130270909893098 0.0575597492323463 0.158104863976011
"mb109" 0.738095238095238 0.768007411410484 0.189125995156682 0.737783394684598 0.153105949025763 0.0720244603123273 0.0589093617789656
"mb110" 0.66764537503656 0.701373540508562 0.199896293101307 0.242088677506708 0.147425871559786 0.0833491436712141 0.144747172296538
"mb111" 0.661503335434399 0.668023046845218 0.185161325572862 0.233358052829096 0.130154810878194 0.0660129554003442 0.134603745834322
"mb112" 0.709134891859972 0.733594141967115 0.202162827458989 0.315783777930717 0.143037223584536 0.082435564055486 0.13319048998329
"mb113" 0.746987951807229 0.860167349918571 0.236418870181732 0.746700136737656 0.192372620793142 0.0930330214907084 0.111762750469687
"mb114" 0.776470588235294 0.880988727101926 0.22677007652657 0.770829593993288 0.186246258994226 0.091899929078899 0.102470169394672
"mb115" 0.677848440283747 0.688326998474266 0.189461009267904 0.157247062241657 0.129284845860709 0.0732976552782151 0.141286181806455
"mb116" 0.616512003961482 0.669409988734332 0.187899864338669 0.107564570467946 0.124162706329929 0.073249331102818 0.146905192909881
"mb117" 0.738095238095238 0.754572118702553 0.182976502046868 0.737783394684598 0.145609325800949 0.0681036491858226 0.051085729249849
"mb118" 0.615894047743581 0.671551334237901 0.198565581581029 0.117072078238259 0.129166537974169 0.0622230765234968 0.158821449272247
"mb119" 0.654153955370224 0.654886083564595 0.174963688071097 0.232965364767153 0.119956723963086 0.0716241132131914 0.12374028561886
"mb120" 0.61584566799637 0.661599583039949 0.184238385919726 0.108769022657448 0.121497753984316 0.0726818541285174 0.14252072185015
"mb121" 0.794328198190135 0.782794477977649 0.171651681503882 0.686934963616023 0.131305630252828 0.0839481111760808 0.0652702615978902
"mb122" 0.674557957856729 0.68041219782806 0.187062804525845 0.143615977483012 0.12689848915415 0.0711686885540847 0.140423395092095
"mb123" 0.776470588235294 0.75764192139738 0.181465594423806 0.785528552616874 0.146991292235018 0.0697950022590973 0.0498828044816619
"mb124" 0.714302257581024 0.727696630948337 0.168302649723975 0.58796671993861 0.127141531126835 0.0776027950631748 0.0611399402780343
"mb125" 0.74868942981556 0.762641213073159 0.172930155796231 0.63895720796133 0.135112425894442 0.0828534753195477 0.0663636921944262
"tnt1" 0.64144460947671 0.629180976390514 0.172290308548061 0.210911962676416 0.11281107308197 0.0705684339266841 0.126203263400322
"tnt2" 0.684473121198444 0.690547130693302 0.185696897023745 0.254166358548065 0.13000706603983 0.0743454188856454 0.129528048768357
"tnt3" 0.648650627765114 0.643891765419528 0.17144202968789 0.218046186220964 0.115027321656497 0.0681933971852345 0.122057636678233
"iq1" 0.714142662815466 0.653702244978338 0.157771176693006 0.471357600554257 0.117168688811265 0.0575941290350822 0.0663576760522572
"iq2" 0.656416712198164 0.676693428950035 0.187625065372842 0.141722706811769 0.125536792620675 0.0827134274233825 0.143643230338212
"iq3" 0.706364647315564 0.662143756320036 0.159758179909742 0.467356421660748 0.118083064694646 0.0711984143010187 0.0793479466850444
"ufb1" 0.702380952380952 0.574896199297349 0.142320411179603 0.702077308665576 0.110017286005635 0.0488949924384316 0.00387300111496774
"ufb2" 0.602675619744662 0.597795712921982 0.142912940035283 0.292568234650699 0.0996236165182542 0.0622684317695035 0.0839891817333493
"ufb3" 0.634547729340924 0.684015842381114 0.206538869455009 0.187092627729151 0.141601766153198 0.0798140869361445 0.159233794676921
"ufb4" 0.60920939888711 0.645318955376958 0.18259764365493 0.163433673328612 0.123698976302141 0.0669237759118267 0.138261680711774
"ufb5" 0.700742626469909 0.675011894782156 0.167427235614854 0.398596493366455 0.119399654018288 0.068540904024756 0.088003205133198
"ufb6" 0.677957642476862 0.647454795597484 0.15521407651089 0.387184489770798 0.10748820129713 0.0685110121014723 0.0825167843408162
"ufb7" 0.617883455085478 0.681221678115259 0.198046861873272 0.176504875263865 0.130782949836665 0.0696528201809691 0.158307170094267
"ufb8" 0.73634462511015 0.725356344864782 0.178536405957958 0.506980517028308 0.134997225826124 0.0756042283303331 0.0894892496130505
"ufb9" 0.656482249248101 0.674937015701815 0.188612468478075 0.221331404971477 0.124858891410753 0.0698853430550106 0.146436504361294
"ufb10" 0.653465244026692 0.678602163579552 0.187237249915064 0.227631656505948 0.124383023241997 0.0782590985208854 0.144187976003696
"ufb11" 0.746987951807229 0.744422092172641 0.163607750141641 0.743638020611513 0.128357883580571 0.0600037443368402 0.0264029726971488
"ufb12" 0.707927467590666 0.725576737991309 0.19675950481983 0.299584905711812 0.140775959501626 0.0896265695129221 0.13321101313049
"ufb13" 0.60914645758238 0.681145096264604 0.197849635527797 0.164591442929098 0.132417326708199 0.0600364103572448 0.158447236040932
"ufb14" 0.615624596689689 0.605454606977295 0.148650381611013 0.295690138318797 0.103185797061405 0.0638973771740369 0.0863013539083695
"ufb15" 0.603132866180715 0.597573995477932 0.143734280791572 0.27576128990679 0.10101922096368 0.0639103919343291 0.0880050431396685
"ufb16" 0.653209562569768 0.67875752366891 0.188083822281436 0.235912340632026 0.125377575310548 0.0752585957038714 0.145879641334731
"ufb17" 0.688553258219223 0.741387457527958 0.212396716999492 0.508831640144893 0.158201446856985 0.091538841065841 0.111172053093355
"ufb18" 0.746686049328839 0.645888258875366 0.146676345379032 0.612043143349646 0.10982998451219 0.0626869035991449 0.0363066255323187
"ufb19" 0.739344300277417 0.763559514850272 0.209661461772776 0.368603831102306 0.151152087857957 0.0873495337380289 0.13396985492478
"ufb20" 0.72877666882929 0.736891295858859 0.197315331583442 0.353153287938512 0.143086745681745 0.0900451891208005 0.128060712601873
"ufb21" 0.726190476190476 0.732070598364184 0.173553755357599 0.71945885796803 0.139836161961258 0.063214761359534 0.0404008442430036
"ufb22" 0.626126929930744 0.666255251295575 0.197326913156905 0.140153626397442 0.129633652040343 0.0530927387025761 0.155542610561114
"ufb23" 0.742433724581334 0.677053674064904 0.163741142667979 0.49961277683948 0.120008347710462 0.0702547959978366 0.072680722926431
"ufb24" 0.610981663728804 0.674794877093818 0.191518195877448 0.181032869442221 0.126349968480121 0.0745530704137737 0.151135334356619
"ufb25" 0.698158670639457 0.640214633200265 0.15541993595152 0.470751549863822 0.115758795714637 0.0596706653658746 0.0632923809256817
"ufb26" 0.668117751887267 0.677198298868782 0.187070033776093 0.373018309052946 0.133915389605342 0.0717921644822308 0.109541059715277
"ufb27" 0.629583240488719 0.614267377514553 0.152274236997053 0.301129208794674 0.105916814249168 0.0626759976989435 0.0854585184561467
"ufb28" 0.616960183200959 0.670451369365281 0.197881833802886 0.121211564483791 0.127971674992574 0.0626347039493831 0.158103922203088
"ufb29" 0.679874195369193 0.684221372350134 0.189352203189137 0.292144996947761 0.13054683063033 0.0849131643394374 0.136723848736289
"ufb30" 0.685426767869327 0.687222402257001 0.191223131709291 0.30381924487781 0.132996850089711 0.0883830612028529 0.135727826548114
"ufb31" 0.748085393092273 0.725374503693627 0.174088091125688 0.525640147978333 0.133303187839693 0.0747240922443269 0.0845088837006903
"ufb32" 0.649119634230522 0.675453741525245 0.189322118500606 0.202610703567707 0.124622368181715 0.0697327574967951 0.147853070958934
"ufb33" 0.728626614332659 0.717859235974213 0.184773426749217 0.557591158601457 0.144203046434308 0.080205130124098 0.0793437738856439
"ufb34" 0.74390243902439 0.61729081009001 0.139316728814147 0.743653791996511 0.108966946125709 0.0510600708407014 -0.00215177433675112
"ufb35" 0.835294117647059 0.889275362318841 0.205197585128084 0.835054242743748 0.1705282897743 0.0830977735400335 0.0774298108120113
"ufb36" 0.651144173805234 0.63548972034223 0.167254492896705 0.31515623905478 0.113795547991924 0.0639786367944173 0.101685004541461
"ufb37" 0.64824465085057 0.642672248709043 0.174089571653529 0.326564194102047 0.120163312500272 0.0665483768543384 0.103142883122406
"ufb38" 0.682926829268293 0.579091740323072 0.138883480477154 0.682505441200818 0.107880150596413 0.0466899062527622 -0.00225500085964956
"ufb39" 0.694911599103349 0.67986737889114 0.163762211493865 0.463712122721585 0.119324640939063 0.07497571080514 0.0839750690745567
"ufb40" 0.683529294116077 0.682536791905212 0.191990190303302 0.315337094413256 0.135916322777902 0.0850008738270074 0.132896554434543
"ufb41" 0.651376057044724 0.678652610631235 0.184673668271996 0.384776803536565 0.134742325474492 0.0780132109745743 0.106916153295324
"ufb42" 0.707317073170732 0.566489060197257 0.135362285293001 0.706964159127529 0.103070580542005 0.0477842361501149 -0.00675620052220601
"ufb43" 0.615354166303089 0.668662018155506 0.197072953149702 0.121187566209184 0.129310221372294 0.0628296813227341 0.156926731444507
"ufb44" 0.606254115162576 0.66608459427281 0.186772925588968 0.174652279720506 0.124570363534927 0.0702091164740861 0.146152428563311
"ufb45" 0.622563758899 0.608765945200146 0.146635010834699 0.296796300366614 0.103899470270386 0.0634469827057957 0.0840858513035783
"ufb46" 0.602147082439085 0.62107576464688 0.156335483808091 0.210643514845636 0.106096290226415 0.0638576359747459 0.109414436325024
"ufb47" 0.606127443986099 0.631356515057369 0.162163179174916 0.191962704792847 0.108604460144407 0.0655977997436407 0.116789854196236
"ufb48" 0.755569328841947 0.714637109919094 0.173891395880317 0.568689526450918 0.131281695982899 0.0682592513683636 0.0679370111096891
"ufb49" 0.741787957716969 0.798737217313816 0.224740968470507 0.52588456596337 0.175704894066874 0.11211519219055 0.140452624489338
"ufb50" 0.697418614440373 0.725443206884344 0.203784226766658 0.358555849201939 0.153372465230042 0.095585993409548 0.13510712013384
"ufb51" 0.639841583815498 0.678218648492207 0.188832712496189 0.209583174054471 0.125549207524987 0.0750388256528889 0.147336034403758
"ufb52" 0.656414352745002 0.680897752840199 0.189317522690179 0.197695757935797 0.12516588244417 0.065830452988994 0.145419202713725
"ufb53" 0.643634139321884 0.669345577860171 0.182363661641143 0.197588426133393 0.122466135266017 0.0637395882886827 0.136894625297029
"ufb54" 0.678571428571429 0.629925137903861 0.153243120195799 0.678234096108062 0.118756363573614 0.0524593313175601 0.0165588636373136
"ufb55" 0.691169930649078 0.629316678912564 0.1483357956174 0.56353128601961 0.109864969206386 0.0660453829176485 0.0381807106948641
"ufb56" 0.66563825322382 0.628096272406152 0.152193215185885 0.40862985366284 0.110424491832188 0.0709051623995049 0.0791661055204906
"ufb57" 0.622960398312914 0.663820429511055 0.186263473251456 0.186412546300291 0.121402963980733 0.0618463714275409 0.143965917665417
"ufb58" 0.681742926385731 0.68156274741077 0.182773587270667 0.245153180824863 0.127722511122866 0.0712889706288648 0.126503734851714
"ufb59" 0.6733124106028 0.653310591577455 0.175947595139414 0.233597026234208 0.120435005280927 0.0719687045294944 0.122288186621004
"ufb60" 0.647372111949077 0.6466228391517 0.175194768247835 0.205760719533456 0.121546764767704 0.0637756651875835 0.126060991958792
"ufb61" 0.597659942944049 0.665785215693616 0.186086392731829 0.186284707143387 0.124067342770187 0.0736435116174659 0.145431603554867
"ufb62" 0.705276492276671 0.640216411181244 0.157351722077157 0.446452447717713 0.11577273238113 0.0598706524646933 0.0657981357996679
"ufb63" 0.610505411685445 0.64959067352359 0.177755567533602 0.186337596056453 0.116153395668562 0.0594282368103502 0.134204998354994
"ufb64" 0.646705107283102 0.631409214271969 0.167697646466856 0.322519960126811 0.116733901484189 0.0640671232241378 0.0960923693333604
"ufb65" 0.690444734989412 0.733022776750392 0.220166067746845 0.460911404564182 0.162364755303635 0.0926639461794171 0.119653606269829
"ufb66" 0.740028097066388 0.756985271569134 0.204705933508033 0.373106747137734 0.149936919422461 0.0873967073832836 0.128601733595799
"ufb67" 0.609092458920848 0.665078207558395 0.186488076614226 0.159439561175343 0.122684876218479 0.0736341458994606 0.145432082324289
"ufb68" 0.666666666666667 0.6372603968165 0.159387893904197 0.666312489829305 0.121269683819976 0.0540118544291158 0.0239251966392947
"ufb69" 0.692819521289742 0.718058876449901 0.197025075375388 0.287542821149573 0.137937241850903 0.0858461182365703 0.133465559773111
"ufb70" 0.732925127310153 0.789728074765193 0.229972095001738 0.387581506475224 0.175943654079965 0.112838745539578 0.163650627873685
"ufb71" 0.611411039518888 0.667741144491391 0.188611684193577 0.154760952750695 0.122860978665958 0.0624253612467246 0.147106523269744
"ufb72" 0.730180323765562 0.728706028454955 0.191116418539399 0.500616926180557 0.144677594869051 0.091461810713507 0.10288186172703
"ufb73" 0.669851389330151 0.688300180875967 0.192590081828513 0.233229445540522 0.137847310522307 0.0684422793583367 0.140054743236388
"ufb74" 0.604313119898131 0.672273967163303 0.192411747614447 0.174471932025977 0.127815480246551 0.068884740678677 0.152392332396411
"ufb75" 0.67261160030144 0.668943398162878 0.185102534234301 0.233085311880179 0.125450195932398 0.0667321041907202 0.139785807531573
"ufb76" 0.67850603304752 0.674733867149624 0.187763209385501 0.245317040921731 0.12799576453724 0.0689050206211333 0.139517633676611
"ufb77" 0.619744122663923 0.659716013762462 0.192860343801237 0.145548857542364 0.128845803247632 0.0684904072956364 0.146427619951959
"ufb78" 0.729162191452301 0.784782136781046 0.228064242284288 0.437992674539676 0.176811484650042 0.112974233911813 0.161584933061178
"ufb79" 0.775283995127394 0.67600200594067 0.143767297542511 0.682554692660494 0.109925927155425 0.0683478123013988 0.0328781609415488
"ufb80" 0.596398454650892 0.651406618279648 0.178739047703819 0.154692564830779 0.116755498418126 0.0600377094803346 0.13605282900863
"ufb81" 0.592490682175979 0.597275375342805 0.148594606848584 0.221367258785249 0.102553205947124 0.0554923251117447 0.0997549305357369
"ufb82" 0.588554302860813 0.585258042924573 0.146202540648922 0.232920457134512 0.102372607045033 0.0566430673999415 0.0954368868647604
"ufb83" 0.585642638689091 0.577492267900493 0.144459131562746 0.244580113093925 0.101095829564999 0.0591719205611991 0.0914202987479012
"ufb84" 0.655712361770428 0.666357155122522 0.176651632486157 0.361788053445582 0.127119983395893 0.0800890456636884 0.105925028029108
"ufb85" 0.616585949239583 0.67972226743059 0.197763178467313 0.162649974422139 0.131146588542746 0.0593681644732984 0.158358382401184
"ufb86" 0.689807257097252 0.736110764728866 0.206896353489989 0.329479992130261 0.153085720818087 0.0866074904135811 0.144157998101428
"ufb87" 0.640762180357807 0.667035070599496 0.180495702428278 0.244865417796824 0.121096488658304 0.0757705329802116 0.136109213587096
"ufb88" 0.696166929642154 0.661872644316604 0.172239687244852 0.377334692270899 0.120184025229446 0.0709615234310343 0.0933198580633146
"ufb89" 0.673500882929924 0.671584683070881 0.184905491463552 0.218070282442676 0.125738281382423 0.065252084422875 0.138165267542186
"ufb90" 0.599834050872011 0.589872954196377 0.147632024378821 0.267850983103405 0.102654185296499 0.063376004805498 0.0947833041665775
"ufb91" 0.595161485487306 0.582795020805583 0.146569099601937 0.267612073551469 0.100516660399624 0.0614114966195722 0.0910834590991749
"ufb92" 0.788235294117647 0.739242863053372 0.149497749527541 0.788042972019089 0.119749525019911 0.056303811705454 0.0127759963466711
"ufb93" 0.651111206923632 0.654806593765301 0.169830818566757 0.350046766997737 0.121873583463707 0.0766447281080766 0.0985182980780658
"ufb94" 0.661984953444021 0.674164257358337 0.181937884490346 0.361259814569327 0.129425367520021 0.0671760610255776 0.103919458342163
"ufb95" 0.713634061331693 0.724754223307059 0.194903552297792 0.354779854856229 0.139133770068164 0.0932349800124152 0.131275662494398
"ufb96" 0.718766331020268 0.680599443106091 0.166513050326303 0.488803034434161 0.127166049321777 0.0684363861556038 0.0758047052176738
"ufb97" 0.64560554503217 0.668303225391539 0.182868780409413 0.227576924261015 0.12263462196715 0.080489900559505 0.137452943688612
"ufb98" 0.788205267803732 0.772711188000079 0.188709192246376 0.528854468168962 0.140896872717097 0.0909725227717267 0.111429009486189
"ufb99" 0.623400364095141 0.663214689223997 0.195242814876583 0.133397563305119 0.127251081913561 0.0550849919437326 0.154014253871986
"ufb100" 0.617459005516914 0.679083375489577 0.197426026117966 0.144974427410396 0.130339355992078 0.0558387228155573 0.158004635373124
"ufb101" 0.624665786552739 0.65934773669687 0.193248298568709 0.128780295477454 0.124728884737628 0.053022958441442 0.151926930749956
"ufb102" 0.669298168993602 0.644102183730012 0.15514423764173 0.406301459639336 0.11157743236638 0.0735445273742583 0.082319515094908
"ufb103" 0.639471108723095 0.625421969738351 0.151055006156102 0.370419987206749 0.108572529559305 0.0713445493537323 0.0840169238938469
"ufb104" 0.749763435602638 0.665235750705237 0.159796029174294 0.529055877264056 0.117969404056295 0.0695396246666446 0.0687589369309598
"ufb105" 0.714285714285714 0.679237135660309 0.17309256864764 0.714058982711985 0.140609929080614 0.065954721385107 0.0399731708899763
"ufb106" 0.700615667600578 0.752105044072649 0.207601367271743 0.437437301147925 0.16031851607643 0.0964144407012575 0.131929664405598
"ufb107" 0.693251072619785 0.65822716329898 0.175804827682343 0.496918113585713 0.131862314568533 0.0688510893019018 0.0688688912098641
"ufb108" 0.660048825376003 0.619134700200082 0.15551930000819 0.325542835231219 0.106278811451255 0.06313101211989 0.0828351577241186
"ufb109" 0.752941176470588 0.696265464215516 0.151975867758057 0.752813541098447 0.121985055484449 0.0554464434485209 0.0156524823285686
"ufb110" 0.681455325719754 0.603471573743477 0.144233824848167 0.423768593215056 0.10082865396158 0.0598586773381566 0.0626061198182381
"ufb111" 0.654071941822513 0.641212191202086 0.166085652215867 0.375043264773845 0.116394025081529 0.0763714833330561 0.0865790887034119
"ufb112" 0.650602409638554 0.577866895827366 0.149788705955378 0.650182307715128 0.115586605256195 0.0496515343049113 0.0110465197656389
"ufb113" 0.616463477647267 0.664400909779418 0.183403111450462 0.210028181493836 0.122396366396929 0.071309080847409 0.142180733528045
"ufb114" 0.61896673847268 0.65393657046861 0.178551744853018 0.210293350060147 0.118119156621706 0.0702546157622708 0.135869164070951
"ufb115" 0.682011508466335 0.68328117234617 0.190371424002751 0.303961961527381 0.132845931751874 0.0866325296747454 0.137809238747494
"ufb116" 0.665435934284017 0.636519240929905 0.157930448463519 0.361605708567372 0.108755090877537 0.0756749907322277 0.0915661167258959
"ufb117" 0.639367309630061 0.618191328668343 0.150869470081098 0.304789787059231 0.106325119214291 0.0634664533081084 0.0838796454726419
"ufb118" 0.698795180722892 0.572185843467415 0.143176377797453 0.698441222226392 0.112047074555106 0.0500289386057625 0.00335515528949365
"ufb119" 0.649462220478776 0.613965296781088 0.143802945815938 0.352775061836086 0.0993822372861812 0.061397536273142 0.076116906475795
"ufb120" 0.571428571428571 0.674025548640681 0.208432817929918 0.565755604558966 0.156548263028566 0.0725031996001822 0.0799057974958576
"ufb121" 0.630952380952381 0.501686997145082 0.133347537110603 0.630547670993035 0.0949262460212875 0.0415689828101514 -0.00631150344203035
"ufb122" 0.616884909514425 0.67892435760541 0.202256625606543 0.0947931121198601 0.130406290515164 0.0629886278900842 0.163061059045545
"ufb123" 0.688592929250867 0.726062329892357 0.217033520982776 0.437059780162591 0.155593005891655 0.0894826008252059 0.116117306895203
"ufb124" 0.672610622521767 0.661253403232754 0.176322660686444 0.242062219856014 0.121260735983344 0.0710689112641313 0.122605399400436
"ufb125" 0.666975901916621 0.642132901941264 0.17387302209095 0.242204061984228 0.117053700476605 0.072505865859113 0.122513865930012
"ufb126" 0.688128483145002 0.640674691471926 0.165312388013033 0.375130833908935 0.118705771233821 0.0620378703435537 0.0856866097351764
"ufb127" 0.599768445349209 0.64169803065952 0.174911496181767 0.186621850309474 0.116662416622404 0.0704003460917785 0.131229380899232
"ufb128" 0.706344528421306 0.680078470592761 0.163532943203892 0.363974558368466 0.114164854235304 0.0685330280263885 0.0975427134337899
"ufb129" 0.620145274346358 0.620799029378629 0.156637972577401 0.281518078851357 0.110561775515834 0.0742572498147475 0.101827576065234
"ufb130" 0.627232140949457 0.631417662517975 0.16147532239636 0.281445869539283 0.113175798140992 0.0763686474749251 0.109501656921034
"ufb131" 0.812734025914139 0.757216221002302 0.146926709987203 0.752726680342493 0.119443745814054 0.0774403851482587 0.037595079919531
"ufb132" 0.688315166143443 0.684504731669527 0.195864999316464 0.327157522640721 0.139332568516554 0.0874380775425755 0.137054746830105
"ufb133" 0.72289156626506 0.635687319564735 0.146143701625578 0.719234138590472 0.112645396254954 0.0509431994073473 0.00688397263186291
"ufb134" 0.738095238095238 0.764049519465711 0.186198361016794 0.737740415215154 0.150983622224521 0.0709007980834162 0.0539511154768154
"ufb135" 0.766783977738098 0.766760810696454 0.191480957506339 0.469892770756794 0.1394378473736 0.100894921080027 0.127795855718434
"ufb136" 0.657345339485734 0.669244914042205 0.186826789288755 0.203427368259013 0.122818307658708 0.0717029389153663 0.143771423034049
"ufb137" 0.610111528602776 0.599149937566036 0.155945568433751 0.251226214591513 0.105991391885695 0.0655784361858109 0.0979879621944231
"ufb138" 0.614401199692846 0.594687460555657 0.143241257842143 0.298803751096619 0.100677990636808 0.063200507089056 0.0843155411977356
"ufb139" 0.698781184477528 0.716872991827401 0.194488469455875 0.314166779599956 0.140659489714468 0.0906545165154188 0.13076030446468
"ufb140" 0.616469041536759 0.667099589050252 0.196256518788768 0.128324298961141 0.129200176859177 0.0569412355888718 0.155632603675948
"ufb141" 0.606525819302575 0.594435779064209 0.143393346578439 0.278814673245256 0.100086973826523 0.0634463085843675 0.0844920550637269
"ufb142" 0.692861471922373 0.715082988598527 0.195489793396012 0.299338729538109 0.141662293411625 0.0830587359991102 0.125940577863964
"ufb143" 0.637201899810867 0.651363611521014 0.173956195882728 0.233677021899691 0.115843506178628 0.0674841359597791 0.126594166567082
"ufb144" 0.653286890176649 0.665499426442304 0.18062118267751 0.233705031429053 0.122143430371209 0.0738735280912771 0.135080425345235
"ufb145" 0.604124707551919 0.660033680245368 0.182271004434751 0.190997902855309 0.12159572953048 0.0721654155931151 0.140991476964124
"ufb146" 0.609829907743345 0.598420248745363 0.152729820100736 0.251363734075964 0.105651437662877 0.0648695992447745 0.097689326324004
"ufb147" 0.622462273086209 0.608662162162162 0.157218838884846 0.280328542814836 0.108946390861198 0.0639614291340991 0.0993486626792709
"ufb148" 0.569068869095675 0.588942346424164 0.147665053895267 0.20983497511462 0.101835202839839 0.0619326305786623 0.101503431302019
"ufb149" 0.666040349728317 0.682069640305647 0.188936901530596 0.202582081815528 0.125284123825913 0.0671131531915265 0.145020906464097
"ufb150" 0.652852955152302 0.657480216680396 0.18958553265253 0.265570815099455 0.134740057579061 0.0792775763356705 0.119411781769713
"ufb151" 0.640367757984437 0.625744995421316 0.158692943248604 0.310854562574496 0.109219681107793 0.0656962820833071 0.0923651571744353
"ufb152" 0.734939759036145 0.643755328218244 0.142884216964639 0.734786528023172 0.113354683246172 0.0516035661813786 0.00309288218268301
"ufb153" 0.617014381860754 0.599610897650072 0.143480207586456 0.287744034481281 0.101728115199438 0.0633807811329172 0.0845405681544367
"ufb154" 0.623298665659031 0.686769328412151 0.201855935158811 0.162649974422139 0.131945543676141 0.056373883173504 0.162652169808859
"ufb155" 0.624731829645792 0.682632599664046 0.199127499218159 0.178915411889823 0.132524881427668 0.069781603336608 0.159440181087145
"ufb156" 0.621086911501692 0.672220218311245 0.192060138706954 0.181032869442221 0.126772921035974 0.068587822417338 0.151703339935674
"ufb157" 0.670258280479304 0.680120955426275 0.191958639593868 0.197594257389486 0.126479899696886 0.0637324780019646 0.149159758803929
"ufb158" 0.684958913016321 0.682263155666435 0.19271147184434 0.226810576720292 0.128917617026675 0.0689781010258402 0.148996933644505
"ufb159" 0.692474771739427 0.621014927308384 0.147482530212455 0.447785623152703 0.109306056231641 0.0544049012593066 0.0549523245081711
"ufb160" 0.651506317049189 0.626355133473913 0.163364229608872 0.310854562574496 0.111905216823577 0.0636743531095836 0.0974047229636088
"ufb161" 0.735484210112003 0.645722996345444 0.146925964948586 0.527632751444646 0.10597798474153 0.0691492859492154 0.0538843625965404
"ufb162" 0.595555288873144 0.5915964253072 0.140852342353027 0.26885070083906 0.0981284370166052 0.0612121610272217 0.0875331183977813
"ufb163" 0.610483203037581 0.643878406617516 0.16672274398772 0.210036740629741 0.112320556499733 0.0653638198920418 0.122593755834042
"ufb164" 0.742908325526924 0.802409565428502 0.223640321697552 0.399225977514114 0.170369438509929 0.10606839184942 0.149503480616264
"ufb165" 0.559296211077002 0.585497405038523 0.145933613176584 0.197778121774216 0.100101131189235 0.0592421040132024 0.0996813094083297
"ufb166" 0.564246382537677 0.578980735647026 0.145891867264937 0.209366958170077 0.100685817838435 0.0601842980835315 0.0969101273802662
"ufb167" 0.665893109314224 0.658877436890402 0.168412722193712 0.338875514023046 0.117867271346115 0.0794564864123411 0.107594752909126
"ufb168" 0.66583878685879 0.653688039972426 0.170056929596807 0.350437294160419 0.118684273263427 0.0750430629891413 0.104708102102542
"ufb169" 0.815472270830932 0.810793461222662 0.201634037925683 0.564113763100867 0.151990859405886 0.0863599648675207 0.115130143327481
"ufb170" 0.747963649481205 0.668151003588994 0.1675814304836 0.548431550467486 0.121855850151823 0.065692344820907 0.0597764188327343
"ufb171" 0.705882352941177 0.732916102841678 0.177770600376083 0.713898634780167 0.142573975407156 0.0642615324670328 0.0455938248637455
"ufb172" 0.696858314200805 0.643937412495961 0.158957576511866 0.483320105657306 0.120561060300237 0.0642590500308846 0.0678817190531854
"ufb173" 0.658635912427404 0.628692223598108 0.165535389947364 0.340907405829014 0.116914253114509 0.0739200073529199 0.0998280215771474
"ufb174" 0.658949673455711 0.636468740546745 0.165626262958566 0.329068962001701 0.118247852715016 0.078593390150127 0.1046055520019
"ufb175" 0.643721672224282 0.627750808825885 0.158764892305757 0.292603957124471 0.107994229586336 0.0700346681673596 0.104074043750914
"ufb176" 0.613269149052343 0.667843000515129 0.191591807428204 0.151034722483085 0.126768344078869 0.0542451962240494 0.151922675801843
"ufb177" 0.611061768161757 0.67660590003995 0.198046201852236 0.116842748678249 0.129699908795844 0.0592812402227643 0.158693785950463
"ufb178" 0.642870023562071 0.650287543024061 0.180516058610425 0.184071275805834 0.122148443365864 0.0686572976008122 0.127061324271254
"ufb179" 0.602341750566314 0.61088589970009 0.163061433347415 0.162179482612687 0.109425863298749 0.0585534488347997 0.114966252435719
"ufb180" 0.623467137680765 0.659865818855455 0.194169070714006 0.133429387313124 0.124710236944503 0.056006473038332 0.153439648912331
"ufb181" 0.608578943001451 0.671485985814876 0.189927847901141 0.169470215302955 0.125513353793551 0.0751096599785837 0.149465893133299
"ufb182" 0.723749140053509 0.690469855797371 0.171070870729565 0.440369501386754 0.121979486988248 0.0643171348872953 0.0812554208806213
"ufb183" 0.692426482558471 0.652281148815299 0.155555357778772 0.428513668300663 0.107229551944027 0.0668872492773266 0.0751170788558149
"ufb184" 0.709992396180296 0.626989762030187 0.150479908385984 0.462928377560181 0.109548894486934 0.0684893508142922 0.0692491934003361
"ufb185" 0.619833119200977 0.589831393708117 0.145194642365809 0.303858618505297 0.101521757763729 0.0621131222724589 0.0825925318200205
"ufb186" 0.727026922271238 0.704229780465701 0.192763651035106 0.338609486580846 0.137566623880411 0.0735387840450151 0.115156852211308
"ufb187" 0.674071027118422 0.602075974602899 0.142150905896986 0.434048870246295 0.102515341584406 0.0577337916414053 0.0600106225180282
"ufb188" 0.746987951807229 0.582623175629347 0.136217379379242 0.746640698815863 0.110637294989025 0.0508572595916095 -0.00473945101936298
"ufb189" 0.651699313592166 0.681900511846607 0.193765351467574 0.211925172075947 0.1285982036201 0.0717244733013298 0.15306546569329
"ufb190" 0.77255857958531 0.75543948750505 0.183558450048336 0.445359543755416 0.132209377050964 0.0815752208391292 0.113282311472481
"ufb191" 0.751385628055617 0.738471737162075 0.18123982843897 0.397133092802434 0.128469683793791 0.0815157103384199 0.116666111014535
"ufb192" 0.611594881404632 0.672595494695824 0.196871761636493 0.118472357975206 0.130150520608369 0.0636302638748715 0.157413473376395
"ufb193" 0.626028186153513 0.624157734189942 0.16064010703517 0.27985635166418 0.114918332747376 0.0743878848007351 0.103019928502498
"ufb194" 0.644014629526055 0.635707890480592 0.153385858625128 0.408330051453761 0.112425408916058 0.0742260827004236 0.0805215092553958
"ufb195" 0.791881603892015 0.779110612310338 0.192774110470492 0.540614961015008 0.146377894238458 0.0791787678371865 0.105310232271862
"ufb196" 0.697600359153939 0.65095322748728 0.162301253087095 0.523234742626818 0.119615451791179 0.0659825104701899 0.0545950443605844
"ufb197" 0.696950396712833 0.648555219239485 0.155034790187492 0.463765158459428 0.113174287048942 0.0638187211293405 0.0632662522600011
"ufb198" 0.641706201364713 0.669707778547293 0.197842223442164 0.152581512846748 0.130092685108702 0.0643749453131076 0.154340102851026
"ufb199" 0.661065727466712 0.586941193061627 0.137304336127455 0.385573466739855 0.0956151957047554 0.0606816655411719 0.0629626636043796
"ufb200" 0.669429076460654 0.582095929922017 0.134586481497665 0.584798812171037 0.10036932003852 0.0580816420990358 0.0232638449650386
"ufb201" 0.66761888531083 0.676382626767848 0.188433422782377 0.199740548014895 0.124678080035675 0.0624996649037221 0.144491749115546
"ufb202" 0.684766961515693 0.682332850535769 0.190927022985961 0.229344066630602 0.128203381701979 0.0679053348618186 0.145953919709301
"ufb203" 0.615226449282128 0.666899464042894 0.195707914056062 0.121187566209184 0.127185538118895 0.0591487161082826 0.155493440618279
"ufb204" 0.671217621094564 0.655253452508957 0.160223687614331 0.281734703446758 0.110176241357563 0.0655568272162831 0.102549119432285
"ufb205" 0.648327265072398 0.642054117182813 0.172381620962508 0.210163773989041 0.119426367632533 0.0552387165008727 0.123136938669558
"ufb206" 0.657778229598168 0.678483207266367 0.191356008259599 0.217315751366851 0.126801667347918 0.071581687492662 0.149988413765137
"ufb207" 0.616721416472764 0.672168497083324 0.193793556595213 0.150893004118689 0.126587432565788 0.058436427189676 0.153095834786223
"ufb208" 0.618693772057799 0.668568725564794 0.197782532159549 0.132981957995316 0.130991812525281 0.0600668350002588 0.15669340523183
"ufb209" 0.624814829636968 0.596984668515117 0.143497463986175 0.270920553128384 0.0968443313362825 0.0606630332809251 0.0846632900996489
"ufb210" 0.611381879586324 0.677673571619463 0.196568478968765 0.152833158285206 0.130143413869875 0.059922042805685 0.15714355020449
"ufb211" 0.63855421686747 0.543733179546328 0.146745322315801 0.633765351669334 0.111209443401203 0.0486966927701305 0.0075837146739303
"ufb212" 0.633087178743599 0.680627407490429 0.19116439635465 0.190559684207528 0.127686814630782 0.0765592996045021 0.150333210621734
"ufb213" 0.733914810245091 0.642349437010628 0.155986313252822 0.517314995234961 0.113270704122205 0.0774322517001984 0.075589085353096
"ufb214" 0.703885117302691 0.625917202283524 0.152242320311794 0.450762028044485 0.110894307591817 0.0733178623879068 0.0791597594157367
"ufb215" 0.680996576247881 0.676249724383406 0.189504746951573 0.315528161484309 0.133205535378063 0.0831001669696884 0.133891532524871
"ufb216" 0.65911082966123 0.656118237095557 0.171066234275966 0.350341595477761 0.12046025313318 0.0782737741820232 0.105796878349956
"ufb217" 0.648433605885581 0.667275703246926 0.186298740221565 0.183793793410021 0.12227001169761 0.0714784509565213 0.144018020942474
"ufb218" 0.719300722922674 0.725698441266066 0.194956115639209 0.366344743729175 0.140026211981431 0.0898649699613344 0.125497946486892
"ufb219" 0.643568128850964 0.628773998091323 0.169812437692996 0.218153927477261 0.113140777108257 0.0711239587591261 0.122137732916135
"ufb220" 0.650130449754281 0.599556205011636 0.164138906611596 0.4319128819373 0.119522828582409 0.0565546567651325 0.0567120331123866
"ufb221" 0.706901148373524 0.680866476283346 0.178004503134993 0.461746307283109 0.133198510856277 0.0748340570831257 0.0881269085405856
"ufb222" 0.659951699965244 0.663087591119303 0.178700226621559 0.232709138243308 0.123876396745943 0.0727979203710331 0.125220059831381
"ufb223" 0.669410251795576 0.67021397570267 0.179070848385132 0.239452304156325 0.122018092188407 0.0636703811515302 0.128199433933884
"ufb224" 0.699780569495039 0.635035416700906 0.153033742683312 0.447785623152703 0.114212883348953 0.0552751161243456 0.0611060522940108
"ufb225" 0.602837185517845 0.636074692637823 0.1774617027578 0.133321607515248 0.119398789005247 0.061650170776412 0.133813896844694
"ufb226" 0.634492314733615 0.61955227957069 0.164946826453738 0.210194367008812 0.110181984180037 0.057566996813034 0.118489774425475
"ufb227" 0.638152216185498 0.628190548510575 0.166962504448289 0.205872642326987 0.113312624133684 0.0581467233334027 0.119122705772112
"ufb228" 0.599057684270808 0.577726415624077 0.153662708954576 0.141815576950608 0.0988385557483851 0.0554752203523462 0.10653423999742
"ufb229" 0.677099216714083 0.671183361284749 0.185210801059075 0.30381924487781 0.128804682296159 0.0796931310659469 0.129302951799216
"ufb230" 0.686230641420963 0.679791539357323 0.190531844520922 0.315439531258397 0.134304659832546 0.0824191301662222 0.131331552824967
"ufb231" 0.59771459370827 0.608782465652874 0.152112330879424 0.210657470881417 0.103491839367772 0.0646408446146327 0.101710512949603
"ufb232" 0.594776133852537 0.64990653668794 0.177571954283997 0.186480306773289 0.117863839974925 0.0711602640868274 0.135515238918756
"ufb233" 0.629510925091897 0.601243523316062 0.150014148282297 0.282737400043274 0.101368311655788 0.0570613193742506 0.0829873060196491
"ufb234" 0.61341017933149 0.669924615497214 0.192985594729479 0.151063704298724 0.127535394114097 0.0574365068392307 0.153384851409505
"ufb235" 0.616383610681293 0.67917749651072 0.197425949397796 0.132971019058902 0.131545126747147 0.0562980829074409 0.158004589092336
"ufb236" 0.621408510564453 0.653959398504948 0.189101320992258 0.162838231284435 0.125702702231501 0.0591867711827075 0.14510570697873
"ufb237" 0.661644374154457 0.599860228439145 0.150053934386826 0.386369570387645 0.105039751773666 0.0661450422909827 0.0689512612030541
"ufb238" 0.624466675793877 0.671444990634351 0.198629945658321 0.163623719271658 0.133025895003157 0.0656361488702584 0.152575296188883
"ufb239" 0.630106055085077 0.670193752561359 0.199652719220417 0.153453722459913 0.131160008761332 0.0696466806501455 0.156245809676149
"ufb240" 0.608594292518612 0.535325818525063 0.155045765423375 0.21083194354681 0.0954611726427868 0.0567742471883703 0.088351566905877
"ufb241" 0.563549419378414 0.522456996824421 0.140620286648538 0.129491588779125 0.0938096638987157 0.0538951295652905 0.0873180070951101
"ufb242" 0.564071568598815 0.522831842942122 0.138538583883009 0.12941049159034 0.0917350509833164 0.0501796499516594 0.0872962587698431
"ufb243" 0.554009792668313 0.52129424835766 0.13702535876499 0.117642859347846 0.0893150323475941 0.048510356163806 0.0875046800867418
"ufb244" 0.736126759108321 0.705905539095934 0.17309155869433 0.366825041110805 0.119882112804374 0.0726429490424268 0.112483847887011
"ufb245" 0.625224224982327 0.664346542025667 0.189330933556534 0.166877120891724 0.124007614069879 0.0581378739687422 0.147860723959217
"ufb246" 0.748656119867097 0.711085902397793 0.172825604605532 0.414331985683537 0.121680528279734 0.074255129514944 0.107526475745685
"ufb247" 0.811764705882353 0.873535379982981 0.214204513024163 0.811548607381418 0.181894009684402 0.0873255262882399 0.0878846396066963
"ufb248" 0.821854760345054 0.863200855540278 0.225567440001583 0.674320374559012 0.18167118807475 0.110931460479923 0.126314567882193
"ufb249" 0.628108512021039 0.66998715407397 0.19754703959786 0.167672260370941 0.134531158860976 0.06617325064437 0.15143669172768
"ufb250" 0.62392783163573 0.665689235551125 0.1949930031102 0.155677473447834 0.129708251390082 0.0655885917067239 0.150164083575222
"ufb251" 0.647891860913311 0.663974502284724 0.178208423891809 0.215667599742356 0.120071228737437 0.0707399632101864 0.13369805008317
"ufb252" 0.605383043869826 0.652184865505915 0.180101238774255 0.174733518880044 0.118398238287549 0.0626180387238326 0.136694519434636
"ufb253" 0.592988279138254 0.639811702646842 0.173283127486678 0.174682937883528 0.114942313409581 0.060458893344298 0.128544554152134
"ufb254" 0.707930270698433 0.725096151397061 0.195776972272849 0.304209618936216 0.14457955039443 0.0872403354165199 0.126296734910225
"ufb255" 0.653292062665169 0.631889958952733 0.169677534069304 0.234254172231244 0.113736332856678 0.0708092111004925 0.120187972141823
"ufb256" 0.619602698651698 0.661671548494288 0.194259144884956 0.128903170886022 0.125339621751333 0.0540548185954551 0.153972076353633
"ufb257" 0.738223801371327 0.58702023726448 0.133610474586483 0.617222202059591 0.100504182711488 0.0586217762681847 0.0215508021747402
"ufb258" 0.650295900516293 0.610633072037723 0.146537687528126 0.384919084510833 0.102789956768173 0.0682092212015869 0.0791428891299803
"ufb259" 0.652697371208313 0.646643204799553 0.17311653011611 0.217911602396613 0.116618962940583 0.0700575927068476 0.121710343909538
"ufb260" 0.647288930604706 0.677978699370232 0.191793267848126 0.162175695860952 0.125834957976113 0.0611395103841736 0.149782478553368
"ufb261" 0.668287126310124 0.672612937437333 0.187433394487192 0.191076621375714 0.124349516997168 0.0664649207237519 0.142273455170187
"ufb262" 0.688324750411145 0.682084795343513 0.191442863131791 0.220886519270457 0.128895123425774 0.0715961064624771 0.145103002723332
"ufb263" 0.640485642232536 0.647619169203993 0.172672234369023 0.233632123779448 0.11564172162645 0.0679845750786961 0.123506583720175
"ufb264" 0.657709557680991 0.616382898839354 0.146352681959183 0.364690467338317 0.102417801147223 0.0580689171533623 0.0726682014453876
"ufb265" 0.693655587621544 0.674296233796119 0.166754154841071 0.494993336713142 0.129064374816996 0.0709418845041815 0.0765225830411693
"ufb266" 0.614305012997324 0.598153251189356 0.143726203664952 0.274973048865727 0.100569232662122 0.0613483116009761 0.0809993711817013
"ufb267" 0.639031002708622 0.664620056395055 0.179863332567676 0.235859203478555 0.120474183555391 0.0726499635804582 0.136422848135857
"ufb268" 0.675437889631007 0.587237764102345 0.141114319968662 0.42618199197578 0.100893122110783 0.0585483906479191 0.0587690308392824
"ufb269" 0.671979508221347 0.607599247244377 0.142196649732146 0.464863809693957 0.0994403919580528 0.0616847936364531 0.0486392386135862
"ufb270" 0.595356464513158 0.585526876606742 0.145935592065217 0.247389504595466 0.101063122394979 0.0613917969520482 0.0951215101414006
"ufb271" 0.58979803188876 0.57596130951619 0.143889137793843 0.24719191967134 0.0981761302016403 0.0595705519158328 0.0907760478254452
"ufb272" 0.636540053868181 0.60367070507079 0.159018251133391 0.305079962589401 0.107573275720128 0.0623096920817954 0.0926533106763829
"ufb273" 0.654761904761905 0.676877224935839 0.178608429884608 0.646073710352347 0.139870820376946 0.0648253556689258 0.0464559884141803
"ufb274" 0.602398829076491 0.655112518627152 0.180206226384898 0.155546779155019 0.120782628334416 0.0689801364937031 0.138832488342553
"ufb275" 0.558559126129298 0.581030656550151 0.144739358838574 0.181446538874558 0.0991339283498582 0.0594755637872743 0.097173911425349
"ufb276" 0.705410826230957 0.576426095178065 0.132355437364458 0.60723329724024 0.100431218590272 0.060528618242841 0.0209916156430313
"ufb277" 0.621951219512195 0.574780058651026 0.157158886496234 0.616998930147718 0.122149765796405 0.0531216714107115 0.0193563163576094
"ufb278" 0.613713640757437 0.652939493835902 0.188391821677135 0.133443543243103 0.124285640670816 0.0578302604758484 0.143170608070932
"ufb279" 0.616360108018725 0.652178771598327 0.186853438429362 0.124519867891027 0.122630277072163 0.0556074747801252 0.142735864698615
"ufb280" 0.624659478405568 0.66042801309699 0.193070811600563 0.134905248399669 0.125498779631631 0.0575609100861139 0.150254426987894
"ufb281" 0.623462268067335 0.591355230000427 0.153236552738034 0.278834833636664 0.10219335547798 0.0618203005739961 0.0911898408480892
"ufb282" 0.687990209553859 0.606893392877591 0.147045411622445 0.491753089663387 0.106319250184146 0.0625454004298358 0.0545846122185032
"ufb283" 0.654584451501219 0.645626409842901 0.164144850334549 0.338613143336768 0.114527770545196 0.0742938390002386 0.0983305120581363
"ufb284" 0.650602409638554 0.70015074688228 0.199249510204764 0.650301183558714 0.155907981688831 0.0745547304091734 0.0685254194468496
"ufb285" 0.652955465763758 0.668408628852897 0.179302165064482 0.41556610621369 0.136222113272913 0.083453598267226 0.0894686810190325
"ufb286" 0.764705882352941 0.744831761958308 0.164322435747948 0.755908754969843 0.131737725058784 0.0617521024216177 0.0299838121699511
"ufb287" 0.677317294957178 0.667110539514168 0.186345697706621 0.315337094413256 0.131261109674442 0.076088656591381 0.126839253000432
