NaN 1 1 NaN 0.02353138
NaN NaN 1 NaN NaN
0.322545 NaN NaN 0.03170339 1
NaN 1 NaN 0.988983 1
NaN 0.6198827 0.7459024 0.7481364 0.9196082
0.9964241 NaN 0.5483258 0.9621119 0.975145
1 1 0.8424093 0.8851576 0.4891404
0.435509 0.9762158 0.7948544 0.9607756 0.5106713
0.9549447 0.8642229 0.6377857 0.9541867 0.7874615
0.9094391 0.9637726 0.8027291 0.3894221 0.9739256
0.8051314 0.7586529 0.5016597 0.4969854 0.4382936
0.6492031 0.5795538 0.7623477 0.9443089 0.6409451
0.8830491 0.727188 0.410457 0.7344384 0.7361907
0.8452008 0.3248126 0.4689687 0.7638826 0.6205812
0.5305917 0.8739531 0.6669158 0.4708327 0.8716299
0.7157225 0.5962969 0.3947896 0.6801443 0.4198598
0.3282847 0.395149 0.4147376 0.4280562 0.5553383
0.3235226 0.5945743 0.36632 0.3224881 0.4759383
0.4996302 0.4130546 0.3169013 0.5948611 0.5677449
0.3755463
