"quartet" "cluster" "phylo" "mutual" "shared" "clusterNorm"
"mb49" 0.759275463773189 0.176657767279052 0.597691731091909 0.138537598869834 0.09749896671095 0.0877332549691094
"mb50" 0.788574179571532 0.205559231251879 0.747000119987637 0.167461190047406 0.0802770764441792 0.0754988412472808
"mb51" 0.776397570703945 0.233040604910223 0.333792365219388 0.175547859454921 0.126846363963737 0.178513928632515
"mb52" 0.841875681570338 0.217526642874858 0.713975750473597 0.176283527236281 0.110305848572281 0.117217351875596
"mb53" 0.810818012256861 0.218208493465183 0.571234844045998 0.169053026990526 0.0965887315288416 0.11798661240603
"mb54" 0.855790659822211 0.202540483256613 0.7262324504567 0.164935829636403 0.104470242011545 0.100310039246301
"mb55" 0.863159170274409 0.236204369387493 0.60895733008933 0.185402235871877 0.126039819694123 0.154023570468478
"mb56" 0.831043638882475 0.248595984323073 0.809521014051403 0.207074077298112 0.10370365032231 0.12606052152622
"mb57" 0.857871938928679 0.227147756450145 0.669979234035403 0.178492897941318 0.112893649393078 0.127750093395296
"mb58" 0.702750594658451 0.190822024216366 0.29867743753678 0.143279090701882 0.0935329284804925 0.115251990707906
"mb59" 0.760911895609953 0.226631115309888 0.462479568252881 0.172641603708076 0.109160073121093 0.143500822578353
"mb60" 0.734927839131349 0.20579379929178 0.370657439104225 0.156845795697918 0.106145189015278 0.120418196217686
"mb61" 0.847581756217823 0.220255267256257 0.74688130128483 0.177903890002429 0.0862827689942493 0.0927092724594218
"mb62" 0.831061945220581 0.238108610922223 0.712583703790161 0.196842438047717 0.122828429098601 0.140047928359894
"mb63" 0.966219366872183 0.259261229956347 0.93970535299572 0.222516797161916 0.112588357331385 0.137768352055804
"mb64" 0.775729258744791 0.203391723572817 0.722763442483118 0.164469890819774 0.0787681810478749 0.0729152353765086
"mb65" 0.839350730255416 0.236576260262704 0.548737036687245 0.184601927720796 0.124106725204575 0.165229395391963
"mb66" 0.865817632770958 0.216736731453596 0.809344899289805 0.178510554265872 0.0871466530762168 0.0890058102704755
"mb67" 0.684881871207211 0.178618233838894 0.539743370980952 0.135065113116767 0.0780501048688385 0.0727515114276984
"mb68" 0.771012777522081 0.239778073006183 0.554101126779798 0.190574759693765 0.111714523496467 0.142321307476151
"mb69" 0.779056892427585 0.194933828891654 0.522696713807453 0.152351490158459 0.109581090211179 0.119770766336342
"mb70" 0.682796718933095 0.192718329663366 0.296316928715438 0.141461377680617 0.0856975289089048 0.125127957146066
"mb71" 0.735209186757102 0.190901712558544 0.541949368873175 0.148049035496889 0.0891324326391596 0.103925239477709
"mb72" 0.672819210317253 0.18008291469598 0.265876484659801 0.132027279874621 0.0832669281016857 0.11136624333589
"mb73" 0.662239281996408 0.183390382258726 0.167331631297093 0.129524314583981 0.0818943863889474 0.133875979542622
"mb74" 0.808054278835631 0.224224047611495 0.666529688518757 0.173654240687805 0.0810420022811565 0.0977141230312313
"mb75" 0.80438565958928 0.192874867171065 0.76197464871492 0.157482463769564 0.0765695675182374 0.0612526644376034
"mb76" 0.691505551406367 0.204194555764663 0.107355049761467 0.138958570936783 0.0727081236443346 0.165851827003944
"mb77" 0.657095076285109 0.180584893702356 0.143404079458686 0.128099401630336 0.0758418606572035 0.132873447936041
"mb78" 0.71128252834728 0.21677080885712 0.107258773188234 0.146684777028681 0.0733933803247885 0.1780931649625
"mb79" 0.701439282553348 0.208487482809281 0.107308985434942 0.141815766711394 0.0700213961316005 0.170348973277558
"mb80" 0.826093786819574 0.199280050919587 0.783117498838802 0.160902186838376 0.077016823402424 0.0678877070146596
"mb81" 0.70753680228992 0.213850908992156 0.108547918450788 0.14548255010608 0.07744272950798 0.175442919576603
"mb82" 0.722634899269761 0.221592031546193 0.131378361374313 0.153343168360128 0.0820922262224593 0.181195409003635
"mb83" 0.7714340752156 0.225727076732184 0.357885280353037 0.172163989038646 0.112730185512384 0.166413105860463
"mb84" 0.649336142813501 0.17518331778511 0.119531973799998 0.122099720472156 0.0686748268924 0.130243637563838
"mb85" 0.683688434431906 0.199724920666773 0.107367776560917 0.134649481961997 0.0697632950496724 0.160949582947071
"mb86" 0.799402123492423 0.155916271614663 0.869042028102806 0.130545137903507 0.0626200638861056 0.0182670334697046
"mb87" 0.766528265729799 0.202628070273929 0.536217470747422 0.159026071864014 0.0770537585870217 0.0725963744196253
"mb88" 0.711834249337709 0.213232900607189 0.166337737245009 0.143033281493966 0.0840383456885917 0.167366815132869
"mb89" 0.771042124989815 0.182561254160837 0.746940710636233 0.147631013727548 0.0671333132390783 0.0487848551287514
"mb90" 0.743038959595398 0.171947095665468 0.656696335630417 0.135492003862231 0.0837360890287761 0.0648781966257179
"mb91" 0.844139572762012 0.213748490763934 0.770999160086542 0.17220315575094 0.0825357894035224 0.0856204315004678
"mb92" 0.654465311085591 0.178960669617752 0.145101584268932 0.125104409906229 0.07490324521374 0.132813461035185
"mb93" 0.833576457157354 0.217443754337906 0.746940710636233 0.173147982764036 0.0826982008496912 0.0899178776389727
"mb94" 0.582811412665275 0.141806798075321 0.698645583681406 0.108314503020783 0.0498479795791211 0.000607371073617438
"mb95" 0.759829840415305 0.209983892501691 0.557203715377367 0.163243132173657 0.0989235931857888 0.108477055591792
"mb96" 0.668219167749979 0.191285887183537 0.120737951571154 0.129016132608781 0.0720928190484455 0.151793145532341
"mb97" 0.651940051698369 0.176456454531468 0.227711240327455 0.127798396506708 0.066402913746604 0.113345553551282
"mb98" 0.66490215764944 0.181145023743186 0.239128086991412 0.122773350473779 0.0742327992897795 0.12282357473484
"mb99" 0.873076923076923 0.218507926587344 0.782998680135995 0.175533678246975 0.0846381875249741 0.0910658436468859
"mb100" 0.64797189504769 0.17391637001366 0.120917986890777 0.123482566636876 0.0692301456227868 0.127484310925641
"mb101" 0.702449831876331 0.208670603271215 0.107297961110663 0.142227115617305 0.0666479025607381 0.170324701687059
"mb102" 0.652837507747275 0.176915538902754 0.108851967975001 0.122485699246825 0.0650729248918458 0.133248112931609
"mb103" 0.693794425365386 0.161138889963409 0.728423618107835 0.133912986251551 0.0618307105715294 0.023997856158672
"mb104" 0.776574373307713 0.166433104182379 0.792688793257879 0.137222280904268 0.0639393979388033 0.030157593886226
"mb105" 0.760283482788545 0.176020373227837 0.668757712924837 0.135898909301633 0.0831381006744153 0.0701386987453633
"mb106" 0.837082291955938 0.181775168541013 0.782998680135995 0.143296933876882 0.0673714859267345 0.0478701241467076
"mb107" 0.650599783093644 0.176221763750637 0.107594413357285 0.121396896248216 0.0611930140775501 0.13350833180772
"mb108" 0.791208791208791 0.175311465678651 0.703643815231052 0.139492572917092 0.0862271177782061 0.0686775864201107
"mb109" 0.655651176133104 0.134649042801492 0.795176428239658 0.109207296254466 0.0521291146973502 -0.00646396683370869
"ufb1" 0.813338533541342 0.187872156432715 0.76197464871492 0.151874110438801 0.0726159864740554 0.0554341349615664
"ufb2" 0.708303556793968 0.21111599935244 0.142617106833754 0.143420723439185 0.0793117691412295 0.166729721829393
"ufb3" 0.707558936044379 0.210836121552452 0.144361795652094 0.143953067108908 0.0786999488361893 0.167782872371014
"ufb4" 0.714361996326366 0.214842814769615 0.146195322374433 0.148083352376476 0.0797008318887597 0.173161141029193
"ufb5" 0.690409663854776 0.201910782724904 0.144074936309092 0.137063482856239 0.0715869814843776 0.163582984514393
"ufb6" 0.729159199614391 0.179411412776719 0.41743301993229 0.136698683262739 0.0925583461890158 0.110762102208658
"ufb7" 0.64284887342004 0.171951378766448 0.167954217004437 0.119164518048625 0.0650732214563616 0.128039906413463
"ufb8" 0.565525294760237 0.137260399136714 0.533178527395184 0.0996278978425845 0.0604086791847004 0.0263453356818198
"ufb9" 0.763082682044667 0.186885404460823 0.592866668299104 0.143140163611572 0.0829381099851027 0.0823977168531272
"ufb10" 0.925065176908752 0.193356781544888 0.892756505850516 0.161625725518206 0.0798333074352122 0.0618131671601619
"ufb11" 0.591568845177665 0.127450196829613 0.547749695978808 0.0930141912697019 0.0612579672963792 0.0333944719474481
"ufb12" 0.670678420081888 0.193657627520222 0.118885779340863 0.128731259319844 0.0594575391124355 0.150849340708013
"ufb13" 0.6997137573724 0.207565603848269 0.108560833541666 0.140705472006696 0.0591659564959335 0.169166710899463
"ufb14" 0.688921195624156 0.20230436843713 0.0964941412915934 0.13746494554228 0.0648751615046434 0.163994167870197
"ufb15" 0.630517261212988 0.174674600995382 0.0950286993266288 0.11654323875412 0.0463554372090431 0.134909570305283
"ufb16" 0.648739300064054 0.186806911574689 0.343725838145341 0.137110949974376 0.0782245611417793 0.118721600344668
"ufb17" 0.715134435219743 0.196444197043008 0.509289640886287 0.14808497129651 0.0898210063586441 0.0931976846433441
"ufb18" 0.476645214864023 0.146835443206257 0.602352376528768 0.10854952606657 0.0463600723469281 0.00646338445856792
"ufb19" 0.797896723742753 0.209053233455709 0.690302871186999 0.166196577771892 0.0766378073984392 0.0800693232501361
"ufb20" 0.706003689943338 0.210599095067808 0.134454001785384 0.143283988036075 0.0800901874348132 0.167515186081934
"ufb21" 0.711239380980689 0.213947186717997 0.136080428265428 0.146098981257376 0.0800983706432414 0.172187450328195
"ufb22" 0.785176732686717 0.188053355359397 0.566149878609861 0.146425115155523 0.0971758469851617 0.10079359596901
"ufb23" 0.541029233929017 0.121742967522852 0.47436044704643 0.0880423443127263 0.0558471970186576 0.0272989536628468
"ufb24" 0.572307286483375 0.124232630329236 0.432332133061676 0.0905774888812185 0.0605528049292194 0.042268189330791
"ufb25" 0.434179393417939 0.125372769094316 0.650469275429385 0.0948840291168295 0.0436257702233991 -0.0185305659204584
"ufb26" 0.564793293960754 0.128720032471382 0.585240503896046 0.0952320828074261 0.0566219780062826 0.016364434894362
"ufb27" 0.592987721903844 0.170074231962321 0.166109319713365 0.115662876662813 0.0672994745753757 0.117342262020082
"ufb28" 0.63560338531022 0.179256085443244 0.238796878173088 0.125449403777116 0.0699572038802949 0.110499848053869
"ufb29" 0.811015222523875 0.227864201466473 0.476783986458311 0.175826254646752 0.115693414901513 0.163214604564301
"ufb30" 0.673351860429211 0.193682784790359 0.108713372148727 0.128048986713186 0.0587774650364774 0.149693683264144
"ufb31" 0.707050213752627 0.182385246204032 0.433544198977929 0.13832952824271 0.0730997214253292 0.0944306167440293
"ufb32" 0.641966307971965 0.161647267816935 0.386141862511265 0.119301479225753 0.0643340430520215 0.083217824221837
"ufb33" 0.661263289101878 0.184533171982919 0.154023414749555 0.125249425863746 0.0692658053986425 0.143735004150107
"ufb34" 0.640407880478229 0.170062946337249 0.236656022104237 0.118410379433788 0.0745503824319247 0.111020109709616
"ufb35" 0.64921862971071 0.183493568243584 0.118602875288015 0.124278320778874 0.0595148142338004 0.143178959198615
"ufb36" 0.645565127050777 0.173670372088809 0.177780270989385 0.120821845547728 0.0579840506355033 0.127224486083311
"ufb37" 0.65380087659653 0.178953300741725 0.203896346772967 0.124829013456741 0.0679712836548136 0.131146853481715
"ufb38" 0.742627681520612 0.18602696542576 0.458695757627961 0.144616094533128 0.101847179316148 0.117830591896108
"ufb39" 0.683641147891216 0.199532451444489 0.120429863464153 0.134477487919579 0.0584059496420932 0.161133413075127
"ufb40" 0.638370461024423 0.17830175451968 0.132043850428301 0.121262172652859 0.0636015679961207 0.137193196323503
"ufb41" 0.700605811156701 0.182808353259346 0.450295438297499 0.139724922425312 0.0668758461918779 0.0948595108763033
"ufb42" 0.78772202103811 0.170661850183852 0.771117978789349 0.140413554032898 0.0658778329622567 0.0343812925295078
"ufb43" 0.619357992504481 0.165122511410425 0.48540075437739 0.11880805961613 0.058685729584876 0.0578501172077873
"ufb44" 0.606826449445634 0.156332615517674 0.43189238010162 0.108281576874324 0.0629990076311574 0.0654857863798296
"ufb45" 0.784527212114307 0.219268523944939 0.410081857024878 0.169480996365582 0.109971094365812 0.153899225808965
"ufb46" 0.705651502784131 0.209339424142981 0.154566118000285 0.141859785609396 0.0826527363138561 0.164853188248079
"ufb47" 0.692192985790825 0.201975843084386 0.1074090941743 0.137146511694079 0.0578244052141068 0.161383220813624
"ufb48" 0.706255186293972 0.211555242799695 0.09912549298737 0.143672519256752 0.0665788207191799 0.172087801493622
"ufb49" 0.690176668728948 0.21362496284383 0.630840562056128 0.167554903363435 0.0769174520008286 0.0853865889471766
"ufb50" 0.634741766776657 0.161313219050547 0.408067109274093 0.120770072610804 0.0704223545720883 0.0827763162745481
"ufb51" 0.578859215170331 0.161442267162467 0.238300966293813 0.110903568933007 0.06436736030834 0.0972864527834493
"ufb52" 0.686566094491035 0.201458262091025 0.107320794520755 0.135623798801202 0.0634791256013112 0.163109237957899
"ufb53" 0.702196612739005 0.208896207852935 0.107272657844234 0.142473863622125 0.0591301820388587 0.170246904099208
"ufb54" 0.622473637961336 0.148914574805563 0.698764402384213 0.114950606895412 0.0507732431854893 0.0101235325965242
"ufb55" 0.679782813955939 0.192694857523681 0.201909179055625 0.138888157926937 0.0783093432410186 0.143674669749928
"ufb56" 0.688242028523173 0.195267652006073 0.166154033748371 0.13780389809261 0.0748391941820421 0.152515583742437
"ufb57" 0.644034433116902 0.157870217339258 0.45209664718571 0.119049347489976 0.0532557916393392 0.0674949904640603
"ufb58" 0.637879452710519 0.142882594549274 0.626327452745973 0.100931436612817 0.0591516460186933 0.0326737219474004
"ufb59" 0.614711273094992 0.149556105437923 0.319458662260778 0.105138629572098 0.0690094057961176 0.0841919562294686
"ufb60" 0.841012025612994 0.177112357103907 0.83317678687858 0.143468381479928 0.0697562693178748 0.0429196777352104
"ufb61" 0.701149220396565 0.20785952923445 0.108560833541666 0.141825865680046 0.0664632766912185 0.169474324971385
"ufb62" 0.642244450353229 0.171004051523704 0.154077127744827 0.118999256855811 0.0614058695782054 0.127023001070864
"ufb63" 0.724648623533511 0.171585237439393 0.511919157104521 0.132213484926717 0.0765159494534554 0.0826818716462614
"ufb64" 0.608711016874282 0.150812405312323 0.381699144266752 0.108535726436167 0.0645247676854455 0.0857645196092964
"ufb65" 0.543410010080523 0.137445330938023 0.273810777675927 0.0918321980698101 0.0548311000726878 0.0826400576900724
"ufb66" 0.662541336096169 0.175960429358745 0.349263058216317 0.129022296748716 0.0632433503414448 0.0873777977478632
"ufb67" 0.673520409709385 0.169806660796624 0.438726084764613 0.124763242523718 0.061444230289429 0.08051833229608
"ufb68" 0.718600950118765 0.2185757787016 0.0967968697065677 0.149815659578422 0.077254849635931 0.178811064261378
"ufb69" 0.652686799358304 0.185278420760092 0.154210072917944 0.124924860423427 0.0645239788565364 0.144509120359576
"ufb70" 0.64397910414018 0.181178082274025 0.168061395976888 0.122484328841123 0.0648119899545417 0.139545618145599
"ufb71" 0.630376162134827 0.176956406942961 0.154100825532811 0.121159497277936 0.060151810120252 0.132094736465787
"ufb72" 0.66345243569284 0.174804734783815 0.41472861470731 0.130734319287292 0.0776198016118259 0.0860978682812691
"ufb73" 0.648194494100822 0.175831176674477 0.642815210771048 0.137537791009674 0.0624014632225503 0.0414295683759755
"ufb74" 0.729247601680805 0.173865637945672 0.710645103730858 0.136999601098175 0.0625276650587046 0.039143498757324
"ufb75" 0.544266337854501 0.141169416790057 0.698645583681406 0.103274195384981 0.0481506872617991 -8.23901836530026e-06
"ufb76" 0.844238625911745 0.217520111321941 0.681957752658173 0.171435758057856 0.106527605137564 0.116884222675523
"ufb77" 0.819892298708882 0.201617378242719 0.783117498838802 0.165295998047839 0.0799226313505308 0.0715124249627817
"ufb78" 0.786018319882862 0.226999555696236 0.385753228075109 0.171448074074406 0.112812872179686 0.167783064379774
"ufb79" 0.664522574682764 0.189978084233531 0.132256783186802 0.12623212643916 0.0627271759003158 0.151120715587332
"ufb80" 0.623900515620261 0.16013675091251 0.18905609632637 0.111942550948361 0.058533350991981 0.103985050059068
"ufb81" 0.777069190152918 0.195512998517769 0.74976518031787 0.158406890278084 0.0761603576352533 0.0643210099417287
"ufb82" 0.703158824169238 0.209796730998207 0.108547918450788 0.14186112796999 0.0639260676287889 0.17119142222077
"ufb83" 0.585281385281385 0.141820607251774 0.695045687647569 0.111487417043294 0.0502456402305341 0.000612413930191316
"ufb84" 0.646959046774768 0.163819009871484 0.446246834105326 0.121176993205948 0.0744236019498531 0.0938425618106696
"ufb85" 0.65215995067374 0.180142015745105 0.249060817730963 0.126172977540181 0.06981320650206 0.111456491669396
"ufb86" 0.658367712112928 0.179468908661506 0.255283307819937 0.123867420484846 0.0721157328387535 0.116633220508929
"ufb87" 0.660841252978839 0.188549587809802 0.156049799672836 0.126255191512368 0.0735948849109682 0.148494457526283
"ufb88" 0.623029705631973 0.167459153085779 0.177354359420625 0.121924628226927 0.0604297350084953 0.103745085022989
"ufb89" 0.609606740110873 0.158969512998379 0.165610732409626 0.112958078135629 0.0601187338567028 0.0992295380193499
"ufb90" 0.596197562133924 0.151558032873544 0.155769793743502 0.107708990366063 0.0589262810768395 0.0948259333883419
"ufb91" 0.671056682856093 0.168519377568055 0.493675204404897 0.123421747596238 0.0703412965640569 0.090972864117078
"ufb92" 0.761015005256619 0.189533610103758 0.592866668299104 0.147849674969846 0.0867979686579356 0.0853862249398487
"ufb93" 0.675718736278671 0.194700167535196 0.142399554806217 0.130662838851298 0.061001090479047 0.156069320823848
"ufb94" 0.638202705112204 0.17901485558158 0.130440565382807 0.122169311665094 0.0679645808021173 0.137271052474171
"ufb95" 0.716098436298385 0.195850104355185 0.438566185084866 0.153580358331256 0.0843597622733921 0.109304857953698
"ufb96" 0.542320295062764 0.144002268244465 0.352983457282448 0.102217687104235 0.0610580550969005 0.0517792120816215
"ufb97" 0.548617912177963 0.138312321142288 0.338345477039378 0.0957176469718486 0.0611478206647324 0.0574075240291172
"ufb98" 0.780044420104661 0.221540038726592 0.385753228075109 0.170008106750261 0.109353982721402 0.161960880221859
"ufb99" 0.751776855005521 0.218054346812206 0.250238797303115 0.161506783742269 0.101600484367452 0.165725951215
"ufb100" 0.715250736539983 0.180209474875898 0.404551023874479 0.136823763431091 0.0974202064521109 0.117431476621263
"ufb101" 0.676778706523577 0.19624861913203 0.10711806041495 0.131720734180317 0.0597503605298886 0.154561167249525
"ufb102" 0.695575155536015 0.205311528283824 0.09912549298737 0.138931513644953 0.0586531445217816 0.165548108156948
"ufb103" 0.689228545540838 0.204214650604262 0.0964478083731318 0.137194966724501 0.0557405741041672 0.165329195022597
"ufb104" 0.688778499527255 0.203218162736718 0.0976211008922549 0.136723694952223 0.0627557733420448 0.164602542564609
"ufb105" 0.603754627776465 0.159178207961996 0.130561599250294 0.10714374436565 0.0588299150083591 0.113371684363374
"ufb106" 0.611954495638328 0.16399112629517 0.120057765812057 0.110237811855575 0.0591024215626236 0.1196428774991
"ufb107" 0.618077503022721 0.155102988391774 0.283745638117266 0.113284848645045 0.0591652692689273 0.090381220125708
"ufb108" 0.597258601281573 0.151878521428105 0.143920306507401 0.105627647206238 0.0605439475627416 0.097985551750094
"ufb109" 0.791110788863109 0.205857142425168 0.714193463696306 0.166559618744846 0.0756547832686763 0.0763520285989097
"ufb110" 0.649944897295355 0.173994592332075 0.215546666616224 0.123792354351503 0.0712058075018527 0.121567498385481
"ufb111" 0.794385565977721 0.192270184012083 0.566302839815966 0.149319445570638 0.0992721036285977 0.105586674086656
"ufb112" 0.852832861189802 0.19792277595619 0.83317678687858 0.163495988108685 0.0798466698267917 0.067123762647108
"ufb113" 0.642142219631701 0.171957478522863 0.239793531563009 0.125789456149992 0.0645587734494843 0.10859496326181
"ufb114" 0.623958986129882 0.161343929626076 0.22544353502611 0.117176360471454 0.0612496736576018 0.101776558805481
"ufb115" 0.621251137079281 0.15056090336498 0.336141407835312 0.105745762645913 0.0624265507419072 0.0791901659681073
"ufb116" 0.615062619029667 0.164524570845211 0.166750122781662 0.109000295989075 0.0612563673736849 0.113728685461389
"ufb117" 0.641465475687481 0.172488193457749 0.166033475021527 0.117717883539389 0.0538724669681127 0.128585881774863
"ufb118" 0.636436967228261 0.16884836326889 0.165975405301844 0.11622845905929 0.0515152049726068 0.123540527346528
"ufb119" 0.607006003130093 0.159562897798742 0.107003987380449 0.103459415379705 0.0468593406949784 0.118074721290774
"ufb120" 0.694757837761845 0.195677571246155 0.331626098621957 0.14477951078922 0.0819215179493089 0.12056608450565
"ufb121" 0.781439778976725 0.191635835800294 0.545797345388641 0.148442107182237 0.094307767681527 0.104736164035282
"ufb122" 0.685919295254334 0.197840454984221 0.650528684780789 0.158186888237965 0.0749075286129143 0.0666279788257718
"ufb123" 0.681761350985665 0.195445838503809 0.225602506834689 0.129045344437406 0.0722298596001202 0.144324395882291
"ufb124" 0.691698942697208 0.200099022775451 0.168044280411481 0.132408256354896 0.0672839497199687 0.151529301581011
"ufb125" 0.648684139030266 0.17283640584794 0.239695743622719 0.125454533774322 0.0607347917308398 0.109533857111499
"ufb126" 0.617942077211224 0.15952949261777 0.216145238264806 0.113667923995401 0.0636715469016285 0.103273891837969
"ufb127" 0.665969952996359 0.157716951396231 0.446352530352224 0.117705676897605 0.074048874312328 0.078633960085476
"ufb128" 0.739204957479069 0.221298637439545 0.642697800929983 0.175430332891141 0.0805884078670984 0.0943116506107288
"ufb129" 0.695690716816175 0.204150071910263 0.120137746155507 0.1368197778071 0.0685330848035485 0.159369384982301
"ufb130" 0.644317449022703 0.16895808579893 0.250952394103676 0.12144067860963 0.0748899816817635 0.105297661568136
"ufb131" 0.737076288326187 0.177346517599473 0.698586174330002 0.137636484916254 0.0621265795868139 0.0426040845086508
"ufb132" 0.682241288704583 0.197100372063528 0.142388659492456 0.132777575923291 0.0604374203803902 0.158543377896179
"ufb133" 0.848382317167562 0.220901148057774 0.676852600131781 0.173237264581981 0.109939474850033 0.120700099515721
"ufb134" 0.72525836883188 0.206254450743997 0.229166573450971 0.150042769908176 0.0864509502310634 0.153134221157154
"ufb135" 0.683600118385344 0.198011305772206 0.144321343533662 0.131337569154153 0.0659392900369017 0.152885265597966
"ufb136" 0.585758444512068 0.150374232849422 0.39854289518624 0.108439476993895 0.063472363544351 0.0584096743240428
"ufb137" 0.644593523916334 0.172944440223651 0.179983118853466 0.120460702490612 0.0678270207820486 0.127861367736152
"ufb138" 0.628060231502032 0.163897989891513 0.236187902477207 0.117751053409509 0.0660307622964679 0.10443916063307
"ufb139" 0.66396614436955 0.183367835214008 0.235827629583842 0.127706995941119 0.0753669900244774 0.120835254741602
"ufb140" 0.649008943472932 0.174826561357419 0.179709834496937 0.123916891237591 0.0591543157614621 0.126778803134537
"ufb141" 0.712757621246023 0.16381477969735 0.458497867669835 0.125079865731683 0.0820595135296126 0.0853367612426509
"ufb142" 0.63843792681038 0.148097868029883 0.379731668910982 0.108059081521111 0.0686284279025759 0.0769033047408284
"ufb143" 0.7122316856716 0.174568295115273 0.432627496748008 0.131984395756304 0.0795867449747915 0.105403084365224
"ufb144" 0.598122238947449 0.159730800790815 0.165503213670184 0.106844026881825 0.061778227440823 0.110777392216009
"ufb145" 0.516134658544405 0.137464079621187 0.237507033385976 0.0912110243359192 0.0524475967133992 0.085119614929388
"ufb146" 0.581588355774242 0.156836957170708 0.130909945367303 0.102135231879274 0.0462120052157417 0.115213347139702
"ufb147" 0.596630748722506 0.162093692499443 0.107294404551601 0.105814295563128 0.0420388474718683 0.12172169154553
"ufb148" 0.657081142592222 0.18466151810584 0.119014089910621 0.123709152845856 0.0481092467563556 0.145507182997223
"ufb149" 0.641514549069221 0.171685926836636 0.192003553261892 0.118841353917281 0.0561582428165552 0.125102672065082
"ufb150" 0.655262054507338 0.171378765379425 0.670695042138254 0.133513517237697 0.0626635473488469 0.0352160144395863
"ufb151" 0.700504813716059 0.205586582784923 0.144793677977639 0.139093624080295 0.0798387669267663 0.157381978501446
"ufb152" 0.607179226657122 0.160119159852454 0.108290034433054 0.105050336349385 0.0476600689475354 0.119089637336731
"ufb153" 0.651497213216276 0.182160412364747 0.25122583225263 0.130613194833756 0.0707470887435242 0.105650396570566
"ufb154" 0.731679153858727 0.211329265806034 0.214250641342095 0.152001338451983 0.0990151339741986 0.165302238875235
"ufb155" 0.612776938836147 0.166814997008457 0.0949851924330589 0.110335186148391 0.0407406777119537 0.126445090824566
"ufb156" 0.59068601105984 0.152905545867457 0.106988277561665 0.098555942863893 0.0405913193604952 0.110525033843465
"ufb157" 0.652052684429626 0.153576626790879 0.397503582479265 0.113202944855075 0.0671377936575819 0.0745115042631372
"ufb158" 0.644261604844863 0.174045867663309 0.191294003835578 0.1179533120573 0.0702128151958556 0.118683523690464
"ufb159" 0.593652044165921 0.149378880498729 0.142388698168138 0.104180645138966 0.0596008922543182 0.0977553685174226
"ufb160" 0.709427323284281 0.168649328674029 0.50591628637883 0.128482774513174 0.0741106118505717 0.0792494247486626
"ufb161" 0.662925025037929 0.154366097604694 0.462878281462054 0.117226951939683 0.0718938095148104 0.0753747202127816
"ufb162" 0.680505687475485 0.170793339347346 0.550330349280989 0.129181817138677 0.0728523833064543 0.0642689850560147
"ufb163" 0.696218600398042 0.17380361895231 0.356901743680735 0.131344879155424 0.0874530186826671 0.115082456341404
"ufb164" 0.67390328830131 0.19263931054069 0.14235851886433 0.131289038194397 0.0664900724832337 0.153520657212787
"ufb165" 0.636814863830663 0.170402073172907 0.142218173981679 0.117124615235012 0.064431427078411 0.128218666597362
"ufb166" 0.676320245876892 0.193284240443148 0.107320794520755 0.13081354959232 0.0606768676086253 0.154542668571365
"ufb167" 0.655765962031074 0.184781653660712 0.235310096013332 0.132825888649959 0.0754284777824314 0.116489040614971
"ufb168" 0.472031718816974 0.144573930589601 0.634018746641125 0.105024725631789 0.0458115468757975 0.00350921663151511
"ufb169" 0.6346013369991 0.17639174053307 0.10681525776194 0.115566177992871 0.0578856185494387 0.136705758248385
"ufb170" 0.620655382205891 0.153512420408273 0.343573196123428 0.109475599577879 0.0639351777072061 0.0744413003080767
"ufb171" 0.589708994708995 0.146126315431978 0.332978066539909 0.105955638911035 0.0678642781324487 0.0806986494179295
"ufb172" 0.649921500179804 0.176507098877163 0.180048880112771 0.12173048169671 0.0678072621806041 0.132819506885686
"ufb173" 0.69541514228558 0.196456008725706 0.319679001120486 0.139600271558178 0.0749771132803888 0.121417216211215
"ufb174" 0.712653009788264 0.214151207566377 0.120817611278384 0.147046161280977 0.0686845006942909 0.17416117543495
"ufb175" 0.672364843421651 0.188641942314471 0.299587998380591 0.137734837240086 0.0791090222347751 0.112873434794337
"ufb176" 0.701752360948314 0.207453807978183 0.134474658960767 0.139426592272399 0.0779811965650598 0.162817776501029
"ufb177" 0.653465687795126 0.171329563514115 0.342272964410635 0.122539860707425 0.0727832623786496 0.0938010607201697
"ufb178" 0.637366923557541 0.178855295052931 0.130518600926856 0.12085893746558 0.0540922679809731 0.137763365635129
"ufb179" 0.653870129281359 0.177443403803007 0.191803090634952 0.124710988387008 0.0577660714631034 0.129517033452519
"ufb180" 0.580079037410199 0.16399473871144 0.252902709066517 0.114470952207911 0.0632481776890996 0.094115760344741
"ufb181" 0.705672587994453 0.187611372357671 0.368964846649004 0.138159235107102 0.0726807762854673 0.100427890612098
"ufb182" 0.614216864023797 0.150966888216936 0.381985022771477 0.111972392841309 0.0628923598686219 0.0798136056379171
"ufb183" 0.651712056361501 0.179587388807592 0.168289907694117 0.125577778492681 0.068575328124403 0.131756577211131
"ufb184" 0.624204284378093 0.161048355727379 0.379331543789799 0.119156701274566 0.0639902339939345 0.082697726116802
"ufb185" 0.571703105862567 0.159408979333854 0.118530456424928 0.107269462139928 0.0553546170944685 0.108397724808965
"ufb186" 0.572656419104136 0.149923927779819 0.10689065298446 0.101514333108707 0.049203996589747 0.104804821091534
"ufb187" 0.577240698985344 0.141804593759278 0.31193713228649 0.0995900060554044 0.0660836579826105 0.069591230509897
"ufb188" 0.681656707251587 0.200534279822292 0.121866787879946 0.134571022410498 0.0603405014401698 0.162142007216146
"ufb189" 0.653115479631707 0.177241426144787 0.179816498865625 0.124989369177018 0.0716422744427341 0.130970605084116
"ufb190" 0.632170011552618 0.170909129058641 0.215726737032192 0.125561657680338 0.0618794664426919 0.107392359769423
"ufb191" 0.662454972164611 0.177473377208907 0.473354085017977 0.128429202400159 0.0722182882640413 0.0717893601853885
"ufb192" 0.681301326595073 0.19504409762962 0.287329575401395 0.140373458540968 0.0756882755025344 0.119769717023705
"ufb193" 0.66958640718363 0.18733825812573 0.287694866852187 0.129921286956893 0.0775349670305862 0.119255616120796
"ufb194" 0.546273327481586 0.123433185617652 0.61220492351933 0.0919490938777361 0.0538939761803453 0.0107404753927047
"ufb195" 0.669431279620853 0.167243623606518 0.458601170979604 0.128584084275486 0.0726716736700572 0.0894715769717905
"ufb196" 0.505969230769231 0.137776602125173 0.650469275429385 0.0977996756508181 0.0425875878064286 -0.00395877674335564
"ufb197" 0.665013275756426 0.173944506142349 0.373387087349951 0.126801301952637 0.0649062833167124 0.0851140230080674
"ufb198" 0.699294853765916 0.206108461594762 0.1072397332531 0.13940280492459 0.0628503310363345 0.166904865907245
"ufb199" 0.697779596736788 0.204785608099492 0.108532616169371 0.139568131087168 0.0610709926297267 0.165935219497953
"ufb200" 0.682971385200371 0.19955258750518 0.108424198957651 0.134238939836663 0.0597062259965271 0.158835432698619
"ufb201" 0.419898496600594 0.136026281539681 0.617163713230168 0.10206547968697 0.0463383890466764 -0.0063841486791601
"ufb202" 0.585631275804067 0.140119094185639 0.287241395665957 0.0973788786121896 0.0612004961539314 0.0788099705512685
"ufb203" 0.583240408342386 0.14240718154309 0.272432814523201 0.101089440179904 0.0648968713052637 0.0707370402221965
"ufb204" 0.648833195672346 0.177224414040671 0.167883014687061 0.121098430073796 0.0702908882401126 0.135401368578668
"ufb205" 0.653886403812577 0.184417218594082 0.108395865595179 0.121424001232536 0.0544565408628111 0.142114401680669
"ufb206" 0.604711082363088 0.13784338197103 0.356152556550373 0.100160462095106 0.0593014951402775 0.071958863382543
"ufb207" 0.601665982133689 0.137605230739504 0.336512296774201 0.0996870916027724 0.0607854705094191 0.0763486977182451
"ufb208" 0.586303751535288 0.149508944883206 0.106665296026698 0.102421027486227 0.0519464881069355 0.103146791514501
"ufb209" 0.553314091436671 0.14056191589359 0.342517449828914 0.099254743275274 0.0631718135557733 0.0600483873379273
"ufb210" 0.682690294609332 0.199875336068095 0.108574207738035 0.13338820446125 0.0536043655002277 0.161322223781304
"ufb211" 0.671907167264469 0.193689813106085 0.109704524557365 0.128694687735496 0.059254025262323 0.151843466774604
"ufb212" 0.683756214991309 0.200466598603511 0.109731981845593 0.134796258782335 0.0607761025208615 0.159786011429092
"ufb213" 0.694714545578914 0.207429032550828 0.111096637572952 0.139523355650781 0.0681991191446439 0.167754021301719
"ufb214" 0.572970282723522 0.1374807953952 0.200904212058834 0.097817918528829 0.0463605947620642 0.0798084010148431
"ufb215" 0.590498406918525 0.144719502329305 0.200660520895814 0.103146991794787 0.0460562382953608 0.0839158551194507
"ufb216" 0.617187463262091 0.157581549867279 0.25085447266185 0.113866278792186 0.0576479092300134 0.0930570808390454
"ufb217" 0.729947912802173 0.170790858880466 0.530040315512463 0.132501238610759 0.0757587147793054 0.0818022424003665
"ufb218" 0.641604920009503 0.169249520531595 0.263051180261038 0.119546052641338 0.0762525227226911 0.105565241615873
"ufb219" 0.748075616934571 0.180821450389398 0.654085195038211 0.144550674402904 0.0873759905974899 0.0752579388308176
"ufb220" 0.705011532767714 0.208769508555066 0.107221700275465 0.142243047077533 0.0619854440009754 0.169162232457912
"ufb221" 0.553080221734128 0.153961621385508 0.430706181067526 0.104368181221742 0.0504415527299856 0.0449268943998698
"ufb222" 0.492526731307247 0.125096284702108 0.41287972104199 0.0866055002057618 0.0502876012996814 0.0308435464995796
"ufb223" 0.792287669817402 0.226541007094377 0.422167151782141 0.173792414554997 0.117943340872069 0.161709382708879
"ufb224" 0.683366238894373 0.194091247787006 0.287413516124998 0.142421315666013 0.0833439544630432 0.118831622552275
"ufb225" 0.558275058275058 0.136275106421243 0.414032561942309 0.0948805597939531 0.062009106278814 0.0554717672881243
"ufb226" 0.587214717864934 0.154626421242595 0.165643578083567 0.107253067943302 0.0525102131416356 0.0980977058022519
"ufb227" 0.578508278411831 0.146614616022093 0.118468906246572 0.100798324569521 0.0526374682013948 0.0969205358590066
"ufb228" 0.584501701085661 0.149534216894982 0.107850378131422 0.102295496591339 0.0539826512014338 0.101702351629761
"ufb229" 0.584618971489475 0.151406994791239 0.284677889269631 0.106961177694113 0.0653948805784547 0.0803709475257815
"ufb230" 0.702700562287162 0.193784207520598 0.662647023533048 0.150621190784841 0.0679899320505925 0.0618314520204995
"ufb231" 0.718413976985056 0.206635870699683 0.190030784054145 0.149696713123471 0.0909908469218385 0.15619436939362
"ufb232" 0.614927227547036 0.153069304476836 0.698764402384213 0.118590273515009 0.0557084684138135 0.0145334304294787
"ufb233" 0.712761701560208 0.198826520814699 0.674765362285308 0.161288892362775 0.0765629353212739 0.0681748860026408
"ufb234" 0.570469798657718 0.151467673018249 0.154501477606462 0.103394394307731 0.0546022277629609 0.103717207052284
"ufb235" 0.584171797221442 0.162283122525943 0.156083428443931 0.110773861639691 0.0571686622163873 0.111407373745204
"ufb236" 0.561699474889949 0.14719892576014 0.177651765839826 0.100841193147108 0.0517559329845964 0.0866228638639672
"ufb237" 0.620920556129554 0.166650041003212 0.181520070268569 0.110856092162125 0.060125146415809 0.113592409491786
"ufb238" 0.600006739250895 0.15529842974705 0.167698753229713 0.112044488780228 0.0594484616982063 0.0953016641533041
"ufb239" 0.612587458709596 0.164108522157094 0.118702999272288 0.111863918190727 0.0565904012887985 0.120771446194112
"ufb240" 0.597431622264004 0.136888905583677 0.626258835051139 0.103038563212913 0.0601867471893642 0.0259903096379862
"ufb241" 0.624386029038042 0.172210887056145 0.096230507560068 0.112385624063891 0.0480801907358368 0.132456614903625
"ufb242" 0.609405982917769 0.155539183946334 0.213823040559505 0.110414310153637 0.0635171740963675 0.101878827141691
"ufb243" 0.635882873678968 0.1752282257752 0.118562697213181 0.120108781832226 0.059799800025056 0.133954789646271
"ufb244" 0.706487399897142 0.178165242450058 0.499697700805058 0.135326783816266 0.0682892761576116 0.0899680260627816
"ufb245" 0.591614270478377 0.155063005395204 0.106988277561665 0.103157457494467 0.0565207219992854 0.112789499408702
"ufb246" 0.602079802080194 0.161840177113757 0.177352546653893 0.108037262478023 0.0635932042726413 0.113042270710913
"ufb247" 0.67154819127703 0.163853268869261 0.320945938764516 0.118631640145514 0.0771828009833189 0.104492871471973
"ufb248" 0.679268503982484 0.196635119571556 0.107301694497934 0.133558590130437 0.0594664739007362 0.157925881075868
"ufb249" 0.700251714661802 0.198892071432593 0.414804427497768 0.153982838289162 0.0861639784075894 0.112674211494359
"ufb250" 0.64307273500638 0.172351551286701 0.191908297554702 0.121046776624059 0.0716847462138419 0.125832871629747
"ufb251" 0.774021088064947 0.21850212167225 0.59028290745772 0.16891775133359 0.095025210595266 0.118094668165775
"ufb252" 0.748783083728884 0.208028376938522 0.3581503261069 0.157861943933877 0.0962920755021721 0.141645016913953
"ufb253" 0.584202087168717 0.139536389739277 0.303624477335987 0.0964256586579993 0.0565793213368344 0.0734047353298767
"ufb254" 0.676375331112235 0.1972018478496 0.154312963627942 0.133597221213022 0.0647313076964678 0.158304260914467
