1 NaN 1 NaN NaN
1.282407 NaN 1 1 NaN
NaN 1 NaN 1 NaN
NaN NaN NaN NaN 0.5443624
0.543642 1 NaN 0.4334896 0.8713279
NaN 1 1.149304 0.6434948 0.4789684
0.3273619 1.150291 0.5897658 0.592743 0.8846759
1.247326 0.261544 0.04880604 0.7343906 0.2714878
0.522541 0.6193506 0.4606309 0.9535518 0.6251788
1.11482 1.120829 0.382652 0.4067679 1.099548
0.5730565 0.3593825 0.4848678 0.7655839 0.6971743
0.4872612 0.6819804 0.3067535 0.5046024 0.6700358
0.6517237 0.5337821 0.5245111 0.5110531 0.3959768
0.4085241 0.373209 0.4777202 0.3536212 0.6525933
0.4010895 0.2831973 0.4299398 0.4240047 0.485112
0.5698566 0.44369 0.4424138 0.3037649 0.2330351
0.3243881 0.07539368 0.1726727 0.175105 0.1920132
0.2061323 0.2141253 0.2533835 0.3425042 0.2145337
0.2711686 0.3512474 0.1389626 0.3855417 0.4020549
0.2549818
