1 NaN NaN NaN 1
1 0.5501277 1 NaN 0.7080716
NaN 0.7783169 0.5875897 NaN NaN
1 NaN 0.5908053 NaN 0.6103202
1 0.321641 NaN 0.4942123 NaN
0.3905518 1 0.6665096 0.6530128 0.4898692
0.8665742 NaN 0.4881863 0.4768832 0.5696382
1 0.2513512 0.5618026 0.5063865 0.09382325
0.7770165 0.3481699 0.6645863 0.5723765 0.520772
0.2785549 0.2641863 0.3662243 0.5412052 0.2262083
0.1557298 0.1667861 0.2389246 0.2249784 0.5123978
0.2698298 0.2969772 0.4282184 0.3329861 0.4437315
0.3731684 0.3518939 0.2381009 0.2241724 0.1657711
0.1880398 0.2256941 0.2545901 0.340866 0.2386338
0.2001199 0.208218 0.260112 0.1906675 0.4472629
0.2936337 0.2382736 0.2924704 0.2035431 0.2129054
0.1852718 0.2403728 0.1520928 0.1252258 0.1746691
0.1425234 0.1401517 0.1364572 0.1735669 0.1460211
0.1248448 0.2002927 0.2250899 0.1852061 0.1603212
0.2366684
