NaN 1 NaN 1 1
NaN NaN NaN 1 0.6906597
NaN NaN NaN 1 NaN
1 0.1836234 NaN 0.559093 1.416536
1 1 0.7063414 0.5281901 NaN
0.6508695 0.0448525 NaN 0.4414422 0.6345896
1.09835 0.9254587 1.004447 0.1302199 0.8622068
0.3627881 0.1836234 0.7733207 0.9138672 0.3602024
1.335101 0.8891737 0.5225579 0.7899708 0.5525481
0.906846 0.7776325 1.087939 0.8351275 0.8105285
0.4659521 0.4520513 0.5193761 0.6452625 0.6364259
0.9703254 0.8873096 0.4622035 1.322376 1.250225
0.4584064 0.967647 0.559093 0.4321284 0.6618344
0.3627521 0.2628884 0.3519368 0.5255968 0.8111815
0.6693265 0.3977745 0.5552855 0.5859779 0.5691112
0.2453257 0.4730908 0.3876558 0.5150771 0.3515282
0.2596497 0.4419067 0.2157724 0.17521 0.3329508
0.2513287 0.2327751 0.273638 0.3147071 0.1912855
0.3558237 0.1808318 0.3100907 0.2394508 0.4010788
0.3133196
