NaN NaN NaN 1 NaN
0.9601114 NaN NaN NaN NaN
NaN 1 1 NaN NaN
NaN 0.8671526 NaN 0.905438 0.227343
NaN 0.9902206 0.4123829 0.4791667 0.4393554
0.5359096 0.7024832 0.6962515 0.4783606 0.915281
0.4555634 1 0.9937308 0.6077746 0.7282716
0.7069494 0.6165792 0.5160361 0.5498099 0.06041305
0.9554323 0.8461639 0.8382809 0.549711 0.6406275
0.9694617 0.5023364 0.9614848 0.9647489 0.5034472
0.7415378 0.5176733 0.6661285 0.7569446 0.5616965
0.5193894 0.5666467 0.8759837 0.4489177 0.6939385
0.5591992 0.534185 0.6365394 0.871156 0.5271599
0.7089355 0.5998934 0.4829162 0.7868281 0.6689642
0.7875796 0.5380219 0.5749262 0.4671743 0.6774231
0.5516805 0.8600084 0.3988733 0.540173 0.3287141
0.3506394 0.3797725 0.4665209 0.4668974 0.3888592
0.6351425 0.375298 0.3779112 0.5021234 0.3452611
0.5145574 0.3904207 0.6534105 0.4079887 0.4103294
0.4422811
