1 0.1836234 NaN 1 NaN
NaN 0.5335579 NaN NaN NaN
NaN NaN NaN NaN NaN
NaN 1.36191 1 0.7906415 0.6174583
1.443136 NaN 1.404798 0.2960727 0.1817894
0.9698659 0.746327 1 1 0.6635784
0.4688185 NaN 0.7521926 1 1.161139
0.5557739 1.456254 0.941764 0.6860439 0.7183461
0.611121 0.6809564 0.5690336 1.031872 0.8302254
0.6287782 0.5937648 0.6406252 0.7507361 0.3081477
0.6680978 0.3605945 0.4811843 0.3743668 0.4730297
0.2672283 0.6421428 0.5146225 0.5666686 0.3859709
1.181059 0.9914269 0.5037869 0.4464251 0.1029489
0.3542721 0.3098876 0.4733639 0.3357432 0.6595732
0.4621742 0.4478157 0.425914 0.5734564 0.3123379
0.2838775 0.3565632 0.2901536 0.5260442 0.4754666
0.2907625 0.1926186 0.2377031 0.248306 0.2535565
0.2516713 0.1554808 0.2623437 0.346594 0.2696289
0.3829716 0.1831814 0.2015715 0.2948221 0.3678363
0.3078256
