0.8395575 NaN NaN NaN NaN
NaN NaN 0.9586712 1 NaN
1 0.8053354 0.5898895 0.5145566 NaN
NaN 1 1 1 0.834998
1 0.6407559 0.563931 0.9437985 1
0.8712899 0.756726 NaN 0.951714 0.4085885
0.4232691 0.5518051 0.7866456 0.9888054 0.948658
0.8413882 0.4284607 0.5968125 0.6496955 0.4427926
0.6794872 0.4381965 1 0.8153762 0.8431319
0.6775597 0.3954119 0.5587645 0.7401692 0.585973
0.9041151 0.4521736 0.7763323 0.5658425 0.8653774
0.7875741 0.4958261 0.6769527 0.4990837 0.7944637
0.9503829 0.8380989 0.7521143 0.5734282 0.5311308
0.7731244 0.5196123 0.8041911 0.6081949 0.9447424
0.3800312 0.4935271 0.3862673 0.5595329 0.5404111
0.5825234 0.4110064 0.5369499 0.5475877 0.6813735
0.3008544 0.3607274 0.5140365 0.3578842 0.2867017
0.3385534 0.5026388 0.4337523 0.4444472 0.419783
0.632943 0.3979662 0.4091828 0.3008719 0.3817282
0.4024377
