"ci" "cci" "ri" "rc" "rhi" "rhiBar" "rci"
"1" 1 1 1 1 0 0 1
"2" NA NA NA NA NA NA NA
"3" NA NA NA NA NA NA NA
"4" 1 1 1 1 0 0 1
"5" 1 NA NA NA NA NA NA
"6" NA NA NA NA NA NA NA
"7" 1 1 1 1 0 0 1
"8" 1 1 1 1 0 0 1
"9" 0.666666666666667 0.840399079517119 0.833333333333333 0.555555555555556 0.166666666666667 0.172592336900242 0.834418821108195
"10" 0.666666666666667 0 0 0 1 1.01844262295082 -0.0185967341380592
"11" 1 NA NA NA NA NA NA
"12" 1 NA NA NA NA NA NA
"13" 1 1 1 1 0 0 1
"14" NA NA NA NA NA NA NA
"15" 1 1 1 1 0 0 1
"16" 0.5 0.910334993802087 0.9 0.45 0.111111111111111 0.109505037231713 0.900681599947856
"17" 1 1 1 1 0 0 1
"18" 0.285714285714286 0.797561127665897 0.761904761904762 0.217687074829932 0.294117647058824 0.295875495591455 0.736560113542651
"19" 0.5 0.505556012908334 0.5 0.25 0.5 0.511087645195354 0.494344269158712
"20" 0.4 0.586344763186274 0.571428571428571 0.228571428571429 0.428571428571429 0.454201362604088 0.56002845328196
"21" 1 1 1 1 0 0 1
"22" 1 1 1 1 0 0 1
"23" 0.666666666666667 0.756321541315388 0.75 0.5 0.25 0.255819902788437 0.750450916614126
"24" 0.666666666666667 0.504190140312106 0.5 0.333333333333333 0.5 0.510464522715671 0.493637444311536
"25" 0.5 0.505556012908334 0.5 0.25 0.5 0.511087645195354 0.494344269158712
"26" NA NA NA NA NA NA NA
"27" 1 1 1 1 0 0 1
"28" 1 1 1 1 0 0 1
"29" 0.5 0.870624224619396 0.85 0.425 0.166666666666667 0.171448165504629 0.848491374526043
"30" 0.6 0.78981636675181 0.777777777777778 0.466666666666667 0.222222222222222 0.23623907394283 0.775564908947598
"31" 0.5 0.726573759236 0.714285714285714 0.357142857142857 0.285714285714286 0.299580587177951 0.712456938647506
"32" 0.666666666666667 0.840399079517119 0.833333333333333 0.555555555555556 0.166666666666667 0.172651933701657 0.834358677202271
"33" 0.333333333333333 0.517661748002047 0.5 0.166666666666667 0.5 0.529310572978695 0.487292635067587
"34" 0.333333333333333 0.443662657749943 0.428571428571429 0.142857142857143 0.571428571428571 0.599161174355902 0.414939319326833
"35" 0.428571428571429 0.82615805538973 0.8 0.342857142857143 0.235294117647059 0.230866905229135 0.79406141830174
"36" 0.428571428571429 0.687921408211035 0.666666666666667 0.285714285714286 0.363636363636364 0.353731871241599 0.666830510596277
"37" 0.5 0.610259601587092 0.6 0.3 0.4 0.410340582683627 0.599738414744394
"38" 0.5 0.862470197626932 0.842105263157895 0.421052631578947 0.176470588235294 0.178052109917503 0.841687530354646
"39" 0.5 0 0 0 1 1.01971447994562 -0.0201694137608198
"40" 0.375 0.767182488974139 0.736842105263158 0.276315789473684 0.333333333333333 0.33143311679703 0.695750683114268
"41" 0.666666666666667 0.955759400739309 0.947368421052632 0.631578947368421 0.0714285714285714 0.069352937096886 0.938754978812806
"42" 0.428571428571429 0 0 0 1 1.03626943005181 -0.0373997252297838
"43" 0.5 0.762942508070577 0.75 0.375 0.25 0.25970653161927 0.753056573338089
"44" 0.4 0.909375157612836 0.884615384615385 0.353846153846154 0.15 0.153444836581249 0.869628742532713
"45" 0.5 0.678100551321533 0.666666666666667 0.333333333333333 0.333333333333333 0.345303867403315 0.665917650564677
"46" 0.285714285714286 0.609742063750089 0.583333333333333 0.166666666666667 0.454545454545455 0.45134500812421 0.573416728369402
"47" 0.428571428571429 0.656592635717079 0.636363636363636 0.272727272727273 0.363636363636364 0.384209009701278 0.635332509291308
"48" 0.3 0.488216606786183 0.461538461538462 0.138461538461538 0.538461538461538 0.56657223796034 0.458431882290785
"49" 0.428571428571429 0.8533795955838 0.826086956521739 0.354037267080745 0.222222222222222 0.220616623462578 0.804709926925797
"50" 0.272727272727273 0.118444852472943 0.111111111111111 0.0303030303030303 0.888888888888889 0.923467620916542 0.0815788725685501
"51" 0.25 0.567100681717745 0.526315789473684 0.131578947368421 0.529411764705882 0.528169014084507 0.508154359756567
"52" 0.230769230769231 0.56975239194495 0.523809523809524 0.120879120879121 0.526315789473684 0.539985960365031 0.500015325951451
"53" 0.375 0.780986044541489 0.75 0.28125 0.277777777777778 0.285746942507715 0.743518419476014
"54" 0.272727272727273 0.290834552902875 0.272727272727273 0.0743801652892562 0.727272727272727 0.762558383376227 0.253182307844751
"55" 0.272727272727273 0.290834552902875 0.272727272727273 0.0743801652892562 0.727272727272727 0.772200772200772 0.242894839900067
"56" 0.428571428571429 0.656592635717079 0.636363636363636 0.272727272727273 0.363636363636364 0.378357926598562 0.641378482608856
"57" 0.25 0 0 0 1 1.02848318462594 -0.0294652970334458
"58" 0.6 0.338409930231624 0.333333333333333 0.2 0.666666666666667 0.673854447439353 0.331112269442148
"59" 0.333333333333333 0.750210366124014 0.714285714285714 0.238095238095238 0.375 0.372601378625101 0.658443673006808
"60" 0.272727272727273 0.355531135630717 0.333333333333333 0.0909090909090909 0.666666666666667 0.69985128160266 0.320102348178552
"61" 0.4 0.513011654253667 0.5 0.2 0.5 0.517777010700725 0.494764164571992
"62" 0.214285714285714 0.426457736142035 0.388888888888889 0.0833333333333333 0.6875 0.701351695995919 0.32727795342875
"63" 0.3 0.722413809413909 0.681818181818182 0.204545454545455 0.368421052631579 0.377786173026067 0.658820605568518
"64" 0.5 0.870624224619396 0.85 0.425 0.2 0.200494553231304 0.818593074625323
"65" 0.3 0.384529180720877 0.363636363636364 0.109090909090909 0.636363636363636 0.665715644317641 0.353463201150087
"66" 0.3 0.384529180720877 0.363636363636364 0.109090909090909 0.636363636363636 0.665715644317641 0.353463201150087
"67" 0.1875 0.352842337087966 0.315789473684211 0.0592105263157895 0.764705882352941 0.759834005494184 0.268163150154889
"68" 0.2 0.503709437587359 0.454545454545455 0.0909090909090909 0.631578947368421 0.620219144097581 0.420470974248427
"69" 0.25 0.690675383218575 0.64 0.16 0.45 0.447160530630496 0.595846127741083
"70" 0.25 0.656534681751934 0.608695652173913 0.152173913043478 0.45 0.453491887534012 0.588980865147902
"71" 0.230769230769231 0.56975239194495 0.523809523809524 0.120879120879121 0.526315789473684 0.534902380315592 0.505565199863449
"72" 0.2 0.530181152203646 0.478260869565217 0.0956521739130435 0.6 0.609942055504727 0.431896868660733
"73" 0.285714285714286 0.809037023666898 0.772727272727273 0.220779220779221 0.277777777777778 0.276060070671378 0.757440236041077
"74" 0.2 0.474758362427199 0.428571428571429 0.0857142857142857 0.631578947368421 0.648508430609598 0.389040771130203
"75" 0.2 0.474758362427199 0.428571428571429 0.0857142857142857 0.631578947368421 0.642260757867694 0.395979580600486
"76" 0.142857142857143 0.585072938784118 0.52 0.0742857142857143 0.6 0.605968792607181 0.442241301144468
"77" 0.176470588235294 0.566192117809088 0.5 0.0882352941176471 0.608695652173913 0.608034744842562 0.442843382095984
"78" 0.2 0.22111683573017 0.2 0.04 0.857142857142857 0.852878464818763 0.162608715640266
"79" 0.214285714285714 0.651765785720297 0.592592592592593 0.126984126984127 0.523809523809524 0.515415612407459 0.531947004379055
"80" 0.15 0.458492570019423 0.392857142857143 0.0589285714285714 0.80952380952381 0.802189505473764 0.229977826831346
"81" 0.142857142857143 0.472334187174035 0.4 0.0571428571428571 0.782608695652174 0.773328750644441 0.266530410765836
"82" 0.176470588235294 0.566192117809088 0.5 0.0882352941176471 0.636363636363636 0.639853747714808 0.40669476591761
"83" 0.15 0.528062746651536 0.451612903225806 0.067741935483871 0.708333333333333 0.722082997069193 0.323516831470656
"84" 0.15 0.339607921684553 0.291666666666667 0.04375 0.80952380952381 0.828621563657633 0.199177860796502
"85" 0.1875 0.560214086261626 0.5 0.09375 0.590909090909091 0.597453927110621 0.450246714243851
"86" 0.2 0.503709437587359 0.454545454545455 0.0909090909090909 0.6 0.60938452163315 0.432516852825662
"87" 0.142857142857143 0.421165840552795 0.357142857142857 0.0510204081632653 0.782608695652174 0.795088122266885 0.240856039781503
"88" 0.142857142857143 0.392836001418125 0.333333333333333 0.0476190476190476 0.782608695652174 0.800925513927205 0.233972571481547
"89" 0.176470588235294 0.442091897628222 0.391304347826087 0.0690537084398977 0.736842105263158 0.737113673458643 0.296512591636375
"90" 0.166666666666667 0.483353671578405 0.423076923076923 0.0705128205128205 0.714285714285714 0.710530055421344 0.329944755342569
"91" 0.166666666666667 0.456762537229802 0.4 0.0666666666666667 0.714285714285714 0.700967334922193 0.340888877604941
"92" 0.176470588235294 0.376277544676315 0.333333333333333 0.0588235294117647 0.736842105263158 0.743652395623075 0.289118288891716
"93" 0.157894736842105 0.384236868719412 0.333333333333333 0.0526315789473684 0.8 0.787362826632548 0.244662579194564
"94" 0.176470588235294 0.198888402682725 0.176470588235294 0.0311418685121107 0.875 0.88708655430237 0.127198679882477
"95" 0.166666666666667 0.42800751334991 0.375 0.0625 0.714285714285714 0.731136673815559 0.306375315803453
"96" 0.15 0.403507649936841 0.346153846153846 0.0519230769230769 0.772727272727273 0.792171481826654 0.241658758075088
