NaN 1 NaN NaN 1
1.537273 NaN 1 NaN 1
NaN 0.7425949 NaN NaN NaN
1 NaN 1.289388 0.1386813 1.18855
0.8315269 0.7576186 NaN 0.7368699 1
0.3792912 1 NaN 1.66623 1.058333
1.28089 1.202228 0.2213832 0.4076519 0.6119093
0.4696975 0.1854223 1.011015 0.6346541 1.006031
0.8127444 0.6523331 0.641846 0.5321358 0.7764581
0.6971869 0.8246497 0.8094816 0.5473011 0.9515769
0.4358121 0.7049847 0.8788754 1.057592 0.2305571
0.851227 0.968101 0.8675436 0.7289129 0.5493438
0.5786979 0.6561911 0.5218617 0.5822332 0.6098199
0.3905385 0.439264 0.3115694 0.4610904 0.4184471
0.4741316 0.3215181 0.3715557 0.4021372 0.2720428
0.2391532 0.1652357 0.5430449 0.2543607 0.457727
0.2046855 0.3624122 0.3156684 0.218071 0.2353687
0.2415493 0.3035227 0.2169637 0.1752757 0.2252249
0.1482457 0.2010468 0.2510315 0.2219765 0.259022
0.2167438
