NaN NaN NaN 1 1
1 NaN 1 NaN NaN
1 1 NaN 1 NaN
NaN 0.5078335 1.571164 1 1.148806
1.311783 0.7058893 1 0.6198886 0.3315971
0.1836234 NaN 0.3727812 1.475791 0.9932064
NaN 1.121454 0.5580066 1.119246 0.7698585
0.8734112 0.2661164 0.7254651 0.7031988 0.4954341
1.16124 0.5050064 0.5352862 0.8608897 0.7764112
0.2513402 0.7764571 0.2565987 0.219665 1.00239
0.4904723 0.5879584 0.4644255 0.4760152 0.7523844
0.6109476 0.420745 0.5166611 0.2955233 0.7191854
0.5162771 0.5263688 0.583826 0.4819501 0.3705222
0.5860924 0.509747 0.2861677 0.5989017 0.761417
0.3796275 0.3254654 0.4669275 0.3140505 0.4325059
0.2403805 0.4556544 0.4373107 0.3955253 0.3595921
0.2208606 0.1873126 0.1304976 0.1921129 0.1571902
0.4243443 0.2164213 0.3333462 0.260718 0.2447237
0.2953846 0.2490154 0.1672967 0.5217098 0.2339539
0.2539326
