NaN 0.6906597 1.438359 NaN NaN
1 1.526232 1 NaN NaN
NaN NaN 0.7590294 1 NaN
1 0.9222577 1 1 1
1 1 1.223744 0.8717058 1.158651
0.8000602 0.6656553 0.5443624 0.8682485 NaN
0.5666686 1.290985 0.677654 0.08802497 0.5982619
0.431471 0.2691949 0.7036519 0.3735765 0.9425422
0.6913118 0.817044 0.4868436 0.8641565 0.8579845
0.9170715 0.9904217 0.233397 0.772213 0.5360432
0.9455155 0.3291979 0.7980386 0.4936706 0.7110347
0.5983309 0.7845775 0.3715577 0.4667172 0.2804613
0.373686 0.4557104 0.4999914 0.4784185 0.5138962
0.4740377 0.5034971 0.3132696 0.5655673 0.3327975
0.6152988 0.5369494 0.2455061 0.5611473 0.6029947
0.3153279 0.2949056 0.5639642 0.379569 0.314785
0.3161142 0.1489437 0.1349993 0.2377719 0.2358494
0.2632236 0.2684217 0.2275378 0.2979881 0.2299672
0.2935196 0.2228207 0.2194872 0.193243 0.2224417
0.2656825
