"quartet" "wQuartet" "cluster" "phylo" "mutual" "shared" "clusterNorm"
"mb49" 0.734939759036145 0.834208594499972 0.261724843795 0.615007890829843 0.216959629567799 0.104979294315309 0.137445416225264
"mb50" 0.843373493975904 0.915883610913097 0.231064370725524 0.84328317021889 0.189369710257154 0.0928351773316496 0.103094021137389
"mb51" 0.719471269300883 0.749053646775166 0.236652481739662 0.335855057190092 0.179998803671941 0.116886124264645 0.151754545012941
"mb52" 0.863224387015619 0.862634571186646 0.21082662640757 0.760411797473203 0.170105002338369 0.110278579913108 0.106898329272523
"mb53" 0.773809523809524 0.824273607748184 0.225152524967045 0.773699985000087 0.182010824078353 0.0884197229672059 0.0961610759742989
"mb54" 0.761904761904762 0.851765740857107 0.23765034646621 0.761665860673007 0.195266348615783 0.0928561806247175 0.110739451590726
"mb55" 0.710715209096193 0.723408676631425 0.20208605962217 0.33288126184738 0.144746159466767 0.084955764551644 0.142406040514181
"mb56" 0.820126363659215 0.831101827150551 0.220892315188821 0.674987642631076 0.174061209479404 0.109372520274463 0.118282438284866
"mb57" 0.763890972162135 0.807463994990607 0.223970618701176 0.614169331366924 0.177503317608079 0.106459501696213 0.121580392377212
"mb58" 0.602200678072978 0.701609292854058 0.221153636620662 0.094213310254169 0.146124680131391 0.0736675482598684 0.181365980621469
"mb59" 0.788917070960167 0.78141849854832 0.193760385091686 0.607537281007446 0.148037227771424 0.103127091206317 0.103892566294617
"mb60" 0.619210904244255 0.695655412650526 0.226968100033921 0.0712301869496473 0.146078519499085 0.0888992448129958 0.187708281759423
"mb61" 0.798596641636994 0.788507093236805 0.191047476031418 0.666415952269983 0.148482710966574 0.0909964173152524 0.0847483924320142
"mb62" 0.747963365882583 0.738517082302601 0.198454672959419 0.438925471427546 0.142165425818256 0.094191516994545 0.127855682233202
"mb63" 0.788746410303944 0.79467413562592 0.209595235538975 0.535305692390287 0.159131340412619 0.103844321996698 0.132423068154141
"mb64" 0.792682926829268 0.844766589006817 0.20096653458663 0.792554923529986 0.166484806446711 0.079937769112134 0.0657779949979922
"mb65" 0.928571428571429 0.963994028277861 0.202925569330207 0.928499758201902 0.173429517945478 0.0844515432538532 0.0702339247419707
"mb66" 0.684713363327922 0.716073765028267 0.202674185319162 0.523528857076703 0.155276487242018 0.0874211885538625 0.0979028904415252
"mb67" 0.597975468095095 0.69680795232338 0.221403552243459 0.0827457841183416 0.145387009036836 0.0823781826054144 0.181859680440571
"mb68" 0.64126804778349 0.676796211056583 0.197595541119463 0.0718180301838475 0.129880273281192 0.0722239686726748 0.151587607159269
"mb69" 0.600586337482812 0.700474803410049 0.217210522737295 0.118337185343691 0.145901811729777 0.0783987461418754 0.176453941855139
"mb70" 0.663773294308244 0.684466819221968 0.205935602133312 0.191408901239593 0.140827882195584 0.0880051224199141 0.136099725109193
"mb71" 0.810379796521296 0.809967223905978 0.2024430883247 0.618706623356487 0.157714740882617 0.100386723586162 0.113883200525098
"mb72" 0.674698795180723 0.654433139534884 0.174796516866111 0.674646575908973 0.13350942525807 0.0624696850181786 0.0366103120751621
"mb73" 0.821428571428571 0.864009209958267 0.2015379247545 0.819104335019474 0.164801934497698 0.08055304886075 0.068615274335729
"mb74" 0.746987951807229 0.826576876916922 0.22148240336442 0.746761456717124 0.178622761689889 0.0877708287438728 0.0907637146986829
"mb75" 0.745758316874529 0.797214003944773 0.21336717556182 0.580971332650869 0.16468507976656 0.095998562300425 0.109440389572582
"mb76" 0.647556157930552 0.705374452103413 0.213803330546818 0.166172820877297 0.142142346940625 0.0783149757878311 0.170844640464401
"mb77" 0.728262229977274 0.755037834612568 0.199757474364221 0.487660505612672 0.145695334797871 0.091869973685387 0.110531054141534
"mb78" 0.604491370886399 0.700757291513545 0.218311617221054 0.0838004199612292 0.14560752443989 0.0781163410553516 0.178043825611402
"mb79" 0.702380952380952 0.665479909903364 0.186388754663166 0.702199743201989 0.149545176371453 0.0726781111587499 0.0509441712652172
"mb80" 0.710800114775888 0.736999529326025 0.201302338870444 0.42648968245597 0.14869334505487 0.0873738289084642 0.112355980693936
"mb81" 0.626828456387128 0.686791496993634 0.220175354868671 0.0714560428009285 0.140709316391519 0.0855555531989172 0.180340005527369
"mb82" 0.867784773572504 0.834179033030158 0.187066077276352 0.746794954300983 0.14714401904402 0.0890660847365674 0.0799139608973353
"mb83" 0.634710985934527 0.670109272703765 0.192608922476236 0.107748364485997 0.128875702983806 0.0780895100487305 0.143262108383094
"mb84" 0.841463414634146 0.876395317179417 0.219981707249867 0.841339060114727 0.182297962879258 0.0896710793353931 0.0875208995451539
"mb85" 0.768052921766765 0.773268220116814 0.20938752113234 0.463914912858402 0.152333706458889 0.102948786231734 0.139928250154876
"mb86" 0.720968291969604 0.702959042490266 0.185119795081295 0.359596897001134 0.129773241799804 0.0804891802346531 0.119395022311737
"mb87" 0.76580062382119 0.741167601187391 0.187537234115928 0.472260806610876 0.135311257329791 0.0868850850417704 0.108045902759752
"mb88" 0.792682926829268 0.801998692444195 0.182348710199373 0.792554923529986 0.146175857051559 0.0696172259174455 0.0450882901013392
"mb89" 0.76868417577994 0.751417798350756 0.182506589836947 0.656151576949311 0.143091414051332 0.0893187698103117 0.0745034899075804
"mb90" 0.642026439514113 0.66464717823066 0.192252425793021 0.109002117075991 0.126821823518587 0.0788981425255484 0.140852652367868
"mb91" 0.693875773739142 0.700519913594139 0.21049927291702 0.251461339128109 0.155165175931109 0.0934541557404548 0.133317418864488
"mb92" 0.738095238095238 0.754293697099186 0.179927441447607 0.737949864101038 0.141751517482966 0.066967890872461 0.0434072216425887
"mb93" 0.669393787588983 0.695538818076477 0.213837842911981 0.191589591716655 0.149655986200912 0.0895105694046615 0.136982368574193
"mb94" 0.646765870002268 0.689798136794027 0.201364228099657 0.202135848613314 0.138711296616404 0.0731304833459315 0.152531079290919
"mb95" 0.663555466629309 0.672905372372747 0.187932500380421 0.237703374514687 0.125323319699599 0.073158046229034 0.138298131890086
"mb96" 0.821428571428571 0.817492669670314 0.188184605603231 0.821249395504756 0.156894016372224 0.0776778075114866 0.0530389835136661
"mb97" 0.685076847867517 0.698235742336323 0.187389793331465 0.297208329119856 0.124932194085894 0.0840570404844182 0.126389364601018
"mb98" 0.738095238095238 0.756664499349805 0.182442631431367 0.737949864101038 0.14572717667486 0.0684659721089815 0.0463411237096313
"mb99" 0.698795180722892 0.721148636445729 0.18188334719478 0.707111601226696 0.142825245438853 0.0667963462294655 0.0453189690013966
"mb100" 0.738095238095238 0.759918270049379 0.180982089522337 0.737949864101038 0.14240172312965 0.069012964552897 0.04463744050734
"mb101" 0.63978320093927 0.652880643441507 0.186315351821966 0.155715778442193 0.124169590623642 0.0804552204713793 0.125440954153259
"mb102" 0.64814094910207 0.662268888162072 0.19019892008455 0.181476636717076 0.130019646991952 0.0778345541081446 0.124954025079177
"mb103" 0.629861260016094 0.651001797244225 0.181414343965549 0.157470103103375 0.122631504263193 0.0760372015924081 0.123849545189117
"mb104" 0.635806830449747 0.671540979958065 0.193886525638106 0.060547288414369 0.127295079619493 0.0637780604841693 0.148839113290111
"mb105" 0.812828901287054 0.809593869731801 0.190362325424637 0.680233347463488 0.146329360625778 0.0925148244239569 0.0833970855992761
"mb106" 0.622728658882673 0.675242025769835 0.212278887522366 0.0722855087984082 0.134866094235279 0.0799766360900262 0.171711070002836
"mb107" 0.709499911483135 0.713065057256671 0.192834862354789 0.344640284711121 0.137752610036339 0.0828930493507512 0.127860279945971
"mb108" 0.72289156626506 0.778473282442748 0.205238046202967 0.719352310722004 0.162645705494704 0.0786779458566033 0.0717918134514701
"mb109" 0.69598764276923 0.662035613451486 0.176246769165421 0.571272464200286 0.137072966893296 0.0813659140903404 0.0680028228826548
"mb110" 0.735304066717911 0.711084048766047 0.179819420184234 0.394108778764271 0.128131157950705 0.0811746293174199 0.107526713711902
"mb111" 0.819277108433735 0.856913470115968 0.183445696935695 0.817027436168902 0.147833250707488 0.0716984306904861 0.0467530251113213
"mb112" 0.734939759036145 0.710758223540703 0.17096219204615 0.731584113865612 0.135885189254372 0.0656767684239043 0.0321797588541848
"mb113" 0.726190476190476 0.769119246103661 0.182935008592105 0.726151908897209 0.145820252941261 0.0657865433021404 0.0469154685420221
"mb114" 0.79856213493532 0.783698131090247 0.18453525060217 0.670525471308595 0.141466773068276 0.0894791379870129 0.077152023589001
"tnt1" 0.584850990885225 0.692933305214116 0.218088067500454 0.0712446750775631 0.143329018596972 0.0772312479163984 0.178512115690061
"ufb1" 0.629632567510784 0.694289442476198 0.208163633621031 0.120036840910324 0.137988472655429 0.0734919707368503 0.165694109300518
"ufb2" 0.807228915662651 0.821551476914253 0.191311178479982 0.807044624020772 0.157017070449255 0.0768544787348767 0.0561036727129704
"ufb3" 0.687793135569712 0.727280964030081 0.228554781528782 0.479007004432049 0.178074847116772 0.104536646426223 0.127258018709678
"ufb4" 0.766424772328757 0.725373666537901 0.177553915907863 0.467885784720666 0.129304256585736 0.0718614628821151 0.085814069736536
"ufb5" 0.73151895795938 0.69357238353159 0.173600000139393 0.3697635778398 0.121040814436904 0.0757761507549194 0.100742028794985
"ufb6" 0.705108003065601 0.677844496559544 0.173129394172769 0.306494527045248 0.119079776695141 0.0773986724454654 0.106372037654616
"ufb7" 0.645416133609505 0.667441733086207 0.194340157603309 0.130870106163801 0.127889520814049 0.074655532812518 0.146735760350607
"ufb8" 0.696931908360076 0.689600020229734 0.179070016032488 0.356605640459229 0.12741111674665 0.0741114005922402 0.106947200197868
"ufb9" 0.696302240484062 0.698660097395481 0.184842708057381 0.332911233641902 0.130597042601233 0.0758312707667861 0.11922477912156
"ufb10" 0.698795180722892 0.708255012531328 0.183562948465941 0.698686815053505 0.146774246584682 0.0671953548137146 0.0469214569957386
"ufb11" 0.613564296683592 0.681909407181766 0.216586342434084 0.083631246581483 0.139650525635589 0.0830514945531034 0.176573137067054
"ufb12" 0.743307282929311 0.731074875964915 0.190787693808766 0.502473159267102 0.143941893749539 0.0910883068499797 0.100585189848536
"ufb13" 0.653987613317362 0.656246910917603 0.186420201884356 0.199845492039263 0.124632132467603 0.0750489452795513 0.13464632691606
"ufb14" 0.664441981981945 0.654747155187416 0.188702232342423 0.202678622465919 0.12445491696224 0.0764367180322553 0.134603460952699
"ufb15" 0.771930425010786 0.756669688844306 0.202070973469434 0.503438608757514 0.147128457470622 0.0950987454909304 0.124065166055544
"ufb16" 0.82962673573101 0.822646896759004 0.198202646427003 0.737791690261987 0.160776630294668 0.102848642748835 0.0928437762931774
"ufb17" 0.803809979103478 0.800675369706693 0.204592004655906 0.642471325984488 0.161139453011127 0.11348416045827 0.116270730284883
"ufb18" 0.616785346371497 0.688615404636416 0.21653376937126 0.0826587697178379 0.14048386578442 0.0736269466346319 0.176879855580765
"ufb19" 0.654615437544781 0.693194849447921 0.198826976727585 0.225992310161241 0.134004427427334 0.0766237096830183 0.145396014693528
"ufb20" 0.642398161483671 0.690197783652066 0.19904233037539 0.204482723179815 0.136932168494023 0.0708231022477372 0.148019590991842
"ufb21" 0.637449802234945 0.674350196570355 0.194262847573805 0.118902929638136 0.129297110705032 0.0717196357766912 0.146676173413583
"ufb22" 0.773951487046171 0.76221657544957 0.189910339271125 0.547261353387412 0.142926125591014 0.0895576410118655 0.0999588280854585
"ufb23" 0.752851957333505 0.749507962068349 0.181011788966827 0.646040205103385 0.140455335490701 0.0868238446689697 0.0730426143028454
"ufb24" 0.632477196475724 0.690711719611892 0.203634637684312 0.154292733848151 0.134755297402229 0.0734888041769212 0.159147278459047
"ufb25" 0.623742569620961 0.644940517736107 0.180910732331562 0.201581512849717 0.122109012931292 0.0714035776686142 0.119662764784009
"ufb26" 0.634519096157759 0.653635712580568 0.190614347963203 0.205083642007071 0.131062241626583 0.0777416656598088 0.125485349101747
"ufb27" 0.606462901505139 0.65776875611881 0.200869319120944 0.106723809952629 0.129304093135531 0.0788994728141733 0.159266461658552
"ufb28" 0.63855421686747 0.591285866099894 0.159178295964687 0.638529050746347 0.115348695703206 0.0518941054333863 0.0180572565145575
"ufb29" 0.654918780766748 0.659412756435076 0.191841865556038 0.202426027027714 0.130157075779328 0.0718048525986591 0.13499578207098
"ufb30" 0.63060921831161 0.636607657408518 0.181560461380369 0.20496184316783 0.126766435831623 0.0778508193091744 0.120292839955611
"ufb31" 0.647598254302163 0.649191227262261 0.188075327110557 0.381796431903224 0.135081418430485 0.0794628442716182 0.097971000625488
"ufb32" 0.675681299092504 0.671004044311588 0.196965833405765 0.461218166247566 0.151655386377087 0.0814152478591708 0.0915211957808997
"ufb33" 0.645103392448604 0.610933986642951 0.160618993066007 0.473336595360028 0.117446336084343 0.0624476274613763 0.0498672059086895
"ufb34" 0.587937129058914 0.635140100168236 0.166890362345875 0.250210244546438 0.117501580249766 0.072611414048916 0.0996698117593665
"ufb35" 0.750335198795812 0.752772387347769 0.206879456203593 0.404361152542609 0.148083976560813 0.0964535855203704 0.143035425125435
"ufb36" 0.675561626384784 0.693585360581826 0.189843863710534 0.261397866994919 0.132221995386464 0.0635739659399561 0.132889346465264
"ufb37" 0.66766988867754 0.676836748955643 0.185237325433898 0.261365155751394 0.125823788490008 0.0663718730284608 0.130949977428524
"ufb38" 0.705698197891821 0.723180324236493 0.194806331652437 0.368684448136143 0.140893698400527 0.0914744639564265 0.129990447121379
"ufb39" 0.66047563469798 0.66068335926263 0.184545497633249 0.393610816826898 0.13481749215586 0.0708779844186419 0.0937330265643073
"ufb40" 0.724782181041373 0.757360498846532 0.232654031994328 0.515374600426514 0.182095830163464 0.107334263998962 0.131593194250326
"ufb41" 0.771084337349398 0.708349402236791 0.165775915442253 0.770999582737356 0.134093563860305 0.0607666512005583 0.0260791466496104
"ufb42" 0.628370492553405 0.631899354564838 0.16860594442502 0.33141618049811 0.120317260536602 0.0748541062699654 0.08725203912132
"ufb43" 0.785567768469755 0.742851432568631 0.182088967862695 0.516287866541113 0.136323286635914 0.0779214119529613 0.09091820838481
"ufb44" 0.749352322268045 0.737430113277262 0.187732293246083 0.510598806727009 0.137839653706322 0.0928412800417416 0.108181772521233
"ufb45" 0.635780613033803 0.691200742815496 0.201318920743241 0.190130364771432 0.139581949585043 0.0720577685646528 0.154140868517202
"ufb46" 0.634199888748289 0.688929884726314 0.20078967478313 0.190072969468766 0.137617375199653 0.0724567182624681 0.154980347411109
"ufb47" 0.738095238095238 0.751810042818217 0.177134050800478 0.737891155420673 0.137205871292182 0.0667176585954342 0.0401488059178985
"ufb48" 0.738095238095238 0.772980751933801 0.18033239511942 0.737949864101038 0.139531222254466 0.0646460708653535 0.0438795893056527
"ufb49" 0.794567243277539 0.796923589515771 0.19006877175746 0.678334511803529 0.150437854946839 0.0913807116247024 0.0836410831233308
"ufb50" 0.629960247493628 0.677662604449411 0.212907705271303 0.0828963336272266 0.136855659024589 0.0707336719472918 0.172933804507748
"ufb51" 0.726190476190476 0.700912497963174 0.179972579283436 0.726151908897209 0.142393373307043 0.068457443530787 0.0434598737248158
"ufb52" 0.72289156626506 0.745919091554294 0.180312616151254 0.731523979027636 0.139843744825488 0.0646010156246517 0.0434860431870722
"ufb53" 0.624091400024806 0.657899773517497 0.185605708995895 0.130743171862411 0.123699675590341 0.0675360247282555 0.137480913121365
"ufb54" 0.698643407737206 0.722487206012945 0.186707507923857 0.406142296837593 0.132404897335668 0.0851618883699667 0.107035217772542
"ufb55" 0.807359117176907 0.787577569988487 0.185911110938876 0.666415952269983 0.14249598494659 0.0837973370393342 0.0789370916835568
"ufb56" 0.625250701233293 0.641362324332156 0.178354645014062 0.189750517315184 0.119056676403318 0.0574734109676379 0.126083518100396
"ufb57" 0.615826450615776 0.672356620212405 0.207862211557561 0.0841626543778512 0.134190713473583 0.0806800489064114 0.16706521933176
"ufb58" 0.821428571428571 0.824733824733825 0.188868677540982 0.821249395504756 0.158000247501943 0.0770885685270668 0.0538369351933137
"ufb59" 0.679036983070776 0.642103181781848 0.172036205723104 0.260600799052457 0.112292047195064 0.0674035090332293 0.110053909852404
"ufb60" 0.686395521525071 0.712183961307886 0.181234945981416 0.408853153938644 0.131641620375163 0.0843517219250333 0.100958805028363
"ufb61" 0.642687404910817 0.623725695467897 0.160976390941634 0.272481586514578 0.109230184579262 0.0634341809869243 0.0933081695521091
"ufb62" 0.590246523118325 0.644300428873233 0.166819156398794 0.177628615755976 0.114994731214142 0.0593002323563027 0.113715788307078
"ufb63" 0.769668799591164 0.741058083610803 0.17779998154447 0.485864601619518 0.130358724701605 0.0759766931655389 0.0862172969728394
"ufb64" 0.625610128546357 0.646998306655165 0.171977993468529 0.310055141683722 0.120840638690791 0.0760118503335186 0.0990302981298214
"ufb65" 0.629426648620597 0.66549483003831 0.188460809803019 0.108221343841287 0.125241001294868 0.0644235364510552 0.141927009035369
"ufb66" 0.785714285714286 0.783579903325033 0.186815948901199 0.785557983286071 0.150966789119163 0.0742902793511309 0.051442481955895
"ufb67" 0.674698795180723 0.71129834534565 0.174447565144785 0.674705985501044 0.135766096594435 0.058357809122244 0.0358892748815489
"ufb68" 0.776250435381733 0.755030971678634 0.181589318499653 0.614897188471686 0.140163462439482 0.0822864485247797 0.07350494059257
"ufb69" 0.692196211485996 0.709781045718307 0.174569499446503 0.448436252358685 0.125430660233399 0.0877254760149226 0.0937687997257432
"ufb70" 0.688236121552968 0.711823296063596 0.184476388535686 0.319175925450979 0.128455313785444 0.087668593800464 0.123392136419458
"ufb71" 0.670740030928326 0.694367726585635 0.182656695376633 0.235342162241473 0.124851101362267 0.0835895043537773 0.128097796994961
"ufb72" 0.672608431542587 0.683689943493816 0.181022382817037 0.297296063607501 0.122545324474382 0.0804617786868377 0.114815356939531
"ufb73" 0.624464225258268 0.685553028471629 0.214121731142368 0.082653503791727 0.138646061281354 0.0723682785455957 0.174390709778503
"ufb74" 0.748409861894441 0.721196477376253 0.186629995181609 0.466094201284244 0.137125487160399 0.0837085833718529 0.0960102495089428
"ufb75" 0.670116542644906 0.636683469134097 0.168531128684482 0.251773044865039 0.110860885223348 0.0655059022782213 0.109982369163396
"ufb76" 0.692116061010466 0.723248305750269 0.198717895431084 0.469640388184663 0.149449111325991 0.0790628373083959 0.0934267307500952
"ufb77" 0.695943459864381 0.695316386103621 0.183071653977146 0.343451402550295 0.125505886612259 0.0815382448965479 0.117252521988907
"ufb78" 0.636521896791196 0.692375642748148 0.204040759378949 0.170137520880778 0.136696645758496 0.0735561341991614 0.159575034755357
"ufb79" 0.620483042004852 0.669496231140879 0.206409911412131 0.0956944570957666 0.132100475524321 0.072829731437764 0.165533267535337
"ufb80" 0.58727213186353 0.662675603269997 0.195607111627785 0.130447325980447 0.12898122956526 0.0675264368137938 0.150683501340038
"ufb81" 0.752936027873813 0.720501308181789 0.173022341471036 0.58581718479373 0.130767809965208 0.0741028445640944 0.0634667101376161
"ufb82" 0.690079876658973 0.681627449938918 0.188843376101719 0.469607421310248 0.140423369361598 0.0704276508568784 0.0818156437381065
"ufb83" 0.674187165524305 0.639064098843869 0.169115546436008 0.426351462696965 0.121572769437363 0.0707749287173838 0.0765827971383606
"ufb84" 0.624574491016147 0.679675091812487 0.194733129129152 0.168226201569822 0.132612416110712 0.0706495446138876 0.147147311040178
"ufb85" 0.734939759036145 0.805026475934561 0.20438928404745 0.731556998405486 0.163611531639837 0.077409251550994 0.0704581290899957
"ufb86" 0.694804859808332 0.660165744238484 0.174298463101167 0.499809288283803 0.132013687753745 0.085409199622969 0.0826134254652698
"ufb87" 0.784365183211154 0.744333215133248 0.185353296623356 0.642716011796926 0.143891004783494 0.0857425458474932 0.0783059786900533
"ufb88" 0.707128041159495 0.680180751258739 0.179950213584343 0.452104708377893 0.134801916859712 0.083689376170589 0.0998836170421017
"ufb89" 0.693046199067446 0.69725221965214 0.188104727246033 0.332911233641902 0.134728774831993 0.0775302562099008 0.122749381918829
"ufb90" 0.625378828711178 0.647648116071595 0.180040617457844 0.176142075234143 0.121346530739444 0.0754410818476898 0.12785806624435
"ufb91" 0.640286363837895 0.696762458767563 0.206408974451046 0.194605242687258 0.139807923518518 0.0757584524871657 0.16208967396581
"ufb92" 0.622035543423155 0.667721269546167 0.193231997571688 0.105319184220418 0.126075377203043 0.0659186839237568 0.149144713302631
"ufb93" 0.755436855109807 0.753187384409312 0.200356249752316 0.428054041964219 0.146488661744391 0.0928579354750055 0.13010353629472
"ufb94" 0.617360409314052 0.65940735775046 0.201349828312114 0.0968166043517237 0.128711344781861 0.0736465799479935 0.159775102248035
"ufb95" 0.633324920830493 0.667646505874643 0.191695888459417 0.131012376730896 0.126346814917801 0.0713807778950924 0.143932654295041
"ufb96" 0.63780766307211 0.659315488554566 0.188807583902208 0.120321363644942 0.12479148074085 0.0649450830695024 0.142274990344361
"ufb97" 0.658015326564948 0.66024158588583 0.188704726253527 0.163939798319644 0.124539930499524 0.0678879325699599 0.140764742300521
"ufb98" 0.74994177824742 0.691050471596227 0.161152373785107 0.521856992322188 0.112960608446275 0.0717208577740921 0.0677974679246153
"ufb99" 0.662299499058938 0.665706524983583 0.176069874511051 0.404295232406728 0.127345432198294 0.0724699660938302 0.0845815325509238
"ufb100" 0.623825174897564 0.666544806147431 0.199939186991258 0.0945745964090351 0.129595342256303 0.0690479806803303 0.157720593485652
"ufb101" 0.623413517062838 0.662089292629041 0.19753149080839 0.0956568820143515 0.126735789995293 0.0640984958946406 0.154515680245789
"ufb102" 0.656290968379191 0.659170299602993 0.187151757285968 0.154251652052329 0.124582908297164 0.0697677916548857 0.137471407532578
"ufb103" 0.782687390914482 0.764325028767902 0.187762956798468 0.548986635251381 0.142333746157175 0.089157496395829 0.0974289960855301
"ufb104" 0.741683974544425 0.7296879420492 0.187111864090444 0.402960621584254 0.13220404230992 0.086712370156522 0.115568840871136
"ufb105" 0.719091764979631 0.713857052724662 0.182769512749799 0.359840943036373 0.128800212962095 0.0851124479000795 0.116798404768617
"ufb106" 0.660483008490518 0.661048993523992 0.196682934767766 0.272277565781957 0.145001635922527 0.0772558720769732 0.118150390895712
"ufb107" 0.682224716817091 0.655003853352417 0.190957415370066 0.249130843625025 0.131997958137092 0.0727545131968905 0.130409760043841
"ufb108" 0.65443047664804 0.683714539865954 0.193668139614654 0.204482723179815 0.131530007138333 0.0617742796412203 0.142330425273579
"ufb109" 0.636199097732925 0.683516076671643 0.196003763054998 0.192401602271179 0.135926454329837 0.0726610543415513 0.148514700176175
"ufb110" 0.627917699852029 0.680936859489738 0.195307748239828 0.190153217623794 0.133563991832023 0.0730527155573232 0.149186061549404
"ufb111" 0.630096803483548 0.685349743191062 0.199241903517402 0.168169676178252 0.132884726264063 0.0741171947091516 0.154509152977909
"ufb112" 0.734961633681074 0.707312312207636 0.18535875734977 0.412045801910421 0.130514767455335 0.0819876638460393 0.113625337772061
"ufb113" 0.613234283178299 0.669159894847709 0.208923474632239 0.0841626543778512 0.131292752841952 0.0797354598151224 0.168175365901773
"ufb114" 0.62893987690216 0.67816573133468 0.197228633283285 0.166380685336702 0.133607670321605 0.0691554791836752 0.14980896797736
"ufb115" 0.640534232392076 0.705359579361831 0.214230986769635 0.154323099960202 0.143808679489923 0.0766354512679677 0.172098642281513
"ufb116" 0.678789433834904 0.68494468641381 0.18920185778692 0.261397866994919 0.131753369051304 0.0668104329780535 0.132202207096614
"ufb117" 0.578347377402526 0.653669064368114 0.190425188092289 0.0839259829142736 0.125946017919264 0.0636122381439138 0.146185141325566
"ufb118" 0.646857651858726 0.694519168134334 0.194523584747163 0.228540187059731 0.133800368237711 0.0755645122632653 0.137837663926426
"ufb119" 0.765563044641621 0.760180324465403 0.197476221972573 0.520589104138546 0.148868464776713 0.0901456231161605 0.10822118242789
"ufb120" 0.783437551135469 0.772699417832703 0.186616418768182 0.678266702198893 0.147827779718279 0.0941075559656415 0.079735079334842
"ufb121" 0.663055081343017 0.647389979135217 0.184451844238066 0.281174593190315 0.126475606852538 0.0783635661056318 0.118788412100758
"ufb122" 0.624610877834381 0.689581758419939 0.220896117670736 0.0826587697178379 0.142053941742161 0.0805001814499719 0.181462997293701
"ufb123" 0.642201821598834 0.663147187206263 0.193566759228482 0.15847009964503 0.129028789762922 0.0788478344156764 0.139811897479301
"ufb124" 0.638156074364603 0.660704862151099 0.191877023226334 0.218275400852042 0.129406613628153 0.0789709839501696 0.126865499855184
"ufb125" 0.65470918954679 0.66958342132567 0.173039258861666 0.346351048304934 0.118974261386703 0.0739091667193987 0.0920279907709827
"ufb126" 0.662864720320225 0.664891691404425 0.170690372078177 0.337995376618103 0.118636473727249 0.0788906148935833 0.0975577662490881
"ufb127" 0.684171280688809 0.692700682997275 0.180710171743182 0.326161215985114 0.124376264305299 0.084820840533378 0.114548965885427
"ufb128" 0.665581079769564 0.654846041189375 0.190932656696217 0.206409885703237 0.128949397031006 0.0765154234375994 0.134031296764499
"ufb129" 0.595238095238095 0.529536067620786 0.158600773685936 0.595068132267364 0.116655957950458 0.0515103898662587 0.0185302322170996
"ufb130" 0.599155217766194 0.642865070263243 0.16726156546546 0.213419565284146 0.117197866947685 0.068088443709738 0.11162435452612
"ufb131" 0.659009994811221 0.652771435271466 0.190761470243672 0.260601744322606 0.137328914146335 0.0803584930047026 0.119591068196848
"ufb132" 0.586121271620019 0.673852546922185 0.207398643063667 0.0597272665190647 0.135696965645377 0.0553040232892542 0.167279834871958
"ufb133" 0.633829022298623 0.642293571592028 0.176585909266462 0.309902250105996 0.123478365741915 0.0668301905432438 0.0960144793895522
"ufb134" 0.614710250261387 0.649819256394543 0.188644879133963 0.129063572272844 0.121748483991481 0.066712900920693 0.145149021073473
"ufb135" 0.586965165172057 0.694526112641844 0.21482328204188 0.0712684152430958 0.141974548256547 0.068980104126766 0.174945207119995
"ufb136" 0.6426676206245 0.666051281646257 0.19189146836897 0.120808780314577 0.125894806239285 0.0730423202299345 0.142503623422998
"ufb137" 0.600010330093395 0.690834960948551 0.208097124045123 0.1301675988004 0.139159366306877 0.0763139360895689 0.166311242680987
"ufb138" 0.664131004008197 0.653403791108709 0.18759111948535 0.166231150830293 0.122571693191186 0.0701308214333487 0.137910444056513
"ufb139" 0.634319229775553 0.674462932439525 0.173914926686775 0.332141915236681 0.123094522922426 0.0754592676552086 0.0929894413393457
"ufb140" 0.738779187637055 0.685023041474654 0.169454976083576 0.537004150887481 0.12652115673886 0.0697141302279032 0.0593133975682373
"ufb141" 0.682268404990868 0.678205442918423 0.175374404981264 0.311453053779276 0.120806844207987 0.0781357970065075 0.113653488504346
"ufb142" 0.595465265563181 0.697001614262946 0.215726218791939 0.0958939408603984 0.144058937015389 0.0732158988961549 0.175330969052706
"ufb143" 0.799990297280962 0.785872189048406 0.193646287658917 0.678266702198893 0.151887240013669 0.0969029141672418 0.0876886966518048
"ufb144" 0.714996944868815 0.700783760101256 0.186023276032034 0.392284997962241 0.136785524386145 0.0829534394524445 0.114511338957103
"ufb145" 0.705731671535076 0.674902089967424 0.182256763858091 0.311398244354674 0.122285283276581 0.0764804389930388 0.116280539620267
"ufb146" 0.675230985556938 0.618614209408478 0.168241773668626 0.284898296726206 0.114096531940284 0.0712047970918152 0.112746330816709
"ufb147" 0.626460616157669 0.679630659198858 0.194924921795413 0.192401602271179 0.133836850619613 0.0714619984982787 0.147369176364754
"ufb148" 0.623268353113654 0.677396408168893 0.194271241941891 0.170198295547739 0.131528438528398 0.0715768104932338 0.14807252385592
"ufb149" 0.633252416299926 0.648563161309053 0.183399105721313 0.105485975360601 0.119813819090439 0.0494163831401876 0.138774485443776
"ufb150" 0.703993165553103 0.712031971697186 0.184620910562057 0.374317201065526 0.126875791524952 0.0867829997334522 0.112716768198997
"ufb151" 0.644030295736167 0.652564939637183 0.189300802322119 0.239772486019167 0.128978404640456 0.0725900657988623 0.117895551480061
"ufb152" 0.670357459624882 0.662902988752194 0.194563078429611 0.285577626765539 0.140561163420088 0.0736797605868662 0.11568153975808
"ufb153" 0.625567087104083 0.609631620109491 0.163950861469545 0.289440160152936 0.117143086659267 0.0623025868324138 0.082025845221595
"ufb154" 0.612850953093142 0.662511458200261 0.202376390850767 0.0851644177613408 0.129641053782174 0.0785044587015517 0.160861605361795
"ufb155" 0.621631492183467 0.649066530661549 0.179230263896395 0.166685896046213 0.119934234901534 0.0689972050835104 0.124535972259402
"ufb156" 0.61434207104048 0.6708039271565 0.202646690558637 0.0826245073205688 0.132198803605594 0.0716267348637336 0.161129860934965
"ufb157" 0.765823203886651 0.694645293315143 0.165092725105573 0.516030872361187 0.119609139466603 0.0724500873090583 0.0720135766538274
"ufb158" 0.677500276108683 0.626778265793763 0.168012152344721 0.535447416610249 0.127950578835393 0.0777443696005074 0.0586861497040129
"ufb159" 0.76375945925333 0.697904426165296 0.169985221930442 0.609444239692152 0.128344953634871 0.0764505589021311 0.06066215993421
"ufb160" 0.652371836119902 0.619921832422416 0.158610130943025 0.428288437272194 0.117271867740948 0.0677179430988844 0.0651830772636963
"ufb161" 0.573874332846846 0.561033098841495 0.156293479299525 0.249435466001295 0.108494589036826 0.061811844664046 0.0739171276291606
"ufb162" 0.653641691638103 0.684156511232277 0.194414412974943 0.237997620082387 0.131110980807863 0.0816466385458921 0.140656904583395
"ufb163" 0.651826223685578 0.690546541511096 0.20244228289398 0.178129633095412 0.132735764843041 0.0810385078577732 0.156713913798737
"ufb164" 0.636237751250016 0.678009304311249 0.194279876174708 0.168238437351146 0.128009084745263 0.0720168590461234 0.148080197402377
"ufb165" 0.614457831325301 0.587077796936809 0.167404109763545 0.614389014881629 0.123728987361541 0.0549460780670633 0.0279932141162484
"ufb166" 0.630840635157323 0.642401214984083 0.180347735879878 0.178683458193304 0.120128565947008 0.0767671229587371 0.125686268776769
"ufb167" 0.782858211933457 0.767157178568667 0.201028881138714 0.52346880515674 0.152365832041119 0.0960725747333572 0.123020326923513
"ufb168" 0.595849340403739 0.663344707856963 0.203497605536095 0.0947301658465748 0.132498586563796 0.0810396915062778 0.162475825652737
"ufb169" 0.613386336886813 0.654062540423398 0.184510038976626 0.141164796743965 0.12267159688915 0.0681465180438426 0.136347365902287
"ufb170" 0.654761904761905 0.721498371335505 0.202997503386634 0.65453291533659 0.159787561169148 0.0703911720101804 0.0703178339012012
"ufb171" 0.708987736296379 0.722309624859749 0.189748811794108 0.380451669793881 0.137733573371673 0.0885037186704213 0.118564181718435
"ufb172" 0.650602409638554 0.728161365399535 0.195036571094288 0.65822671078684 0.151134145646384 0.0680735460634543 0.0603153414563462
"ufb173" 0.677759684856228 0.648077322322438 0.191433685698451 0.249109200937304 0.132418689903414 0.0711682194092591 0.126307416002091
"ufb174" 0.600596020854258 0.642688607249442 0.190719863190119 0.107954517515664 0.123705399840256 0.0740425652648509 0.148024619924897
"ufb175" 0.690246002388166 0.703189384993298 0.18710859504666 0.314044586794672 0.123261556727865 0.0836172264379747 0.1213935850706
"ufb176" 0.653762229701695 0.642292440018108 0.181261895730484 0.166163362041928 0.119563588149694 0.0616971580334563 0.132857735989225
"ufb177" 0.646523158894485 0.633850704850959 0.177334964871583 0.178414912090313 0.11656235045287 0.0643406478902446 0.124949611625165
"ufb178" 0.740860566508547 0.715893929286191 0.175973195157317 0.513251641334491 0.127184194212161 0.0790003595218864 0.0842676906192335
"ufb179" 0.604320198597947 0.649272276312108 0.196402119219689 0.108000538687275 0.125627009851586 0.0759844046115857 0.154017110518457
"ufb180" 0.697891180139175 0.663058799838905 0.168122022162122 0.458814889044619 0.124209938170031 0.0823486470429725 0.0753856191758438
"ufb181" 0.596601666011451 0.627754377338101 0.176755629970815 0.14102086282252 0.113552176888237 0.0667661556911692 0.130786631137737
"ufb182" 0.649289648562202 0.637366297217123 0.175877507811617 0.261263030305525 0.121295817471262 0.0757274696785014 0.114220531539328
"ufb183" 0.55421686746988 0.402279202279202 0.151702484585364 0.554149873090133 0.108458359814549 0.0468431979899096 0.010000891154653
"ufb184" 0.699025552702135 0.675886441965068 0.186628382500525 0.461219733538552 0.133346118975266 0.0719870743895464 0.0794278400488403
"ufb185" 0.672303822840496 0.641304347826087 0.174040292319013 0.296496643560042 0.122562751921672 0.0726258160724334 0.101423053058734
"ufb186" 0.778605293714512 0.772010781366863 0.194319683226317 0.55918149522268 0.146903331537711 0.0951697871202187 0.104857780995479
"ufb187" 0.654711646929168 0.645507780480927 0.169591323131229 0.320502223096195 0.120058357694289 0.0679327670301843 0.0964333651433815
"ufb188" 0.60810000291263 0.635527124672738 0.174625870842708 0.177906837302715 0.115094398097112 0.0527212683005515 0.124196525547712
"ufb189" 0.581807517667053 0.671251728298526 0.198610008596239 0.130398309987389 0.13283005560067 0.0656457990137257 0.15483173171499
"ufb190" 0.58487079165538 0.679453213010091 0.202842045930104 0.131901095939333 0.136564318996436 0.0690903724344188 0.160108253554489
"ufb191" 0.589349834863706 0.687598408322919 0.207855010421931 0.131877232770969 0.139392816839581 0.0732781708997884 0.166063901819957
"ufb192" 0.591071369047082 0.686842691320664 0.20858558576007 0.0947884025693846 0.138962765072547 0.0636626456527458 0.167822546530061
"ufb193" 0.58976721373112 0.689109501003892 0.212843416383409 0.0958465471827618 0.140788776114001 0.0734665401165718 0.172631324897359
"ufb194" 0.742178058738659 0.721655369247235 0.178138012999622 0.453323410387182 0.130076546583193 0.0741639884276065 0.0867336020994308
"ufb195" 0.699519972887999 0.688128146567014 0.184534728969697 0.380543496686087 0.136394014496626 0.0780501547647485 0.112892015570677
"ufb196" 0.654407426679691 0.635876267579984 0.183037163352723 0.280221468716488 0.125862640622702 0.0755677479093018 0.111139349881973
"ufb197" 0.769917487839182 0.76582695799048 0.195828651083578 0.487703988912595 0.143574557070315 0.0907413437210871 0.117312365839543
"ufb198" 0.656477025867459 0.629034743809978 0.179162632265973 0.216089851734977 0.124369028292792 0.0651510850666916 0.117730588432775
"ufb199" 0.598470972185937 0.676689885994358 0.207584615139751 0.070985769650315 0.135152445060383 0.0593527977587009 0.167477038082073
"ufb200" 0.761564520716655 0.736751774338472 0.182203341695004 0.475589070051256 0.133667577813909 0.0843086410121202 0.102123578201883
"ufb201" 0.631026208717196 0.666256041122998 0.190636746507199 0.119132532321758 0.126790396240467 0.0708591856975783 0.141162802601677
"ufb202" 0.612525378709026 0.644353265235854 0.177788228554476 0.157749679405143 0.11918881310147 0.0698015769345543 0.120005232541432
"ufb203" 0.574041366750097 0.660398445282644 0.191557964101355 0.130398309987389 0.127200182039497 0.0685849218695472 0.147394448622435
"ufb204" 0.574255669036721 0.664404434333939 0.192443361135522 0.119811903003359 0.128453047853063 0.0694683880143696 0.149142643853957
"ufb205" 0.721450548891147 0.758175297123702 0.217616405418076 0.539481724246467 0.168143756704066 0.101856902478961 0.114500014410572
"ufb206" 0.621951219512195 0.523969124517571 0.145665066896376 0.621811807799156 0.108506282497326 0.0484202026260698 0.0017682146669992
"ufb207" 0.716631311539686 0.71085119908606 0.194158154802015 0.368587938048368 0.142798859419187 0.0800800221886029 0.129290093810133
"ufb208" 0.770950984426824 0.710030597891501 0.177223245388474 0.479945475443732 0.131604740277462 0.0765206697293492 0.0855568623701338
"ufb209" 0.583333333333333 0.591700133868809 0.175206576362497 0.583211468383171 0.130008009424758 0.0553074180756034 0.0379004583679009
"ufb210" 0.624950380657204 0.6685791378223 0.19439768354273 0.118527831008218 0.127243370567826 0.0691209957334502 0.149398589599632
"ufb211" 0.715889291478127 0.672983544645266 0.168369320213029 0.386056256676038 0.119100196245674 0.0717116466471325 0.0868866573604695
"ufb212" 0.608300649454276 0.630090529640702 0.168589634979631 0.154569903390308 0.11265321463285 0.0624449499598932 0.115678705577268
"ufb213" 0.751205655681156 0.747741294114207 0.183565251011933 0.465587898508373 0.135651513617399 0.0773975174387825 0.0927644371890819
"ufb214" 0.576819163184448 0.668023741332438 0.194604492256118 0.131901095939333 0.13032098380435 0.0698395947058091 0.151429103699231
"ufb215" 0.77389229009764 0.769701140905842 0.193078297276348 0.593234693753898 0.147470759258424 0.0829208813068449 0.0867136085503537
"ufb216" 0.661024441671223 0.65045672031318 0.184603589103666 0.277472375010349 0.132246328119287 0.073412177311967 0.112821246180144
"ufb217" 0.649536055577777 0.692076674836479 0.19007507947234 0.252568262769739 0.135083012772289 0.0670961812227063 0.133098208141756
