NaN NaN NaN 1.656982 NaN
NaN NaN NaN NaN 1
NaN 1 NaN NaN 0.743676
1 0.4696975 1 1 0.2208411
0.1836234 0.1854223 0.7346466 0.3008831 0.647629
0.08944698 0.9259463 1.160752 0.2999496 1
0.8032399 NaN 0.464425 0.4689696 0.8862521
0.7833235 0.4593046 0.6007676 0.6439903 0.36382
1.24439 0.6569002 0.5045114 0.9682105 0.4737663
1.158408 0.2717773 0.6063142 0.397712 0.9722003
0.4091069 0.3536135 0.6778293 0.2812087 0.4555139
0.506766 0.5843381 0.7353457 0.6900592 0.5843381
0.3920921 0.5919311 0.9246234 0.7142362 0.4747176
0.3222263 0.2265437 0.3910357 0.3622298 0.4361098
0.2278001 0.2935812 0.2282282 0.4229002 0.3398293
0.4767409 0.3487365 0.5802097 0.2906829 0.344821
0.3074736 0.3901394 0.264325 0.345235 0.2183135
0.1712334 0.2312959 0.29936 0.2997141 0.1968398
0.3153938 0.1733351 0.1922156 0.2463482 0.2418893
0.3230834
