1 0.6353163 NaN NaN NaN
1 NaN 1 0.1854223 1
0.8542233 1.436605 1 NaN 0.6066699
1 1.286059 0.8769311 1 1.337717
0.6727729 NaN 0.8053644 1 1.282686
1.225237 0.7875619 1 0.5335579 1
0.5716419 0.8229237 1.017923 1.016406 0.5431389
0.7126665 0.3684523 0.7375702 0.6490929 0.7721858
0.7640889 0.9027219 1 0.780851 0.6338461
0.7006743 0.5464218 0.7284976 1.11074 0.6794592
0.6338252 0.6499682 0.5985622 0.8934463 0.6983711
0.5988519 0.6365682 0.3692702 0.5894635 0.5432424
0.4958112 0.7382311 1.067059 0.6155115 0.5199148
0.4899196 0.832217 0.3324384 0.4282052 0.510477
0.4070873 0.2044602 0.4828466 0.289942 0.4448426
0.3436815 0.2890403 0.4116535 0.5139652 0.2590258
0.313256 0.234275 0.2421488 0.1481918 0.4122574
0.23204 0.1832099 0.3477767 0.1949151 0.2654113
0.2313791 0.3505415 0.2090553 0.3373771 0.3489362
0.2360884
