NaN 1 1 1 1
NaN 0.9091601 NaN NaN 0.8963364
NaN 0.9268876 1 NaN NaN
1 NaN NaN 0.5141659 1
0.02645862 0.9963033 0.5993183 1 1
0.02893773 0.927832 1 1 0.6898504
0.7169521 NaN 0.8573204 0.9494855 1
0.6800872 1 0.7468063 0.6844906 0.8941996
0.94906 0.7021663 0.4417394 0.3278648 0.5489808
0.7893064 0.6948398 0.1521556 0.535712 0.8043296
0.5671791 0.9540027 0.8064883 0.5375009 0.720324
0.7841914 0.814291 0.5543363 0.393393 0.603024
0.6004122 0.5641436 0.4421561 0.7583552 0.7219486
0.8557005 0.537496 0.7894367 0.4474444 0.5497725
0.5883544 0.6079114 0.447508 0.4592929 0.4270022
0.4241136 0.5008036 0.5105076 0.7484004 0.5319142
0.4680417 0.3512149 0.3748659 0.4172824 0.4085401
0.4180096 0.465565 0.6457623 0.5288362 0.4226744
0.6664486 0.5756539 0.3343416 0.4380385 0.3436171
0.4122448
