1 0.5706922 0.7968249 NaN 0.7024264
1 1 0.6063906 NaN NaN
NaN 0.7226036 NaN NaN 0.9114656
NaN 0.4481615 0.4365027 0.7018086 0.6282808
1 0.3227407 0.2513512 1 NaN
0.4758679 0.4554181 0.5701736 NaN 1
0.4178489 0.5138667 0.3502721 0.2977584 0.3312673
0.6511195 0.6618772 0.3023852 1 0.3553293
0.2854539 0.6854305 0.4733001 0.7074456 0.3387427
0.5706922 0.2525826 0.4499304 0.2920344 0.303092
0.2722529 0.240212 0.4654513 0.5401631 0.4040767
0.3090492 0.2876834 0.3711483 0.2659015 0.3054974
0.2530801 0.427774 0.3090847 0.3334405 0.2383409
0.2202302 0.2200868 0.1981853 0.1981892 0.1672162
0.2631917 0.3180017 0.3809856 0.3629069 0.2787194
0.1534569 0.2217266 0.246182 0.1891363 0.2155176
0.2647848 0.1183291 0.1355962 0.1438467 0.2521592
0.20764 0.2132074 0.1663758 0.2271674 0.1740107
0.1584195 0.1977978 0.1955243 0.09384268 0.1253471
0.1542412
