NaN 1 NaN NaN 1
0.4499304 0.6516979 0.7175945 NaN NaN
0.5406358 NaN NaN 1 NaN
NaN NaN 0.4728599 0.5919433 1
0.4898692 0.3972191 0.4365315 NaN 0.3223597
0.5352128 0.7519987 0.2685755 0.4019137 0.3818462
0.5980887 0.6516979 0.3729418 0.323117 0.6988356
0.3508888 0.6097277 0.4558502 0.381462 0.4425826
0.5953093 0.4778972 0.2513512 0.8298301 0.4524622
0.851074 0.777697 0.7018086 0.3954745 0.2746635
0.2910231 0.3841927 0.5245122 0.2646088 0.2245246
0.3101113 0.4031201 0.25609 0.448332 0.5188871
0.7018086 0.2702449 0.3228542 0.3943626 0.3376621
0.201794 0.2819719 0.1757484 0.3380966 0.153596
0.3664289 0.2749979 0.1700611 0.1904475 0.3286721
0.3595041 0.4907911 0.3151724 0.1139085 0.2730778
0.1531593 0.1676873 0.1716294 0.2544687 0.1964067
0.202462 0.1590906 0.1014572 0.1916669 0.1225052
0.1398534 0.1790935 0.1942851 0.180084 0.1365326
0.1944001
