NaN 1 0.392688 1 1
0.5138667 1 NaN 1 1
NaN NaN 1 1 1
1 0.4779807 0.558147 NaN 0.619883
NaN 0.5694753 0.5638719 0.8676294 0.4019137
0.638397 0.6675433 NaN 0.5457887 0.4925822
0.7909201 1 0.5465422 0.786005 0.3045485
0.584523 0.5023514 0.3870825 0.4666362 0.2513512
0.4838978 0.5056542 0.2450745 0.2897759 0.1958952
0.5519485 0.2600783 0.179337 0.294435 0.251034
0.2486333 0.361052 0.2417126 0.2543593 0.2876416
0.5383711 0.4959849 0.2532648 0.4073957 0.2639332
0.3943587 0.4006998 0.5064699 0.4411383 0.2169941
0.277663 0.1910291 0.1781621 0.2622081 0.301226
0.2322297 0.2294706 0.2113797 0.2417351 0.3159745
0.5381473 0.2325125 0.1654807 0.2333408 0.150023
0.1169496 0.1312614 0.1341272 0.2144023 0.1445354
0.1916561 0.1216823 0.1801385 0.1857221 0.2071773
0.1909484 0.1662281 0.1264844 0.1130307 0.1700195
0.1530907
