"ci" "cci" "ri" "rc" "rhi" "rhiBar" "rci"
"1" 1 1 1 1 0 0 1
"2" 1 1 1 1 0 0 1
"3" 0.5 0.67410306477704 0.666666666666667 0.333333333333333 0.333333333333333 0.342827728208648 0.664500414778405
"4" NA NA NA NA NA NA NA
"5" NA NA NA NA NA NA NA
"6" 1 1 1 1 0 0 1
"7" NA NA NA NA NA NA NA
"8" NA NA NA NA NA NA NA
"9" 1 1 1 1 0 0 1
"10" NA NA NA NA NA NA NA
"11" 1 NA NA NA NA NA NA
"12" 1 NA NA NA NA NA NA
"13" NA NA NA NA NA NA NA
"14" 1 NA NA NA NA NA NA
"15" 1 NA NA NA NA NA NA
"16" NA NA NA NA NA NA NA
"17" 0.75 0.503759540196178 0.5 0.375 0.5 0.50761421319797 0.496087792577069
"18" 0.4 0.873207717452372 0.85 0.34 0.2 0.203721309248947 0.817600274772488
"19" 0.666666666666667 0.864432573931813 0.857142857142857 0.571428571428571 0.142857142857143 0.151400454201363 0.855807917261632
"20" 1 NA NA NA NA NA NA
"21" 0.5 0 0 0 1 1.02092904543134 -0.0212837558478829
"22" 0.375 0.173265749565302 0.166666666666667 0.0625 0.833333333333333 0.853679358033123 0.152111868870342
"23" 0.5 0.929665621183487 0.91304347826087 0.456521739130435 0.111111111111111 0.110107905747633 0.905789505973635
"24" 0.5 0 0 0 1 1.01386748844376 -0.0140209994187811
"25" 0.5 0.958748648967422 0.947368421052632 0.473684210526316 0.0666666666666667 0.0684790796411696 0.942452906514401
"26" 0.5 0.813893268589626 0.8 0.4 0.222222222222222 0.219587176108915 0.793927268971258
"27" 1 1 1 1 0 0 1
"28" 1 1 1 1 0 0 1
"29" 1 1 1 1 0 0 1
"30" 0.5 0.67410306477704 0.666666666666667 0.333333333333333 0.333333333333333 0.342827728208648 0.664500414778405
"31" 1 NA NA NA NA NA NA
"32" 0.4 0.806699694099154 0.785714285714286 0.314285714285714 0.230769230769231 0.237473284255521 0.782797528482782
"33" 0.333333333333333 0.839465879104388 0.80952380952381 0.26984126984127 0.266666666666667 0.270965993767782 0.755374840723998
"34" 0.5 0.508524379006895 0.5 0.25 0.5 0.516929439131559 0.491303145172214
"35" 0.4 0.769895292479917 0.75 0.3 0.272727272727273 0.266429840142096 0.752981676245456
"36" 0.666666666666667 0.968709385840884 0.96 0.64 0.0526315789473684 0.052734272003375 0.955654631102799
"37" 0.75 0.755668454103621 0.75 0.5625 0.25 0.25706940874036 0.748544003995029
"38" 0.333333333333333 0.149736718705254 0.142857142857143 0.0476190476190476 0.857142857142857 0.890339813028639 0.114937258509553
"39" 0.285714285714286 0.609742063750089 0.583333333333333 0.166666666666667 0.454545454545455 0.44404973357016 0.58105654472129
"40" 0.4 0.893594030901361 0.869565217391304 0.347826086956522 0.1875 0.191411982390098 0.83031203757309
"41" 0.333333333333333 0.443662657749943 0.428571428571429 0.142857142857143 0.571428571428571 0.591453496968801 0.422922008566783
"42" 0.6 0.85940311494141 0.846153846153846 0.507692307692308 0.166666666666667 0.174049255939431 0.838826342617426
"43" 0.4 0.71844683290426 0.7 0.28 0.333333333333333 0.329380764163373 0.688241098892478
"44" 0.333333333333333 0.20699953005731 0.2 0.0666666666666667 0.8 0.820681165367255 0.185592187773601
"45" 0.375 0.640246072374009 0.615384615384615 0.230769230769231 0.416666666666667 0.425966944965071 0.59713635923496
"46" 0.333333333333333 0.524429108418954 0.5 0.166666666666667 0.545454545454545 0.529848110208407 0.493076411260225
"47" 0.6 0.338409930231624 0.333333333333333 0.2 0.666666666666667 0.673854447439353 0.331112269442148
"48" 0.333333333333333 0.524429108418954 0.5 0.166666666666667 0.545454545454545 0.535093195398199 0.487568117533496
"49" 0.3 0.384529180720877 0.363636363636364 0.109090909090909 0.7 0.710587757588062 0.305984324596402
"50" 0.5 0.255785042725758 0.25 0.125 0.75 0.76413652572593 0.241320330656934
"51" 0.25 0.506811160198141 0.470588235294118 0.117647058823529 0.5625 0.579076051988161 0.453170523221929
"52" 0.375 0.173265749565302 0.166666666666667 0.0625 0.833333333333333 0.859697386519945 0.14585503087466
"53" 0.333333333333333 0.679169202776514 0.647058823529412 0.215686274509804 0.4 0.392310710082385 0.637682004690782
"54" 0.4 0.873207717452372 0.85 0.34 0.1875 0.186127311080779 0.835773661558291
"55" 0.25 0.471066086335199 0.4375 0.109375 0.6 0.609054611896867 0.420822108837917
"56" 0.333333333333333 0.629585839130731 0.6 0.2 0.428571428571429 0.424508277911419 0.603792578012873
"57" 0.333333333333333 0.699858314117076 0.666666666666667 0.222222222222222 0.375 0.383656244005371 0.646796805254837
"58" 0.333333333333333 0.345034758737335 0.333333333333333 0.111111111111111 0.666666666666667 0.686224052153028 0.324785061169821
"59" 0.428571428571429 0.8533795955838 0.826086956521739 0.354037267080745 0.222222222222222 0.228675966155957 0.79633675381782
"60" 0.333333333333333 0.476687761658567 0.454545454545455 0.151515151515151 0.6 0.58679706601467 0.433285562524927
"61" 0.375 0.462190164794712 0.444444444444444 0.166666666666667 0.555555555555556 0.57372346528973 0.443283039754977
"62" 0.428571428571429 0.515758465547619 0.5 0.214285714285714 0.5 0.51666236114699 0.49855998148114
"63" 0.333333333333333 0.856891418796335 0.826086956521739 0.27536231884058 0.25 0.245263351523699 0.782158016919497
"64" 0.230769230769231 0.543700585344867 0.5 0.115384615384615 0.555555555555556 0.557786702365016 0.480589885672244
"65" 0.25 0.471066086335199 0.4375 0.109375 0.6 0.619024692207167 0.410068107126104
"66" 0.230769230769231 0.7007566393113 0.642857142857143 0.148351648351648 0.434782608695652 0.43894302519533 0.610583925260488
"67" 0.3 0.564353572571995 0.533333333333333 0.16 0.5 0.510687969650544 0.517657139189273
"68" 0.214285714285714 0.573042340771105 0.521739130434783 0.111801242236025 0.55 0.549066586802436 0.494802837232445
"69" 0.230769230769231 0.483024013346963 0.444444444444444 0.102564102564103 0.588235294117647 0.60437567992264 0.429800215405036
"70" 0.176470588235294 0.544960289456805 0.481481481481481 0.0849673202614379 0.608695652173913 0.619249823071479 0.430095157936194
"71" 0.3 0.668795455330556 0.631578947368421 0.189473684210526 0.411764705882353 0.410412757973734 0.624106265751925
"72" 0.214285714285714 0.342488531834834 0.3125 0.0669642857142857 0.733333333333333 0.739346686382578 0.28557535774519
"73" 0.2 0.597592872910598 0.538461538461538 0.107692307692308 0.545454545454545 0.542029901982926 0.507529706532601
"74" 0.166666666666667 0.362817704658064 0.318181818181818 0.053030303030303 0.833333333333333 0.837427422956677 0.185046163283539
"75" 0.214285714285714 0.634304145427584 0.576923076923077 0.123626373626374 0.5 0.505537938324372 0.542862808111249
"76" 0.25 0.430590417671035 0.4 0.1 0.642857142857143 0.636762416867129 0.39094039455757
"77" 0.3 0.763340540099109 0.72 0.216 0.35 0.345014539898467 0.693750981524712
"78" 0.2 0.634686934085615 0.571428571428571 0.114285714285714 0.545454545454545 0.547845142439737 0.501043123103357
"79" 0.25 0.674301997081266 0.625 0.15625 0.428571428571429 0.437509114773224 0.606316145671585
"80" 0.166666666666667 0.572439384410403 0.5 0.0833333333333333 0.652173913043478 0.647584509778526 0.402070873245346
"81" 0.157894736842105 0.518146828431662 0.448275862068966 0.0707803992740472 0.727272727272727 0.721500721500722 0.320733194639699
"82" 0.1875 0.560214086261626 0.5 0.09375 0.65 0.651269976454085 0.389786575244431
"83" 0.15 0.431989610352652 0.37037037037037 0.0555555555555556 0.772727272727273 0.779208873813998 0.256779583768682
"84" 0.157894736842105 0.559956016384861 0.483870967741935 0.0764006791171477 0.666666666666667 0.675418970830343 0.374088194689564
"85" 0.142857142857143 0.392836001418125 0.333333333333333 0.0476190476190476 0.782608695652174 0.802067551911594 0.232626075685353
"86" 0.166666666666667 0.572439384410403 0.5 0.0833333333333333 0.652173913043478 0.64419153961778 0.405965231296142
"87" 0.125 0.304485707563976 0.25 0.03125 0.91304347826087 0.912052117263844 0.106723490314494
"88" 0.176470588235294 0.522143060653367 0.461538461538462 0.081447963800905 0.666666666666667 0.669120107059217 0.373496092260421
"89" 0.166666666666667 0.53097835121799 0.464285714285714 0.0773809523809524 0.681818181818182 0.69557152793879 0.347066072060828
"90" 0.157894736842105 0.384236868719412 0.333333333333333 0.0526315789473684 0.761904761904762 0.775607154976005 0.258226799166158
"91" 0.136363636363636 0.161888944298354 0.136363636363636 0.018595041322314 0.95 0.96973408870515 0.0358803953262038
"92" 0.176470588235294 0.604540290114899 0.533333333333333 0.0941176470588235 0.608695652173913 0.6227480983942 0.426120292597499
"93" 0.15 0.403507649936841 0.346153846153846 0.0519230769230769 0.80952380952381 0.812502987143335 0.217956761782521
"94" 0.142857142857143 0.447601325581824 0.379310344827586 0.0541871921182266 0.818181818181818 0.825612329144115 0.204879914966081
"95" 0.136363636363636 0.285458295455798 0.24 0.0327272727272727 0.904761904761905 0.890054808638216 0.130474270431062
"96" 0.157894736842105 0.35064606489625 0.304347826086957 0.0480549199084668 0.842105263157895 0.825082508250825 0.20117368127635
