"ci" "cci" "ri" "rc" "rhi" "rhiBar" "rci"
"1" 1 1 1 1 0 0 1
"2" NA NA NA NA NA NA NA
"3" 0.666666666666667 0.504190140312106 0.5 0.333333333333333 0.5 0.510464522715671 0.493637444311536
"4" 1 1 1 1 0 0 1
"5" 1 NA NA NA NA NA NA
"6" NA NA NA NA NA NA NA
"7" 1 1 1 1 0 0 1
"8" 1 NA NA NA NA NA NA
"9" 1 NA NA NA NA NA NA
"10" 1 NA NA NA NA NA NA
"11" 1 NA NA NA NA NA NA
"12" NA NA NA NA NA NA NA
"13" NA NA NA NA NA NA NA
"14" NA NA NA NA NA NA NA
"15" 1 NA NA NA NA NA NA
"16" 0.333333333333333 0.931674435718942 0.909090909090909 0.303030303030303 0.133333333333333 0.130403599139336 0.890400785062003
"17" 1 1 1 1 0 0 1
"18" 0.666666666666667 0.504190140312106 0.5 0.333333333333333 0.5 0.509683995922528 0.494424546370922
"19" 0.6 0 0 0 1 1.01522842639594 -0.0154597382529865
"20" 1 1 1 1 0 0 1
"21" 1 1 1 1 0 0 1
"22" 0.75 0.755668454103621 0.75 0.5625 0.25 0.254712175241977 0.750919576879135
"23" 0.666666666666667 0.924587675560558 0.916666666666667 0.611111111111111 0.0909090909090909 0.0941708258781429 0.913621195229829
"24" 1 NA NA NA NA NA NA
"25" 0.666666666666667 0.504190140312106 0.5 0.333333333333333 0.5 0.510464522715671 0.493637444311536
"26" 0.666666666666667 0.504190140312106 0.5 0.333333333333333 0.5 0.510464522715671 0.493637444311536
"27" 0.5 0.758398624801295 0.75 0.375 0.25 0.259000259000259 0.749293046341853
"28" NA NA NA NA NA NA NA
"29" 0.75 0.755668454103621 0.75 0.5625 0.25 0.254712175241977 0.750919576879135
"30" 0.5 0 0 0 1 1.01936799184506 -0.01969624796758
"31" 0.428571428571429 0.206251746623507 0.2 0.0857142857142857 0.8 0.818330605564648 0.187346442222247
"32" 0.333333333333333 0.575242352160254 0.555555555555556 0.185185185185185 0.444444444444444 0.465983224603914 0.552915134428505
"33" 0.375 0.833642178823843 0.8 0.3 0.263157894736842 0.264928734170508 0.765325951314755
"34" 0.333333333333333 0.511367553239324 0.5 0.166666666666667 0.5 0.518000518000518 0.492951759545481
"35" 0.375 0.841785290218035 0.807692307692308 0.302884615384615 0.238095238095238 0.241756116429746 0.789643382851233
"36" 0.230769230769231 0.635059587466052 0.583333333333333 0.134615384615385 0.526315789473684 0.521213384759721 0.520515353791612
"37" 1 NA NA NA NA NA NA
"38" 0.333333333333333 0.798777151075226 0.76 0.253333333333333 0.3 0.302053966975433 0.732912325022234
"39" 0.75 0.959949986473467 0.952380952380952 0.714285714285714 0.0625 0.0632951452623584 0.94402541281077
"40" 0.4 0.893594030901361 0.869565217391304 0.347826086956522 0.176470588235294 0.173882802990784 0.848439793184485
"41" 0.5 0.884734752142669 0.863636363636364 0.431818181818182 0.1875 0.183519911910442 0.836057282243107
"42" 0.4 0.880637565101805 0.857142857142857 0.342857142857143 0.2 0.195020477150101 0.826584232809161
"43" 0.3 0.805004081598239 0.758620689655172 0.227586206896552 0.304347826086957 0.308641975308642 0.732621691260052
"44" 0.375 0.751862588297374 0.722222222222222 0.270833333333333 0.294117647058824 0.304043782304652 0.724375377922897
"45" 0.428571428571429 0.515758465547619 0.5 0.214285714285714 0.5 0.514999356250805 0.500276426614972
"46" 0.666666666666667 0.806762867748192 0.8 0.533333333333333 0.2 0.206611570247934 0.800092226315655
"47" 0.3 0.722413809413909 0.681818181818182 0.204545454545455 0.368421052631579 0.368207879648625 0.669022569008049
"48" 0.428571428571429 0.619017822449634 0.6 0.257142857142857 0.4 0.422029964127453 0.596262178296836
"49" 0.272727272727273 0.618375377607324 0.578947368421053 0.157894736842105 0.470588235294118 0.459770114942529 0.576824902070246
"50" 0.25 0.506811160198141 0.470588235294118 0.117647058823529 0.5625 0.571864277544796 0.460955519377742
"51" 0.3 0.688432295860114 0.65 0.195 0.388888888888889 0.38612168349054 0.649946617539607
"52" 0.333333333333333 0.262073130489447 0.25 0.0833333333333333 0.75 0.774593338497289 0.236284311964463
"53" 0.214285714285714 0.386922808760759 0.352941176470588 0.0756302521008403 0.6875 0.708032955715757 0.319942695373291
"54" 0.428571428571429 0.573114382657103 0.555555555555556 0.238095238095238 0.444444444444444 0.461680517082179 0.555317368152026
"55" 0.375 0.833642178823843 0.8 0.3 0.263157894736842 0.257918085216135 0.772677476666025
"56" 0.2 0.597592872910598 0.538461538461538 0.107692307692308 0.545454545454545 0.552842532018797 0.495470534317735
"57" 0.5 0.804417434440805 0.785714285714286 0.392857142857143 0.25 0.24588148512417 0.771973005832644
"58" 0.25 0.637182295341937 0.590909090909091 0.147727272727273 0.473684210526316 0.486775920817784 0.552925593256328
"59" 0.428571428571429 0.84511834016411 0.818181818181818 0.350649350649351 0.266666666666667 0.274291983816773 0.749026492550778
"60" 0.25 0.705816629921666 0.653846153846154 0.163461538461538 0.45 0.450879214468213 0.59181357075382
"61" 0.428571428571429 0.515758465547619 0.5 0.214285714285714 0.5 0.51948051948052 0.495651295444286
"62" 0.230769230769231 0.361983905293504 0.333333333333333 0.0769230769230769 0.714285714285714 0.714745193338575 0.309694272307721
"63" 0.428571428571429 0.756927238926538 0.733333333333333 0.314285714285714 0.285714285714286 0.286944045911047 0.7359227423269
"64" 0.333333333333333 0.78812588303398 0.75 0.25 0.285714285714286 0.288892098801098 0.74684416648923
"65" 0.2 0.530181152203646 0.478260869565217 0.0956521739130435 0.6 0.598981731057203 0.444087384800388
"66" 0.176470588235294 0.338510694904212 0.3 0.0529411764705882 0.777777777777778 0.769146247665092 0.2603012924501
"67" 0.375 0.693765926363347 0.666666666666667 0.25 0.384615384615385 0.374559892126751 0.650734572712287
"68" 0.333333333333333 0.149736718705254 0.142857142857143 0.0476190476190476 0.857142857142857 0.881575080811049 0.124124829623747
"69" 0.2 0.530181152203646 0.478260869565217 0.0956521739130435 0.6 0.593883005048006 0.449760252003971
"70" 0.157894736842105 0.495087355458449 0.428571428571429 0.0676691729323308 0.727272727272727 0.71396697902722 0.329447713190724
"71" 0.1875 0.513101662482695 0.458333333333333 0.0859375 0.65 0.667282619854224 0.371822477896526
"72" 0.333333333333333 0.699858314117076 0.666666666666667 0.222222222222222 0.4 0.391057811379782 0.63900138497274
"73" 0.272727272727273 0.680156184844733 0.636363636363636 0.173553719008264 0.444444444444444 0.4358722894192 0.602462939696317
"74" 0.230769230769231 0.615151539741471 0.565217391304348 0.130434782608696 0.5 0.499925011248313 0.543782585386626
"75" 0.2 0.442954598026941 0.4 0.08 0.666666666666667 0.687127805771874 0.346177416364358
"76" 0.1875 0.537578860433994 0.48 0.09 0.65 0.638350110483673 0.404288825164209
"77" 0.166666666666667 0.325647720136315 0.285714285714286 0.0476190476190476 0.789473684210526 0.793524837327408 0.235116891754341
"78" 0.214285714285714 0.595128679509721 0.541666666666667 0.116071428571429 0.523809523809524 0.53616689413141 0.509034212214919
"79" 0.3 0.440678079315778 0.416666666666667 0.125 0.583333333333333 0.611033519553073 0.411345030872405
"80" 0.230769230769231 0.361983905293504 0.333333333333333 0.0769230769230769 0.714285714285714 0.729554242357919 0.293595702871049
"81" 0.157894736842105 0.518146828431662 0.448275862068966 0.0707803992740472 0.727272727272727 0.717135045493254 0.325782743766838
"82" 0.230769230769231 0.483024013346963 0.444444444444444 0.102564102564103 0.588235294117647 0.612257393008021 0.421214212724232
"83" 0.166666666666667 0.572439384410403 0.5 0.0833333333333333 0.625 0.639877143588431 0.410918275582046
"84" 0.125 0.336250000263507 0.275862068965517 0.0344827586206897 0.875 0.892933072540182 0.129969009412628
"85" 0.25 0.656534681751934 0.608695652173913 0.152173913043478 0.45 0.442108365672742 0.601326067015874
"86" 0.1875 0.457610007931386 0.409090909090909 0.0767045454545455 0.684210526315789 0.701602892762696 0.333351963046325
"87" 0.136363636363636 0.35288328432311 0.296296296296296 0.0404040404040404 0.863636363636364 0.852056146015516 0.175668613602964
"88" 0.15 0.506361272000807 0.433333333333333 0.065 0.739130434782609 0.73392911108233 0.309662857609523
"89" 0.142857142857143 0.495531569412485 0.419354838709677 0.0599078341013825 0.75 0.762744184075596 0.279028874382243
"90" 0.157894736842105 0.415192316487666 0.36 0.0568421052631579 0.727272727272727 0.743701775587989 0.295069255594799
"91" 0.142857142857143 0.36239074673845 0.307692307692308 0.043956043956044 0.818181818181818 0.827243899076244 0.202958141543413
"92" 0.166666666666667 0.42800751334991 0.375 0.0625 0.714285714285714 0.724392717438547 0.314086904184968
"93" 0.176470588235294 0.442091897628222 0.391304347826087 0.0690537084398977 0.7 0.722207892700542 0.313374120375391
"94" 0.142857142857143 0.329573803342784 0.28 0.04 0.857142857142857 0.865343012355175 0.15811387642053
"95" 0.15 0.458492570019423 0.392857142857143 0.0589285714285714 0.772727272727273 0.758589915216421 0.280847787388283
"96" 0.125 0.393841918570479 0.32258064516129 0.0403225806451613 0.875 0.886487399214825 0.137810052681267
