0.7024969 NaN NaN NaN NaN
NaN 1 NaN NaN NaN
1 0.7629683 NaN NaN NaN
NaN 0.5489495 0.248536 0.5337084 0.2014906
0.6511195 0.308645 0.3218776 1 0.3872516
NaN 0.5182544 NaN 0.3777521 NaN
0.7799473 0.6511195 0.4124693 0.1874043 0.2693631
0.7018086 0.4314426 0.2861115 0.4815109 0.5942188
0.6187731 0.5353314 0.6695196 0.321641 0.4428407
0.450634 0.5586924 0.3520594 0.3130972 0.4601324
0.4277501 0.3601902 0.2921377 0.2912215 0.4977119
0.2613432 0.3079787 0.7227207 0.2657512 0.38372
0.2417444 0.3259875 0.34324 0.304473 0.2827255
0.2138404 0.2505939 0.3276966 0.2236469 0.1809918
0.3234961 0.3187833 0.3045025 0.2713274 0.3750444
0.2631059 0.2346371 0.2091395 0.1843745 0.29112
0.1641921 0.1649348 0.1634545 0.1900047 0.1170927
0.160813 0.1741199 0.09176886 0.1649303 0.1705327
0.1078049 0.172464 0.1910656 0.2084465 0.1158484
0.1170494
