"quartet" "cluster" "phylo" "mutual" "shared" "clusterNorm"
"mb49" 0.777296199521999 0.212993284812661 0.557895880787431 0.166638193840121 0.108056890138495 0.129135488871535
"mb50" 0.687778695293146 0.181709202165432 0.461109812908902 0.137456037044955 0.0859254157708859 0.0939687975746855
"mb51" 0.716040356777307 0.192886250339582 0.698709890353583 0.156763907856691 0.0773859680136598 0.0628871759517723
"mb52" 0.744604901287525 0.207623501540325 0.337419465699759 0.153816319244445 0.0941804814218477 0.150299087650878
"mb53" 0.756655545720705 0.19896272482869 0.729271102862946 0.162636954544045 0.078939707662525 0.071599129255361
"mb54" 0.969718524540189 0.270099287770139 0.952886438453458 0.238448896107413 0.12094681741584 0.153132075201248
"mb55" 0.744701043973426 0.192144352473479 0.610273088153495 0.153061329800707 0.0935654775093497 0.0899288159089684
"mb56" 0.85279412695399 0.224123978721032 0.811603781065685 0.190773295009638 0.095411755665109 0.0997891836078819
"mb57" 0.76006577515537 0.198346608217647 0.599997980629118 0.157415048570883 0.0969376866765167 0.0974250698303585
"mb58" 0.902955550383989 0.243179492531737 0.82548557118218 0.207388082608185 0.10248376345505 0.123171173351783
"mb59" 0.791537913002139 0.195562480595415 0.686007791779661 0.160771110741036 0.0993003583399664 0.0945086069542481
"mb60" 0.823663023701079 0.21714364376717 0.577073178635605 0.170574349035275 0.109007491528982 0.133473560021298
"mb61" 0.74184513041956 0.23016141115995 0.454035761082723 0.188777414358498 0.0914909346341051 0.108088827007047
"mb62" 0.8993591610836 0.22874499774817 0.802116220224723 0.189095630951765 0.118714332623752 0.131859529750156
"mb63" 0.8706534739589 0.241668752289031 0.695809560742545 0.19775959913457 0.11948570894808 0.146474926843405
"mb64" 0.702839011562228 0.20073979755158 0.384349398785823 0.144672546021569 0.0974858947494807 0.132888336839855
"mb65" 0.70280755315291 0.199829002866105 0.19930599053447 0.149171469127139 0.0881954727557899 0.124216420538514
"mb66" 0.707327730228494 0.201840473569789 0.237111910062637 0.153625204305269 0.0944479453852642 0.116392999341897
"mb67" 0.676272037174067 0.202671682062571 0.151255887372272 0.132092638352931 0.0685182467113153 0.163818936768147
"mb68" 0.928433958229382 0.215526586803588 0.895222516673218 0.185207366693955 0.091706177720545 0.0911333722565964
"mb69" 0.810905052748473 0.213674979538478 0.62148423429715 0.171382054643898 0.0984540866233914 0.113768869681154
"mb70" 0.685741565341975 0.206620512001326 0.151304273449309 0.133975626583799 0.0553116434069237 0.167411892991253
"mb71" 0.801585015530972 0.211504062359795 0.519829096092009 0.161473107092426 0.108074280477231 0.137358723545392
"mb72" 0.682853426034113 0.205445490209807 0.151279493130019 0.133428239211479 0.0642598517244512 0.166503689437662
"mb73" 0.664749109837155 0.195679107384994 0.139489447121984 0.130490624931708 0.0713477121684354 0.156245687282865
"mb74" 0.655482207202298 0.189200962254673 0.140311222356398 0.127026886797762 0.0795266517529954 0.144480127143453
"mb75" 0.67785813686661 0.203593795361409 0.151193342138217 0.133945107471233 0.0707238606069993 0.164777491472277
"mb76" 0.762880674200345 0.159818536009267 0.785593423522935 0.131197173383276 0.0617468651984075 0.0247582864431427
"mb77" 0.814980507445517 0.200654425914945 0.773628892580767 0.171271171020917 0.0816689140901251 0.0726511989379703
"mb78" 0.829882747068677 0.216293168067097 0.737876815847378 0.179513475349685 0.0843047503110424 0.0911152237292332
"mb79" 0.682536200087758 0.19215277349695 0.187315563759852 0.143097531475712 0.0864990062442636 0.123399908343217
"mb80" 0.805311203319502 0.189776458452484 0.787988973040559 0.15864907192887 0.0763119259133313 0.0603637363628386
"mb81" 0.655204383167165 0.187001226387681 0.151916853726655 0.124220996284335 0.0779442687520751 0.139112873078674
"mb82" 0.705009748241078 0.187366071738093 0.511039295658876 0.141389191928031 0.0894353633033109 0.110965613981821
"mb83" 0.847817690227887 0.192797412461686 0.813728918530165 0.160109847732424 0.0785246745269181 0.0648000540229745
"mb84" 0.665815567436815 0.18821238947576 0.357407780594477 0.137934364588727 0.0876100915208936 0.124930727985335
"mb85" 0.687772655687115 0.202585790849879 0.185851950295208 0.129864386701322 0.0668438581176685 0.160742451750182
"mb86" 0.827338236166301 0.201454943186453 0.649693858387684 0.159351578162907 0.110869128157423 0.116177286496816
"mb87" 0.748166331107011 0.20585709247093 0.360955226360496 0.15287202712988 0.095221737089241 0.144037037041546
"mb88" 0.72987991730569 0.203931572575436 0.336096413896747 0.145386981185464 0.0930099094072838 0.146347233457835
"mb89" 0.769580429607961 0.200785115751151 0.580966309350355 0.156356292830364 0.0903352055287674 0.115626504797626
"mb90" 0.644244777858982 0.181529764510542 0.165308606508026 0.121706945163204 0.0755109173715285 0.131272214770664
"mb91" 0.684273924883235 0.207623770469337 0.151330600951129 0.134011966129874 0.0575377428920591 0.168039132240411
"mb92" 0.681389912370157 0.197513772232229 0.174159313996593 0.127904944685367 0.0574789558451917 0.156220596494746
"mb93" 0.806617029289915 0.189118156923758 0.695809560742545 0.153040617466803 0.0961315444142442 0.0869462279416777
"mb94" 0.670385030586542 0.151426191651803 0.767218503192781 0.121667851224551 0.0578631065964759 0.0168686374694202
"mb95" 0.788908491217305 0.178118437800775 0.778917800814721 0.146511340149232 0.0708857052022393 0.047793448095525
"mb96" 0.803059005121729 0.211700373218211 0.627653175436529 0.17220003093906 0.099413931099181 0.112673750323809
"mb97" 0.816619163752828 0.189973714556897 0.695809560742545 0.153847079759898 0.0956196753214031 0.0879095866983455
"mb98" 0.779412433489472 0.215248515184248 0.604497433252764 0.173905095245258 0.10202908719568 0.116667611791048
"mb99" 0.68373900423317 0.19136638837139 0.232383765229775 0.12836707573811 0.0691807235965306 0.143779151650454
"mb100" 0.669199781611061 0.184630712567031 0.177262325262368 0.135531595027582 0.0864481523251786 0.120922921608234
"mb101" 0.855404498153743 0.172598002038195 0.860411398957774 0.147663174555108 0.0717214989698466 0.0413976420034276
"mb102" 0.683417433736276 0.179334931963254 0.446480940370376 0.129936720481337 0.0824263281234379 0.109676605127294
"mb103" 0.664390462330684 0.190539503605679 0.24423626484798 0.13073196659082 0.0774876091266226 0.140902087944298
"mb104" 0.768075667531598 0.203029000481953 0.473779439777819 0.154966073585541 0.108439140291732 0.13547284565469
"mb105" 0.705971728572591 0.177438396963485 0.549002860585888 0.136782162497474 0.0745324719819645 0.0738796223272104
"tnt1" 0.678065287459187 0.177347290643354 0.441269189135374 0.12974351923405 0.0839536644512302 0.107629230140186
"tnt2" 0.674500447297573 0.200122875493982 0.139592473265741 0.129237452500426 0.0473840183255124 0.160920208790933
"tnt3" 0.787255022802909 0.207505819618272 0.738111663416285 0.176238397524964 0.084388391932162 0.0799086765560911
"ufb1" 0.618860963799862 0.157649830377726 0.393964029373481 0.111687927091357 0.07000394535475 0.0780454226319269
"ufb2" 0.745092047971889 0.187148156472494 0.732580754201956 0.154702063324662 0.0729059473383297 0.0582550008015597
"ufb3" 0.768433994160135 0.189445993170545 0.569394173730491 0.144921911596448 0.0817215721733625 0.103079166570106
"ufb4" 0.613831899404368 0.161780621420769 0.646881716321814 0.127671934492141 0.057656463371343 0.0285051331955045
"ufb5" 0.733542663729289 0.194838209408004 0.376450821745466 0.145285158085636 0.0932741337796131 0.132160389015586
"ufb6" 0.735828395837224 0.194527304464471 0.476581399802517 0.147723781642724 0.093263749553675 0.118800115986489
"ufb7" 0.620310361848045 0.164193852832838 0.28974374584307 0.116168276370774 0.0738998111493087 0.103499650575434
"ufb8" 0.615717732147228 0.163869607268537 0.292304127042448 0.115294114537471 0.0698614753755825 0.0985870213039552
"ufb9" 0.694254381853969 0.198916321439563 0.451915088875436 0.154541046521703 0.0877758337793036 0.0982837590882129
"ufb10" 0.686681974741676 0.178103497150873 0.27907081053064 0.130260561499485 0.0543010720616484 0.122280955154319
"ufb11" 0.678436922501111 0.203719761250468 0.151304273449309 0.131773739386785 0.063456385085084 0.164367787852294
"ufb12" 0.693639455782313 0.14980644539514 0.6549914025948 0.11469590416983 0.070833248467835 0.0421451846598931
"ufb13" 0.623028213342854 0.174261722628219 0.30235757433206 0.117315041195685 0.0799468481641528 0.110066476520683
"ufb14" 0.664769493454752 0.19676334005517 0.130848355829769 0.128929360532744 0.0675114522746168 0.15775232608643
"ufb15" 0.652452730703767 0.188258927966314 0.166022698090523 0.125355958254606 0.0693905264455583 0.148132897598028
"ufb16" 0.757158854583267 0.184668478683991 0.732580754201956 0.152254753379065 0.0710097438482853 0.0553821228281118
"ufb17" 0.650131640413509 0.181450078474596 0.209338529551812 0.122789942791003 0.0652207630136909 0.133295522859887
"ufb18" 0.620962411515763 0.170192751977006 0.185983473847959 0.114684964867413 0.0533304386015482 0.123068778868705
"ufb19" 0.747069030554508 0.188997218744377 0.49958248351245 0.144038207783042 0.0770262814603333 0.102199071173693
"ufb20" 0.658148148148148 0.163528460031204 0.379003724550148 0.112381871761522 0.0741597609785724 0.0923830619534286
"ufb21" 0.59170470505618 0.156559744828381 0.208780422614248 0.105034233840646 0.0648898412014152 0.106836062835189
"ufb22" 0.620241503303583 0.15496423133072 0.417463703766479 0.11389374553943 0.0699964199548331 0.0751060270887734
"ufb23" 0.737872167920364 0.200540870448118 0.36113598545303 0.147369366230104 0.0873143989177573 0.132691925473413
"ufb24" 0.781068573832562 0.173680250410733 0.788047000292414 0.145307936194095 0.0685214277405237 0.0416965661221549
"ufb25" 0.653946411152327 0.179310366162018 0.265754348510031 0.126713441093922 0.0804155489848457 0.12342365580159
"ufb26" 0.668877474322519 0.198705759153231 0.139592473265741 0.128355743890595 0.054925718754561 0.159433638357942
"ufb27" 0.62130753551763 0.160437661700953 0.425858302395894 0.120341451970313 0.0673911082841531 0.0703283724887255
"ufb28" 0.713238872511453 0.194116777289694 0.27907081053064 0.141792780042169 0.0718406548684521 0.139381844256012
"ufb29" 0.679963931782516 0.179741999928015 0.395047515978057 0.132066001249341 0.0764919414526316 0.102624758690278
"ufb30" 0.697088790055317 0.188970663576915 0.26630746877273 0.129472600917781 0.0712151885873658 0.133945660873342
"ufb31" 0.885727833096254 0.208162150648496 0.883637929111428 0.179967080254016 0.0895509618412606 0.0826011643564748
"ufb32" 0.575614176399517 0.142421779486536 0.678329418034133 0.112969824876431 0.0491590751090622 0.00523539304886654
"ufb33" 0.834438916528469 0.177482759321691 0.788047000292414 0.147129201052278 0.0688332051768281 0.047056970675264
"ufb34" 0.652768320374713 0.188273726122051 0.196757498382407 0.126024655566059 0.067963241341157 0.145642079112689
"ufb35" 0.652035725284878 0.188870990970659 0.213772015012222 0.127208109489789 0.0716096127450494 0.145300758827076
"ufb36" 0.743664395840803 0.189912235452957 0.569246488376882 0.147181412511881 0.0854352846283931 0.103595088289076
"ufb37" 0.712894136589293 0.175072519943825 0.549002860585888 0.132002519369763 0.0735218481290036 0.0712158863700652
"ufb38" 0.63410024569047 0.169213578487045 0.290784950589945 0.119475014828535 0.0761257675875121 0.11269192084397
"ufb39" 0.648804164099648 0.176627868745698 0.270576559953968 0.125717342921179 0.0790297757771103 0.116949754033489
"ufb40" 0.639817101358327 0.174287466228131 0.24377825871547 0.119724706597191 0.078932447102186 0.123553665904112
"ufb41" 0.646063774987399 0.176233788347251 0.260292976285176 0.123572208614654 0.0790672668865776 0.123132262855152
"ufb42" 0.46875 0.129218728295798 0.674197672518014 0.0975697221175501 0.04379268715524 -0.00886024255580256
"ufb43" 0.652154358467259 0.186069921008833 0.18983866886652 0.124415242609834 0.0695481053433589 0.142329585027724
"ufb44" 0.817860613020051 0.176330591294092 0.79982539067905 0.149502578726743 0.0701518408586741 0.0457221044424229
"ufb45" 0.704472861385083 0.189043652746564 0.267373805227243 0.136370081997047 0.0666128288813089 0.133964157220061
"ufb46" 0.670067830019132 0.180698648200483 0.232416047284558 0.123726075202638 0.0630838740015214 0.130441448205072
"ufb47" 0.733365761622594 0.183240613664796 0.534531800167582 0.139732655431266 0.075063189898955 0.0962125862914939
"ufb48" 0.698210102708871 0.175844792368286 0.450852242207112 0.12387990800352 0.07922581528093 0.0982962432105293
"ufb49" 0.666475800281363 0.176127209652164 0.383947761370802 0.127332629612774 0.0805529491911909 0.111995359072967
"ufb50" 0.643818975862137 0.170605309230881 0.289790338708945 0.12196128676401 0.0715429763114631 0.105894317412111
"ufb51" 0.660532057263734 0.183285030872991 0.197464368189365 0.122761577770089 0.0689445145749004 0.1368914481614
"ufb52" 0.679748850687799 0.195931455544289 0.187959601024316 0.12757066431191 0.0716977869818768 0.152766534700935
"ufb53" 0.660196666755176 0.18221091206047 0.361278204943704 0.137829024216032 0.0712605413596655 0.105036571394757
"ufb54" 0.677675225701557 0.185284788112874 0.232416047284558 0.127236107289683 0.0679464999586259 0.135308908965132
"ufb55" 0.663754125823091 0.184293965791647 0.197464368189365 0.124314629023693 0.0678661767958005 0.137957695737921
"ufb56" 0.759849414153378 0.206892658104293 0.411958316752978 0.15433629250217 0.10863012878241 0.145219480037543
"ufb57" 0.716745949933326 0.195313285795484 0.359201993695826 0.140081236247597 0.0897595469336799 0.132674916470723
"ufb58" 0.661665679578099 0.186326123737427 0.162465894269243 0.120113124033944 0.0426521783247143 0.145129714208904
"ufb59" 0.655514889765717 0.182625037013912 0.162456014096274 0.117241446853742 0.0415278995410363 0.141791540246409
"ufb60" 0.803959812215091 0.202703169610399 0.6333907343939 0.162077462674071 0.0964589961294183 0.102059801498504
"ufb61" 0.721900559489999 0.191177510651736 0.441707329038571 0.140768536755988 0.0952698509108795 0.122631531762534
"ufb62" 0.676559739121691 0.167194383242828 0.456357643013993 0.117145630789517 0.0769396930221675 0.0964519271921816
"ufb63" 0.77811959238608 0.210376272671792 0.579120523825482 0.168639832709544 0.0900662852170444 0.111254281465575
"ufb64" 0.689206170957996 0.193753801079801 0.396401023507449 0.141205171715652 0.0869640052974068 0.117808606032801
"ufb65" 0.645576232451845 0.145498876216194 0.635030207938996 0.112761305248653 0.0669185650602289 0.0378141806745376
"ufb66" 0.721962024246318 0.189483603171834 0.4532860044241 0.143676172462778 0.0895893203486261 0.113282226902595
"ufb67" 0.756394293125811 0.196206721168047 0.571750164414742 0.155821583991075 0.0888216240733105 0.0943750254872518
"ufb68" 0.701307789878844 0.181111615055737 0.47462041153051 0.13937693658147 0.0811420204144999 0.0933008400612974
"ufb69" 0.68057601685903 0.17235582068306 0.410948555577893 0.127290277856351 0.0813794948958726 0.0939885432303547
"ufb70" 0.551959628924546 0.147093930884693 0.336696135827538 0.103713056515607 0.0554603433025737 0.0562143720186761
"ufb71" 0.607850522990732 0.171911390467697 0.185100106018268 0.112364116672166 0.0574571274315484 0.130956679865185
"ufb72" 0.641092163128421 0.170126813197728 0.270474185149494 0.121277013447619 0.0739720998834001 0.109903333581499
"ufb73" 0.631976556841123 0.173348592881033 0.289813907516945 0.119207325825528 0.0721428685178158 0.120141690666619
"ufb74" 0.667934882716481 0.18150917345066 0.328149062943822 0.134007159246227 0.0775172955517537 0.111733199967274
"ufb75" 0.683910761154856 0.18273628672218 0.515257773767257 0.141728041367377 0.0791134440091661 0.0795610327339739
"ufb76" 0.640165334224906 0.176869153537033 0.301530038225384 0.123337471200034 0.0742735670382423 0.120876078027404
"ufb77" 0.820356026634053 0.19635976657312 0.761828957454091 0.162685670529378 0.0774961087678552 0.0682518466691196
"ufb78" 0.639095218810301 0.176856617211601 0.270217597387398 0.119492895402593 0.0749854581625625 0.126308266659656
"ufb79" 0.77615238779013 0.208598858278397 0.447615566631768 0.155329414385033 0.107168659745021 0.141514838793436
"ufb80" 0.670947393565803 0.197878518962359 0.162111046573193 0.13102547178642 0.0529142699390128 0.158966149094367
"ufb81" 0.676324058280216 0.200375872171699 0.173843552290292 0.13189415728739 0.0653006596434768 0.161539428918161
"ufb82" 0.670672115754683 0.190251337901933 0.197470644297183 0.125530663140198 0.06900246735099 0.145619529914594
"ufb83" 0.706225661557461 0.180659192319747 0.487905632684215 0.134577904910915 0.0795842993639888 0.103628181691073
"ufb84" 0.702612190221031 0.146404862400397 0.799895293377905 0.122958164718703 0.0572465256955205 0.0101048970361127
"ufb85" 0.62586776302487 0.136481654261263 0.642465116778804 0.106187990926936 0.0628659365328272 0.0276606035132505
"ufb86" 0.664060298675683 0.144834995371384 0.560940261537971 0.108056972210786 0.0695039481414163 0.0531839947403087
"ufb87" 0.653228318426556 0.161137967111113 0.476671122068261 0.123496891106758 0.073260337980081 0.0717548401069059
"ufb88" 0.623098075160403 0.169892015143622 0.302359829450411 0.115428578058374 0.0763834343333189 0.10991134054181
"ufb89" 0.640045343555035 0.17914728907994 0.27824647657853 0.122565614984246 0.0740822311201435 0.126313616329565
"ufb90" 0.654137032956025 0.190864908356751 0.434736470272173 0.14720219391391 0.0752740774609612 0.0889951290093139
"ufb91" 0.852560195062481 0.193641918507921 0.825428216152105 0.161804209501392 0.0790697917867189 0.0657784726021631
"ufb92" 0.629062224338608 0.174604335053804 0.302831936636303 0.124175353692011 0.0767871073423831 0.114818700769395
"ufb93" 0.746191468297945 0.188362922332141 0.557822038110627 0.144486859543151 0.0825194565526856 0.101880691464364
"ufb94" 0.627977366281367 0.167506197523633 0.189847546828313 0.114104470602962 0.0695611803766423 0.118413476323623
"ufb95" 0.571616651290497 0.156764843844909 0.197698704458893 0.105788595176234 0.0529667363138719 0.104893184201997
"ufb96" 0.566330286683572 0.155904333094007 0.190320462341426 0.104837586361871 0.0564093004094651 0.10607607514628
"ufb97" 0.787666047215913 0.203962595557703 0.714218233701799 0.165643557919284 0.0775078532903264 0.0757949684736215
"ufb98" 0.655137259899328 0.181049922100474 0.289885007644613 0.131609035141361 0.0807622148926043 0.117153839353918
"ufb99" 0.660223804679552 0.180929499839876 0.301507436342254 0.130986557456195 0.0746226861207125 0.111221463714437
"ufb100" 0.725713081777412 0.174512509771436 0.451609037877291 0.126937861426713 0.0793672707413438 0.0967641529995169
"ufb101" 0.66966165404827 0.189029000074289 0.17415099613754 0.121749856169971 0.048270146813519 0.147969437510781
"ufb102" 0.636294016873694 0.178353504543293 0.127837186737375 0.116435924251122 0.0468081851161609 0.138447024986006
"ufb103" 0.699344149119779 0.1349784268546 0.82537086112203 0.11046119445241 0.0526877432652049 -0.00218723398993299
"ufb104" 0.763121732400373 0.199744949072685 0.496374351762441 0.15243835615694 0.103002490319277 0.124493855114585
"ufb105" 0.706070872630711 0.167061686823185 0.717492712476311 0.13597830023057 0.0620922708832735 0.0345137326784048
"ufb106" 0.618730068289877 0.165476514070838 0.29238979468015 0.112995580155974 0.0696922644294285 0.111750447091258
"ufb107" 0.615968702359701 0.164569361224469 0.297267621308155 0.113841561823652 0.0664904961997565 0.107783903273039
"ufb108" 0.620107432243092 0.168087987102969 0.312911676975277 0.118437068898021 0.0699207347364273 0.107843643214923
"ufb109" 0.649050555259793 0.184315808941251 0.19789962300721 0.119014217768354 0.0523615867055542 0.140525427196368
"ufb110" 0.760254854368932 0.188770733430081 0.523350695371123 0.141181671169034 0.0770823375000386 0.102033827354736
"ufb111" 0.726104876097625 0.196726317430877 0.376232018273068 0.141505859096873 0.0972033139012123 0.134277532922109
"ufb112" 0.689307341731617 0.184174018289311 0.267373805227243 0.133819638757115 0.0635412885982549 0.128763781151114
"ufb113" 0.711991102374425 0.187384138024962 0.523121094605438 0.145185974073177 0.0756857375791612 0.0853028965935398
"ufb114" 0.703256346137876 0.186130852902766 0.416995052320827 0.136513589248082 0.0893503960214203 0.109476767210137
"ufb115" 0.729355235931093 0.19669570812016 0.405688673006371 0.143118077510541 0.0979886755573672 0.128515489047311
"ufb116" 0.640861140049771 0.172578437489263 0.278127153655779 0.120354968358105 0.0792079340888374 0.119241281178587
"ufb117" 0.660830512371273 0.179702966158242 0.300632474397173 0.129429210192417 0.0838018420481125 0.120174423144124
"ufb118" 0.649996135116333 0.158550514553295 0.476671122068261 0.119364320920265 0.0647826495064402 0.0688916871460121
"ufb119" 0.666273801762041 0.187393876169282 0.18585860359889 0.121378262179557 0.0618644754767258 0.143768741882213
"ufb120" 0.694654176492222 0.188746003446045 0.267350875315086 0.132684084620084 0.0678967549332207 0.136567959229406
"ufb121" 0.656279588169951 0.188019005934412 0.260564924450342 0.126496769580443 0.0790733123282449 0.141856693604318
"ufb122" 0.792030360531309 0.188196655993896 0.758837188058013 0.155702676862374 0.0742446555036939 0.0582093733758458
"ufb123" 0.666078168756849 0.167409992130777 0.441733187178256 0.126274144208493 0.072931566227762 0.0786951671678188
"ufb124" 0.645453487469936 0.167537443307661 0.423322179388437 0.123780735611567 0.0758968016940241 0.0891321414428689
"ufb125" 0.648961219301129 0.168394398528824 0.395766590827643 0.12306649450304 0.077525432918778 0.0978121140027088
"ufb126" 0.688068880688807 0.176396988652252 0.698769310455789 0.143841806609878 0.0672574273758159 0.0450630231773479
"ufb127" 0.589362124066602 0.158164073327575 0.244197696672741 0.106455674487702 0.0617569782334789 0.0973359790229644
"ufb128" 0.628081725312145 0.170448981348121 0.209362343480324 0.11477381576699 0.0634437328671145 0.11957958264545
"ufb129" 0.664929450292973 0.194818953853389 0.163016015126681 0.125483852810013 0.0529372323863166 0.154594627034068
"ufb130" 0.557237633905925 0.142434522065124 0.305374782231797 0.0976440372937861 0.0571277584582626 0.0616577347995284
"ufb131" 0.571539015222202 0.167898886252362 0.37168129559935 0.123988025574476 0.0583444300924063 0.063369897018286
"ufb132" 0.641465002749579 0.173714007046943 0.301638090786697 0.117589704616235 0.0761752729271796 0.117506304231798
"ufb133" 0.649004998464635 0.177249403453863 0.243819768593711 0.12069015057236 0.0778464211826986 0.128762009206961
"ufb134" 0.722058290301204 0.19309783358746 0.399731502241438 0.140140159004321 0.0923763446692233 0.124714597966585
"ufb135" 0.691933057044057 0.178617260958183 0.434683902480968 0.133166239989814 0.0818701329053156 0.0908220260258325
"ufb136" 0.69254076873319 0.176260923796694 0.371275400857902 0.129052611147554 0.0762939445672621 0.0986196901459843
"ufb137" 0.728250990967158 0.198623828311163 0.340510573312226 0.144885229194864 0.0870813439003545 0.13624069942604
"ufb138" 0.642126243482284 0.173340845868291 0.328061312366858 0.129396631216486 0.0691433624375138 0.0953294415633854
"ufb139" 0.635664977663067 0.175948103289676 0.255302505507776 0.12009220470466 0.0767395910936178 0.129099542411815
"ufb140" 0.598891878213154 0.175270733632645 0.394903285983944 0.132586415711084 0.0618162240171936 0.071667799829475
"ufb141" 0.714097332111824 0.191356138933556 0.376232018273068 0.138842420644403 0.0920515240242575 0.128409737647742
"ufb142" 0.644275277002726 0.170236526267644 0.309144041062947 0.120627044215866 0.0720759281744961 0.110154941534252
"ufb143" 0.602759703836661 0.148607096346263 0.678388133452007 0.115914077356548 0.050953813843743 0.0136175314635562
"ufb144" 0.633257297863814 0.156363449399108 0.472425590529181 0.119697684372006 0.0657759802815527 0.066321316881848
"ufb145" 0.577450045601526 0.140260560700214 0.415478870916858 0.105586800748368 0.0613087073320202 0.0593225715868594
"ufb146" 0.676399661424615 0.199672332787133 0.153983743782999 0.132596991984881 0.0681495889744025 0.160798352074198
"ufb147" 0.70228090896474 0.188827311780774 0.232282789317053 0.137033312848907 0.069929347108938 0.133733122551832
"ufb148" 0.673718763497254 0.180137573312388 0.234995279123771 0.127541707106644 0.0682177035732 0.127402378250554
"ufb149" 0.625228673213942 0.16919717644417 0.277787189999618 0.118201221263101 0.0762025070532419 0.108940676852792
"ufb150" 0.617561769492529 0.156180677507454 0.427748527216908 0.115855810188283 0.0626066852818921 0.0661190375721269
"ufb151" 0.613841838849707 0.17080193112176 0.185165232098536 0.114416695155022 0.0590739458907905 0.128112594977346
"ufb152" 0.668685492214904 0.197184696474723 0.416157152824434 0.150005593767453 0.0810768196337307 0.0957045976951287
"ufb153" 0.635509504902269 0.178640638515391 0.150548498523864 0.118565409429747 0.0654795263174012 0.136352274721342
"ufb154" 0.576013513513513 0.145861001490431 0.686548987176293 0.118000362994658 0.053256141181357 0.00823764615283972
"ufb155" 0.641346017322164 0.143769850917893 0.510017082251812 0.105605717212801 0.0708345607953284 0.0515942223818371
"ufb156" 0.637961823584141 0.17897172854709 0.246313618256401 0.119548240358442 0.0750045703162994 0.132297945218148
"ufb157" 0.584330662860001 0.163078778863524 0.20951173812969 0.109822834398613 0.0576395244735487 0.109101919326887
"ufb158" 0.656824796066119 0.163880348883676 0.417876170617896 0.116760082553277 0.074167302783331 0.0929673882180032
"ufb159" 0.63707726026201 0.179222526952284 0.162059008462197 0.116881058242841 0.0559551026265104 0.138194348905795
"ufb160" 0.604919231964116 0.170636036170337 0.165470334526428 0.112345658091546 0.0572661282963921 0.129182868925617
"ufb161" 0.639743861883535 0.143205202632304 0.573504149662745 0.10812971830394 0.0654507559042377 0.034404145061308
"ufb162" 0.683006144712249 0.182531122698314 0.258653256130765 0.128387077586119 0.0639193350940943 0.129949885531913
"ufb163" 0.653799611761443 0.169215812409716 0.38317403298073 0.117332469535334 0.0811083404889188 0.10907868082066
"ufb164" 0.671277056579517 0.193356317873259 0.197545021434578 0.124705263270332 0.0668556720694733 0.150051280017151
"ufb165" 0.728893158287971 0.148886469055222 0.764504195292101 0.118822618740223 0.0548929292335503 0.0129827605183271
"ufb166" 0.663415003154813 0.180815584790759 0.220663854484286 0.12027629736766 0.0576962095616474 0.134279140506279
"ufb167" 0.679432435022059 0.193854700598532 0.18585860359889 0.125036869583362 0.0615088283561551 0.150576418648734
"ufb168" 0.601201735004913 0.170131515028099 0.189787918520085 0.111758902562079 0.054652062529702 0.128644372231628
"ufb169" 0.672262191220229 0.191201337177258 0.174159313996593 0.121536380330665 0.0470322080962979 0.149583345285882
"ufb170" 0.72559518118367 0.194187178219481 0.418262045154596 0.143077020572168 0.0883444230385984 0.118428012488387
"ufb171" 0.668989236779716 0.188879010102777 0.18585860359889 0.122535271788897 0.0648484608134567 0.145333605915424
"ufb172" 0.709030179114884 0.191519855789399 0.347535670094256 0.137237789055022 0.0891081589182032 0.128586198540115
"ufb173" 0.646504317577017 0.182858813597869 0.237938288906574 0.122079395625539 0.0757825997945206 0.136402290995405
"ufb174" 0.586517347386913 0.166509195157797 0.387790444942731 0.12261198604502 0.054059931497255 0.0614722314160022
"ufb175" 0.688648897058823 0.1897363302085 0.3803661816572 0.140159954054957 0.080170234012793 0.102850397885657
"ufb176" 0.766972003220465 0.187446407404242 0.564311404749882 0.14259330782105 0.0778688733324499 0.100662558160464
"ufb177" 0.662137543364933 0.182851039399237 0.19745574300065 0.124816846898409 0.0687673226014728 0.134765610204675
"ufb178" 0.595805242444692 0.155103378321598 0.243852631121173 0.10780452861182 0.0620608597292761 0.0975940016919154
"ufb179" 0.621867189083294 0.13732330865166 0.605412709745634 0.103137914636078 0.0620204661177717 0.0284305235919052
"ufb180" 0.571831750339213 0.160792582785123 0.37161504739852 0.116742609769011 0.0524987296239998 0.0553708958892504
"ufb181" 0.649991336590775 0.165023503750031 0.371838836035606 0.11837614362498 0.0779455814010493 0.09396176760753
"ufb182" 0.653070427968109 0.178441329611518 0.270437276915274 0.119203412489563 0.075317884960577 0.125512990270154
"ufb183" 0.557135366869198 0.154200280613554 0.32096014283339 0.107551748360234 0.0550953632820843 0.0637670900937292
"ufb184" 0.6631210993759 0.169461191298717 0.470469480403833 0.128180529817214 0.0786915618087738 0.0807668805750762
"ufb185" 0.641187027369734 0.176850194832603 0.267599447848748 0.121878427471542 0.0749988169314647 0.123949331697932
"ufb186" 0.686293185557191 0.189721393205439 0.614186715067087 0.147439993527002 0.0673429748000493 0.0598186949802273
"ufb187" 0.623970810855704 0.166933708281109 0.221384491075144 0.114511455564515 0.053720027567092 0.117911617920284
"ufb188" 0.711493164172036 0.188707853747249 0.387945887056832 0.137200163513124 0.0923404857436977 0.119952576708864
"ufb189" 0.667435260117605 0.194969969263343 0.153087184053344 0.128931036278611 0.0559175961767067 0.154212256488169
"ufb190" 0.754350470930789 0.206394124721152 0.498233751369726 0.162654586104553 0.0899420303213661 0.121505330775589
"ufb191" 0.638392668219801 0.184224077450846 0.150430284267751 0.120709248851645 0.0603771670813154 0.144600587138311
"ufb192" 0.664581699762364 0.19638547318557 0.162002741810127 0.127003215964405 0.0686790836296022 0.156228331183717
"ufb193" 0.655953493069407 0.190636049737953 0.173319753649835 0.124548779650963 0.0754528036030331 0.14964414809684
"ufb194" 0.659120849385107 0.168870323115866 0.382724203144582 0.115226618502487 0.0743081038802654 0.0983805720302784
"ufb195" 0.643702765278931 0.177282462053293 0.321434174992665 0.127458976387443 0.0714229572308035 0.113222197474376
"ufb196" 0.766417847857083 0.170306245219165 0.788047000292414 0.142310923666335 0.0675576343925064 0.0377836489219932
"ufb197" 0.766620717564782 0.194789641330636 0.506659943225871 0.148902915169747 0.0900255637907193 0.108730407594439
"ufb198" 0.633888378379345 0.17420733449938 0.197650502339491 0.117947486725638 0.0584899686982252 0.127311345756454
"ufb199" 0.613527987675152 0.168291232424158 0.185962092543458 0.113344819065417 0.0551796490235749 0.122461858526481
"ufb200" 0.605163540878032 0.152787579529272 0.403358447759489 0.114689606610941 0.0754086940871214 0.072723675705641
"ufb201" 0.571193564751069 0.1391455202608 0.380026617909044 0.103914195830905 0.0649349490287509 0.0658738907523789
"ufb202" 0.658240868054445 0.174818145169979 0.363227284280341 0.121510794255272 0.0812092067525917 0.110517826666309
"ufb203" 0.641610536990345 0.175849753245757 0.286341137466445 0.125836479107975 0.0788347652170357 0.116154327960155
"ufb204" 0.43505859375 0.132943587030945 0.575977946081118 0.0979085295639513 0.0413232378448589 -0.00461821214330263
"ufb205" 0.640037115747254 0.160507885794713 0.436281721903896 0.122765735599766 0.0684506616568557 0.0709080929210783
"ufb206" 0.674166774663023 0.191872267109518 0.151358913858555 0.124735009628901 0.0458711187635432 0.150956659509539
"ufb207" 0.642747161638551 0.182423044298676 0.242863390608923 0.121884770145598 0.0680589531773261 0.135941747120369
"ufb208" 0.669949810745636 0.186195455162084 0.220782324996055 0.123108155928626 0.0659836888195622 0.141337873286393
"ufb209" 0.616175224025188 0.156709262480912 0.418515073261724 0.113627961283136 0.0598556518975157 0.0668542444470659
"ufb210" 0.618432752376555 0.169532300031701 0.21963225963304 0.113718692593334 0.0611139244304121 0.122294220957747
"ufb211" 0.627743038478653 0.172175486229804 0.213302055665912 0.114695671898527 0.0640483627029746 0.123386319509859
"ufb212" 0.645953915037676 0.176867116828582 0.309442973125394 0.126267995434894 0.0725508321304094 0.112599167773492
"ufb213" 0.643664629084597 0.180616959431146 0.204377762607065 0.120108919029584 0.0664178029014664 0.134006514400129
"ufb214" 0.663570433624031 0.18492257879986 0.187956259308034 0.121715696357668 0.067624426427041 0.139997059733778
"ufb215" 0.640185288381165 0.14142004984547 0.576878628648959 0.103503190255818 0.061453705393434 0.0330443826848501
"ufb216" 0.645823860314656 0.180335806582513 0.244269788532873 0.121509398966115 0.0717930799545366 0.127658951118092
"ufb217" 0.668277389013688 0.197580036745882 0.164721156940188 0.128958438336421 0.0562701960215821 0.156965433275292
"ufb218" 0.512000565730854 0.127160586051082 0.24292619231744 0.0849266033086837 0.053920274673702 0.0676357886415428
"ufb219" 0.654077221736101 0.18876586245968 0.139543223893354 0.122714234465177 0.0582453311938237 0.149369845828506
"ufb220" 0.631710563671198 0.171289274195386 0.221312005912154 0.116229971737131 0.0526311284501507 0.124214271220119
"ufb221" 0.634070562355532 0.181174483629757 0.185040863108726 0.122188536899171 0.0622131453429986 0.140247274425827
"ufb222" 0.643673102153488 0.177057950766414 0.282129864676424 0.121671492283748 0.0767349778414378 0.124040488216215
"ufb223" 0.679093095185494 0.183904942700796 0.258633592269531 0.125169505771671 0.0636258658125017 0.133844421721711
"ufb224" 0.660975561725842 0.180936642685251 0.305000719363101 0.129229706752436 0.0777660358729673 0.117160908054106
"ufb225" 0.671200815045296 0.174047553923444 0.536254499539699 0.136307816643375 0.0704051382217712 0.0696427980013277
"ufb226" 0.842671261362961 0.186163330756178 0.740962772332053 0.15295341655638 0.0979745791337778 0.0839287308593641
"ufb227" 0.613539628117543 0.165669327556248 0.313346200085482 0.116294616857805 0.0662022781863018 0.100806084177161
"ufb228" 0.636113493306491 0.172334866378457 0.280832283552611 0.120391198670664 0.0792577514274563 0.115938088996684
"ufb229" 0.596687260498944 0.156330749837667 0.244198460035584 0.106467258678648 0.0612190232699992 0.0990948404093227
"ufb230" 0.667711415525114 0.165090221310184 0.404440783778116 0.112054175801847 0.0735412153264719 0.094279872316988
"ufb231" 0.672698731086208 0.171284215067084 0.469267672491067 0.131308155082345 0.0813228945494949 0.0827340337824177
"ufb232" 0.585671253612919 0.166028951847535 0.27654995818872 0.119560900436378 0.0717018900855886 0.100976019253552
"ufb233" 0.57798477905566 0.155213648956774 0.220317174337715 0.103507330206762 0.0618890380629383 0.10335503441993
"ufb234" 0.619168217653774 0.163268690795657 0.225026513140128 0.113034213473615 0.0677419280057094 0.109288794538719
"ufb235" 0.67758353960396 0.188697987003569 0.243698671320729 0.130727151114306 0.0732283810311712 0.136517328692464
"ufb236" 0.645572910009629 0.16547704276779 0.336157477309704 0.113188088780173 0.075246192453546 0.105137688646651
"ufb237" 0.658828857795802 0.170834222767388 0.340064969758541 0.117405975492892 0.0789970338248175 0.114492410162645
"ufb238" 0.614045206821127 0.171145660822274 0.174024137551069 0.113969035043126 0.0653818221897542 0.126577742144219
"ufb239" 0.64556252041037 0.184950475794454 0.130274831075942 0.121145049051839 0.0567270078109027 0.145410943072316
"ufb240" 0.638274646186543 0.160135029665515 0.423322179388437 0.117533505541272 0.0739221358349327 0.0811744227360788
"ufb241" 0.630855784911423 0.161307843762015 0.325611275495319 0.114288697514896 0.0643245921156068 0.100640278165518
"ufb242" 0.645819303396816 0.167660646822988 0.395766590827643 0.121517817777024 0.0746681939053123 0.0970160853333923
"ufb243" 0.639942088097703 0.177157515203982 0.244269788532873 0.119670432700271 0.070322836941603 0.124276402438931
"ufb244" 0.607994648313709 0.158995430089674 0.266667453827268 0.107238111818982 0.0677517180154906 0.104915104375345
"ufb245" 0.620120535364867 0.174059730112946 0.18018372482322 0.116947512545796 0.0603913092306561 0.132216966644683
"ufb246" 0.550895734952402 0.12403660309003 0.627586927235699 0.0938166242873012 0.0579696534283164 0.0139976102653963
"ufb247" 0.682269683871515 0.198242980486666 0.162646535576464 0.128890308111783 0.0467316208989543 0.156987327292945
"ufb248" 0.679512082758905 0.198400310127431 0.151358913858555 0.129723984524119 0.0464788738647969 0.157815218157156
"ufb249" 0.808516084990187 0.181963091406099 0.729182259783659 0.147594246680852 0.0948585486542589 0.0788896169619088
"ufb250" 0.68756316949088 0.188827735104113 0.234983101283762 0.13047792186033 0.0686670636956146 0.139072406498369
"ufb251" 0.582985652756232 0.149608812825117 0.382214192176983 0.107570469985103 0.0655097690783782 0.0692445068053778
"ufb252" 0.662049631619544 0.193983636910246 0.150419197513132 0.125125899782412 0.0559513956370975 0.154882319239973
"ufb253" 0.683867183031052 0.183171332573691 0.234995279123771 0.129707228426525 0.0648715007241471 0.130634737983794
"ufb254" 0.642563629529182 0.18324678931712 0.15408897924625 0.121119430864944 0.0656531339229 0.141867051698534
"ufb255" 0.629939619420929 0.174400080352583 0.162089836070358 0.113908574227452 0.0565075016919531 0.132569487227183
"ufb256" 0.626498872135819 0.172434230231049 0.24430982283635 0.115372613873009 0.0692832057793237 0.116287298580273
"ufb257" 0.57930283929741 0.159248976214744 0.232306674855623 0.105128016909392 0.0660033951065303 0.107601582518906
"ufb258" 0.661022366008601 0.194284013633884 0.1849638989712 0.128949677844705 0.063692075834117 0.15478219630563
"ufb259" 0.642420742486741 0.185972396449533 0.177629553931644 0.124051840651628 0.0623023677638771 0.145726805378905
"ufb260" 0.628816591669665 0.170765768235516 0.336134362988553 0.121152093583601 0.0691182346140137 0.106131270865647
"ufb261" 0.571375362421156 0.158438900425115 0.202392561623362 0.106773565216815 0.0579737095029527 0.106633544871157
"ufb262" 0.667377155976649 0.171283721763501 0.360161857051597 0.12408747119305 0.0690872751311237 0.101051786745337
"ufb263" 0.611533534717563 0.162136271532884 0.223466359987391 0.109164112933803 0.0637658757521271 0.108293345065611
"ufb264" 0.638461644620172 0.16377111194076 0.284850278823722 0.111501572382791 0.0719499901718944 0.106899122529101
"ufb265" 0.609579097050929 0.172891165806016 0.196836802810321 0.118559727803946 0.0689261499518492 0.124124826460359
"ufb266" 0.594699157235252 0.164242579165883 0.185119213896064 0.106774942731047 0.0448865242888749 0.122451025251674
"ufb267" 0.638254481101728 0.174264127695552 0.174594209235487 0.118013409492977 0.0549759502297557 0.127371364184818
"ufb268" 0.635302796297466 0.178425635854892 0.16297174269096 0.11798241550748 0.0623016262441565 0.134312559175897
"ufb269" 0.646738162607095 0.17711941224138 0.2968683586591 0.129037981909382 0.0778622767773626 0.112871331827216
"ufb270" 0.645788963022412 0.181083576914621 0.258533264279303 0.121319660188391 0.0767225116026363 0.130794799415566
"ufb271" 0.778101598337624 0.212030009116049 0.50980842532015 0.163112393683492 0.100754681490595 0.128116424928907
"ufb272" 0.587955083436039 0.165833558962246 0.202224453004807 0.112738370930303 0.0610162529971775 0.10912711839287
