0.5086057 1 1 NaN 0.6376762
NaN NaN 1 NaN 1
NaN NaN NaN NaN 1
NaN NaN 0.6875787 0.595714 0.9639015
0.8846431 0.7079722 NaN NaN 0.9880242
0.9191319 0.6080088 1 NaN 0.5789221
0.9846827 0.7432137 0.9327637 0.9346715 0.9294176
0.6986496 0.4345838 0.9668267 0.6370152 0.477251
0.7915207 0.5560266 0.3626338 0.961516 0.9772277
0.7983916 0.4108759 0.5229138 0.5613173 0.5637262
0.6149716 0.9486734 0.5026142 0.5321661 0.7840425
0.4915244 0.7999778 0.7485312 0.6469767 0.7524308
0.7593879 0.8938142 0.5933969 0.6127403 0.5585445
0.6788524 0.5738831 0.8645416 0.6228815 0.6154995
0.4165589 0.7027295 0.6950016 0.8604625 0.5916666
0.6300259 0.4353297 0.6398619 0.5299605 0.9218084
0.4110491 0.4013345 0.3509696 0.4553126 0.5509656
0.4601861 0.4353745 0.4068508 0.351703 0.3337972
0.3263434 0.5870444 0.5120135 0.4538916 0.438322
0.4534869
