NaN NaN 0.6437521 NaN 0.678392
NaN NaN NaN NaN NaN
NaN NaN NaN NaN NaN
NaN 1 0.8680915 0.8140822 0.5697654
1 0.8505579 1 NaN 0.4532036
0.9067442 0.6089048 1 0.579047 0.6159055
0.9432169 0.7345031 1 0.5676904 0.6615231
0.4352171 0.7103939 0.4720546 0.6059666 0.9985514
0.3863255 0.9059291 0.5335708 0.9645567 0.7646773
0.8954996 0.1045091 0.9853398 0.5923224 0.8342622
0.6208951 0.7960731 0.5218919 0.4952022 0.9119314
0.628286 0.6421247 0.4518366 0.4433776 0.5231288
0.9034375 0.4247946 0.8779067 0.4390204 0.6923749
0.6219896 0.5954198 0.8131457 0.50251 0.843998
0.5176853 0.61114 0.4577863 0.438966 0.5877214
0.7218098 0.4674034 0.4258402 0.3806032 0.4615836
0.7240563 0.416807 0.3425416 0.3591377 0.3536481
0.4581303 0.6647114 0.5679753 0.3983624 0.4288329
0.3492637 0.2991307 0.4427918 0.3957731 0.4305917
0.4159053
