NaN 1 0.05644682 NaN NaN
NaN NaN NaN NaN 1
1 1 NaN NaN 1
NaN NaN 0.7675321 1 0.7134383
0.597918 1 NaN 0.828011 0.9232928
0.634383 0.779296 1 0.7614328 0.4484645
0.8637505 0.7808443 0.9284905 0.5357895 0.1961136
0.7078707 0.8664088 0.6830093 0.7362723 0.8535902
0.8764691 0.9488225 0.4777032 0.9012517 0.7423432
0.8835038 0.8451295 0.6777064 0.5797755 0.3891522
0.5036 0.9355008 0.6098275 0.4232637 0.8554891
0.4253665 0.665186 0.8991262 0.8225508 0.62082
0.4593546 0.2900923 0.3042926 0.8744656 0.5091673
0.7084996 0.5999837 0.8006212 0.4260179 0.6987743
0.6625647 0.7080983 0.4088321 0.5566152 0.7844812
0.5766521 0.5178907 0.5043013 0.6063204 0.614964
0.3434498 0.5437179 0.4090875 0.7720632 0.3719887
0.4190754 0.5829705 0.5009188 0.3407673 0.4207339
0.3512186 0.4133949 0.6883614 0.4395716 0.4732906
0.3248825
