0.1180411 NaN NaN NaN NaN
1 NaN 0.4962774 1 1
NaN NaN NaN 1 NaN
1 NaN 0.9301166 0.6800738 1
0.898207 0.9870755 0.5793851 0.8113056 0.7071631
NaN 1 0.4560221 0.5460738 1
0.8808833 0.8054073 0.6809594 0.6398326 0.8893562
0.7312791 0.9937505 0.7528742 0.9197941 0.654282
0.9873831 0.02558101 0.6769122 0.5349909 0.7749926
0.3106977 0.7289966 0.8520572 0.8568123 0.6380059
0.8194528 0.4181497 0.6996192 0.6371624 0.8808247
0.4670601 0.6968219 0.7438537 0.7454901 0.5163977
0.708935 0.4508948 0.7104285 0.9226106 0.4648543
0.7924749 0.5639022 0.355991 0.5633565 0.3715262
0.427419 0.3627008 0.8395285 0.7982368 0.3503386
0.4075362 0.7224273 0.5662889 0.4999202 0.6481999
0.4618497 0.4764728 0.6792459 0.3974087 0.5388704
0.4324452 0.3450543 0.3940863 0.6737691 0.3023413
0.4995583 0.3363137 0.345293 0.3865598 0.3926165
0.4533666
