"quartet" "cluster" "phylo" "mutual" "shared" "clusterNorm"
"mb49" 0.848445247338279 0.260371233174812 0.64077544927357 0.204423618252874 0.132071326676359 0.162053458256726
"mb50" 0.770351908416064 0.263226823736249 0.118455178430875 0.179328557769327 0.110246326663345 0.226158297332873
"mb51" 0.831189557681129 0.235844025493346 0.641520971755259 0.184732335784714 0.128410733945915 0.150483702388303
"mb52" 0.88286055264849 0.237112163767103 0.717835619395306 0.19009703768084 0.11644413811479 0.135737737042092
"mb53" 0.890801473696926 0.222918165153063 0.831204313612675 0.180993384068668 0.0901421577250612 0.0911279461538283
"mb54" 0.804576825281511 0.213154288964421 0.770898918495164 0.174406007041102 0.0845692805112757 0.0792098499596535
"mb55" 0.816207832493214 0.251724124506381 0.602804385944884 0.197831579769844 0.126260496218121 0.151833000260335
"mb56" 0.781977457048735 0.246739473791355 0.344333017872356 0.177057648559604 0.127737556919187 0.190940065983441
"mb57" 0.983578458476169 0.260148222134663 0.975877841952996 0.2257907561586 0.114781695793462 0.134120999584833
"mb58" 0.758379071128075 0.221333165286992 0.322904113553893 0.162454075944035 0.101323328078956 0.134397901585659
"mb59" 0.76417214159308 0.256298508682817 0.131946562136546 0.175551680978544 0.0911859155040738 0.219330759213774
"mb60" 0.876479001430243 0.222556486396991 0.804678554220355 0.186006025187352 0.0903393303466966 0.0902029600252921
"mb61" 0.828270068843555 0.225147243318921 0.761639145247148 0.179355731819888 0.0883761214770573 0.0945076859816336
"mb62" 0.783958627033778 0.243575997378183 0.368211410907232 0.17513573621288 0.129359281120517 0.183119392534993
"mb63" 0.879676760705145 0.204482777222538 0.771398816450395 0.162152062624657 0.102942679816498 0.0984032158834721
"mb64" 0.807863287339068 0.248901712986486 0.731553295537774 0.206185697240636 0.101984934978862 0.121156711633468
"mb65" 0.721586482891284 0.228210322321419 0.0948728103383288 0.1557656840873 0.0555130606181941 0.190440802275654
"mb66" 0.840019467426823 0.207138419542729 0.782959997518667 0.165654636674676 0.0817161291029017 0.0722442695421297
"mb67" 0.754109039580219 0.245648211124364 0.118565976654574 0.167844009281791 0.0669513216433298 0.208739469800644
"mb68" 0.778553566565154 0.206664562009379 0.559698437696569 0.153515348012568 0.090235767134546 0.100934957238519
"mb69" 0.792783505154639 0.16094248594935 0.821229358935361 0.128185361487447 0.0623552789675854 0.0194780576809251
"mb70" 0.910141100750887 0.202185707857148 0.878104521614901 0.166041199619006 0.0825139251528917 0.0654690060306628
"mb71" 0.775850512290877 0.195489292514297 0.513117248806833 0.145221461287638 0.0956702952436681 0.105750948461162
"mb72" 0.81131414745957 0.245657191964093 0.486124450821985 0.188878464997181 0.118783577808446 0.161446971460953
"mb73" 0.758734222071778 0.249501847728223 0.120053476893318 0.171122380895946 0.0737216294493021 0.212540022662941
"mb74" 0.71301565729494 0.193731021477238 0.600137222786105 0.147714221237433 0.0855218471770518 0.0862854681464557
"mb75" 0.782925382091975 0.234257237210547 0.402994238316057 0.174998563012057 0.116419829722296 0.159706745030761
"mb76" 0.648682045450214 0.175974642679768 0.143551948726341 0.117632203539285 0.0776387614096944 0.118633542204231
"mb77" 0.641455120673759 0.172457461415864 0.119567408228958 0.116428901244464 0.0730757933130488 0.120615345713235
"mb78" 0.817806558138335 0.197136451115529 0.69856034412403 0.155496356294122 0.0960445116095069 0.0907514097672159
"mb79" 0.881694122764095 0.248635748634103 0.807141575507375 0.20409494988363 0.102098158340982 0.121956334576208
"mb80" 0.828965080370576 0.22051179997928 0.554809635081096 0.177892126772805 0.0850759983735674 0.0889094664700341
"mb81" 0.858904822052158 0.198215931243218 0.821346789457674 0.163702800406745 0.0776623728747751 0.0630357761501034
"mb82" 0.698159234535446 0.212670539741804 0.308940723821855 0.151020093863008 0.0933227881051966 0.143687367763696
"mb83" 0.671669638729278 0.178508927735708 0.46933718487169 0.130177122107166 0.0762608427713159 0.0867153314749552
"mb84" 0.681993890736085 0.194309926945556 0.215101279648892 0.140181956264802 0.0794166514203715 0.11585966010179
"mb85" 0.803696926851582 0.21383401476567 0.664805550263006 0.167718424066209 0.104872785735306 0.109235315117367
"mb86" 0.742298399086477 0.238414992445481 0.21317230307722 0.163500789868415 0.0978582258062602 0.196950815356209
"mb87" 0.711432996826173 0.222501696079441 0.0962919771912384 0.152760848385361 0.0640585136527384 0.184204673009682
"mb88" 0.742480870214898 0.238507557353094 0.108163009457423 0.162544021971781 0.0599988897761504 0.201391582946521
"mb89" 0.669214666486808 0.185801490029458 0.215548968047966 0.125456941735311 0.088463848355464 0.120629979925924
"mb90" 0.707411862681595 0.198761029588434 0.331432884668996 0.141440926082312 0.0919339764267601 0.134532866094762
"mb91" 0.669120387625792 0.159823591778064 0.698473024412448 0.126176310689652 0.0581346983990072 0.0180119600774586
"mb92" 0.636390938480835 0.180267625813192 0.189771740223277 0.122007793128897 0.0655030845665708 0.12318501815728
"mb93" 0.652469756267956 0.187150238669399 0.237681666719048 0.129845386026625 0.0758918198808306 0.126807325144174
"mb94" 0.859551025461148 0.22891602669484 0.72464222638088 0.181745862530662 0.115473449059504 0.126323975598498
"mb95" 0.756777996070727 0.20886917895557 0.566003763180258 0.157941646935917 0.0935621987255887 0.104038806190886
"mb96" 0.786474332583843 0.185973712514591 0.616393864082452 0.140995708976491 0.0924864657870998 0.0948912818528226
"mb97" 0.683207556443217 0.200883937241651 0.28850506249388 0.13992921740949 0.0810658588128345 0.136851743719179
"mb98" 0.647588466884614 0.175840178415699 0.155579614661162 0.118747719346298 0.0769906912363194 0.114709947199179
"mb99" 0.730356733339694 0.232060949905937 0.237206575714949 0.15794427767521 0.097776799469516 0.185975666347905
"mb100" 0.642056608631288 0.173405560267858 0.107595828467347 0.117165101042548 0.0745045511307399 0.123820620105514
"mb101" 0.734990600261008 0.23303881876207 0.142176820716253 0.158940634776794 0.0958093731613654 0.192320130551842
"mb102" 0.625821937894405 0.171392950301291 0.153978357628025 0.113578718195901 0.0560529003837304 0.119419919507356
"mb103" 0.70801439434191 0.21892392052772 0.0712414241280317 0.149981769427881 0.0577180668943306 0.180445594213787
"mb104" 0.809581043956044 0.242817754961454 0.69865128423756 0.191817442246228 0.0927929331627988 0.114776960541803
"mb105" 0.840771417975028 0.20859009774927 0.809370031458875 0.1717149837143 0.0850229808347228 0.0751590188624523
"mb106" 0.790858620427409 0.184856451431883 0.773674618507104 0.151571396221935 0.0705885229399035 0.0474238986880406
"mb107" 0.658926554791671 0.180208635322308 0.191482602659892 0.119839540744598 0.0848512256378856 0.119402424731117
"mb108" 0.654980048257046 0.189631486596687 0.213512223707907 0.127281075975471 0.0695369070112473 0.129472771598957
"mb109" 0.744288705619073 0.228199208881197 0.236589361855146 0.156500204837283 0.0961490999785388 0.179850400888423
"mb110" 0.725771432995486 0.199285023257585 0.3088840299672 0.146725976759069 0.0926851545226075 0.139912624714435
"mb111" 0.829952090849944 0.237195442507839 0.722654602401156 0.188044132619188 0.0915703829576983 0.108203905571768
"mb112" 0.618226631958854 0.172030787618606 0.155714673259715 0.114529132010939 0.0562687744058557 0.117468226028564
"mb113" 0.574003067484663 0.15136057064929 0.674469706248852 0.118607064071863 0.0525441437887074 0.00802510650232305
"mb114" 0.69317979920221 0.212191881403205 0.0831878770485664 0.144453551743553 0.0624590337399687 0.173024174990657
"mb115" 0.735214410967639 0.212067996978679 0.432911346327621 0.159096951365906 0.0887246494519177 0.123647680066574
"mb116" 0.644188150751397 0.178260926276701 0.179179143288613 0.122056289800051 0.0734674670922799 0.106353015279452
"mb117" 0.777960140679953 0.180941147605243 0.749838533031819 0.146078777447058 0.0684795002460457 0.0428484777561271
"mb118" 0.630185799290578 0.169110741956639 0.0846786800015986 0.114049561530876 0.0621885582970023 0.121061927598233
"mb119" 0.761831289404379 0.19103269848265 0.577929576315316 0.141545928459555 0.085487524967626 0.0836069922716805
"mb120" 0.712441289339804 0.205623921693319 0.189895185762633 0.143143429526454 0.0853318590608619 0.155863552121187
"mb121" 0.726031926273918 0.214077946505388 0.177828769166828 0.144498741039733 0.087180420180087 0.166949798949947
"mb122" 0.67133637931341 0.189788440156337 0.368788547231519 0.133098638081113 0.0807239517891997 0.110590126870679
"mb123" 0.724255145290148 0.226424097320534 0.0960222582414506 0.153963323017722 0.0488330247245632 0.1887140347162
"mb124" 0.630790787284351 0.163844283456765 0.654494191130678 0.125053246792309 0.057205827760174 0.022869095935802
"mb125" 0.656387278158496 0.155377092346485 0.734775101366362 0.123856864107689 0.0563567564736809 0.0128149452379515
"tnt1" 0.658042014761943 0.153743701745538 0.499508652407734 0.109737993990374 0.0710675565445401 0.0594877097724013
"tnt2" 0.654101635786506 0.152375854322461 0.4041568157138 0.106571447057814 0.0678534222421148 0.0699940293918045
"tnt3" 0.610257359748195 0.144279927789387 0.288449009707353 0.0987343105676917 0.059577655490265 0.0694004372078978
"tnt4" 0.606646570494652 0.140612825947492 0.273424807632175 0.0986311370835305 0.0598539782273064 0.0719069316026296
"tnt5" 0.651155809856837 0.185391616821025 0.166544498349032 0.122442971029534 0.0732468418154938 0.131792635094759
"tnt6" 0.655971068681234 0.186222000223189 0.118987772084221 0.127625580044758 0.0597720640483316 0.143914231868872
"tnt7" 0.671467265640484 0.193558794550339 0.108323539892648 0.132935237852127 0.0598479412047494 0.152367994472354
"tnt8" 0.731768759212475 0.230663254255887 0.0960435934859024 0.157821881693849 0.0544258489068671 0.193211594769865
"iq1" 0.641494164211378 0.175360326464893 0.308940723821855 0.123060151388847 0.0749509878889709 0.102974286475061
"iq2" 0.7004864318366 0.215530718878692 0.0720803980384409 0.145537221355817 0.0449028789929639 0.176885232509891
"ufb1" 0.756668496158068 0.19991846223229 0.495235254197415 0.148241741843889 0.0855406575874215 0.110657822758813
"ufb2" 0.661318681318681 0.181173278434402 0.497000531900323 0.131264638642986 0.0698206905233817 0.0721057794750748
"ufb3" 0.701032341475837 0.168403789946791 0.473354510622178 0.12284599130479 0.0827699342623126 0.0872888422114315
"ufb4" 0.678596220984733 0.167637195646115 0.426365546350031 0.119979928622146 0.0841767762278576 0.101092206473435
"ufb5" 0.7869412858471 0.235393812923568 0.402994238316057 0.171668100957099 0.107532678829787 0.160953974455345
"ufb6" 0.783880076659599 0.239294252930215 0.371938829939462 0.171363147262087 0.115932961257379 0.172748718247844
"ufb7" 0.760459995106435 0.196916840826422 0.710712363261062 0.154655986353512 0.0751293992606572 0.0615176601242122
"ufb8" 0.717536016348534 0.224262835034279 0.179820998126313 0.151233672223827 0.0935188701516252 0.179419845309254
"ufb9" 0.63979487640232 0.175283972324966 0.154080159086078 0.118887410723691 0.0571085689464684 0.127551107540559
"ufb10" 0.63879967649795 0.172144213380737 0.142098497166571 0.118300337853936 0.0511435555435595 0.12575836198517
"ufb11" 0.769912273082602 0.163633591722514 0.855385891601383 0.137318626014376 0.0674890999960947 0.0210532853063123
"ufb12" 0.791628489060719 0.237140812401037 0.425613713024894 0.173558452141289 0.118435077302799 0.162750249002595
"ufb13" 0.780257510729614 0.190587622819896 0.749779817770662 0.152937693847609 0.0736338792436024 0.054121341005205
"ufb14" 0.718090068696463 0.182268504990314 0.66240862722535 0.137207049212679 0.0631181847475847 0.0435047456335136
"ufb15" 0.739662709506888 0.238831560239631 0.155853262874575 0.160279537326491 0.0923478491622689 0.198402777318875
"ufb16" 0.745825519417648 0.243117558183216 0.142239883802328 0.163805840581544 0.0958786098842965 0.203760628011856
"ufb17" 0.755267137598249 0.24882042456315 0.118473777851777 0.168289931844259 0.0920043489110263 0.210457183898524
"ufb18" 0.686241044242141 0.206438029508112 0.0827800353025811 0.13789562292507 0.0435248512439687 0.166977250079324
"ufb19" 0.672657959219393 0.199920132522549 0.0827958362608982 0.131468366791726 0.0437924854226178 0.159648715467814
"ufb20" 0.651718074147047 0.188269280551534 0.0828089146552052 0.123498248324415 0.0428825672141859 0.146791263174665
"ufb21" 0.63826215736847 0.182004180773023 0.0828192426911234 0.117955339601853 0.0426294704210777 0.139442052837369
"ufb22" 0.700928818017426 0.191256974521259 0.471105513263524 0.142607692147513 0.080413853003633 0.101037414727572
"ufb23" 0.677356725559066 0.188766378390087 0.356951623242319 0.137314165565708 0.0828108865748391 0.109468158398609
"ufb24" 0.625827696265244 0.175260732167077 0.192050023728091 0.119997052826006 0.0623364020420364 0.117774746775111
"ufb25" 0.639246961203308 0.175988520268227 0.141762626873481 0.119586460623182 0.0466636922433189 0.128293023313621
"ufb26" 0.67790552852279 0.203663291478943 0.106511897666165 0.137349657999752 0.0562547566822717 0.163589352723046
"ufb27" 0.652854446242188 0.185461034775188 0.16614270716784 0.125910787869874 0.0594881757591347 0.142206907484365
"ufb28" 0.699352390052287 0.19140464075434 0.429553027589319 0.140238000670069 0.0761328205964962 0.101391228421515
"ufb29" 0.674780982721008 0.180100279084455 0.344855986797396 0.127664591255233 0.0778615860978164 0.114567672123338
"ufb30" 0.740306703274627 0.208073202361893 0.650406968143552 0.163653488494942 0.0744231973521337 0.0741570455103395
"ufb31" 0.769487561131193 0.223607554759566 0.533083065196009 0.171502235063003 0.0971808603287103 0.120402837605435
"ufb32" 0.588003007617835 0.15374996576795 0.190139614188139 0.100183948202614 0.0573396932947503 0.098062228583481
"ufb33" 0.603862767198077 0.158931814889095 0.239625273018905 0.105742946626143 0.0686540859283929 0.100460261921015
"ufb34" 0.606209922105786 0.160432094095909 0.272409343577464 0.108122085775835 0.0672457372582827 0.0982261746335988
"ufb35" 0.710545609722326 0.200479903396999 0.237648736195239 0.142961112237157 0.0905334517300976 0.147872906537221
"ufb36" 0.759009560440862 0.250729929953243 0.130249578269216 0.171622346663782 0.100289753823232 0.212464208999251
"ufb37" 0.633796533743642 0.16887911253026 0.236450320283993 0.113763974132104 0.0703636295346917 0.114187028960769
"ufb38" 0.606115163743598 0.149962166167125 0.523399384088351 0.106320759851339 0.0629363207507066 0.0373262017799144
"ufb39" 0.612408239821492 0.144804119829173 0.428053083858708 0.10125281045013 0.0638561850693804 0.0495524375869181
"ufb40" 0.563351966767527 0.13432435811526 0.300569962441034 0.0910601362283067 0.0579079884469375 0.0500443071865777
"ufb41" 0.739088510277877 0.20237915608077 0.452771907298098 0.144393412052832 0.0974855612481952 0.132606093255362
"ufb42" 0.82653506856494 0.18671038034307 0.804858979447534 0.150379520238972 0.0740208535337076 0.0473417634553413
"ufb43" 0.707756946371239 0.16979686784576 0.533238384814297 0.127146154752957 0.0809651348471807 0.0888178026933176
"ufb44" 0.711807876511732 0.175717253808938 0.521737244264901 0.129266918986084 0.0878402481722532 0.103589469175954
"ufb45" 0.673276339038712 0.180278905403544 0.397996865583511 0.12882731717637 0.0797742913616494 0.100497504932204
"ufb46" 0.779908074214223 0.236021060488408 0.384027421516448 0.169476039655274 0.121213814855092 0.169177041483385
"ufb47" 0.70086576583866 0.180615930195749 0.650288128260143 0.1369726545149 0.0631562437323416 0.0415717395573946
"ufb48" 0.744252057905194 0.214899700811116 0.505688379275902 0.160355447564696 0.0885346515291978 0.110535589849652
"ufb49" 0.759321556539563 0.179075124566109 0.62831499489344 0.138945172766839 0.0878319169877454 0.0872208021753618
"ufb50" 0.70925674133328 0.171843007159911 0.533155233936092 0.127770582590909 0.0813978148305838 0.0910635250280741
"ufb51" 0.603844912156463 0.157029002379795 0.385554732716954 0.112186955597315 0.0684741373643693 0.0750812008234425
"ufb52" 0.751928020565553 0.196834077444258 0.694870382711698 0.154661178740435 0.0719735804652202 0.0614209429017654
"ufb53" 0.705015385007234 0.21628243003872 0.0827614685669398 0.145598261252529 0.046384081871733 0.177673975385612
"ufb54" 0.614091778989976 0.170563448745207 0.15422074178592 0.112515739478077 0.0546098045977842 0.12260144464038
"ufb55" 0.612636436241015 0.166291114547529 0.358388585492453 0.115207867875768 0.0652177311089634 0.0851558919406648
"ufb56" 0.642893361494512 0.171822566312058 0.283874315999249 0.114504532078813 0.0669570077276307 0.110394337607184
"ufb57" 0.794246466255226 0.194437979072287 0.62205603880287 0.150302851465707 0.0908375138925096 0.0873862815200069
"ufb58" 0.743732510202622 0.238935724532224 0.179747004319748 0.163028408816075 0.0974422258466233 0.198509509405258
"ufb59" 0.697357218049489 0.212996163444212 0.0958418977405206 0.144393123137925 0.0435173805410077 0.174230910501532
"ufb60" 0.695993134860387 0.200877165829175 0.396639482621011 0.151783919942197 0.0832689449026609 0.111398085465941
"ufb61" 0.628798029796094 0.165980634372291 0.189575038608302 0.113432322120598 0.0598782409423826 0.119283995407323
"ufb62" 0.636011887772577 0.168560645168709 0.215969737191602 0.116132867643475 0.0727544119542225 0.120507627838855
"ufb63" 0.629470063934415 0.167263429388467 0.213432640314902 0.112241095694494 0.0721757163009722 0.115095929072029
"ufb64" 0.620192213969628 0.171507225418604 0.307892810910545 0.119022190513723 0.0672842640044883 0.099008318403599
"ufb65" 0.738602329450915 0.211917241324118 0.533083065196009 0.157609371406748 0.0905112630570533 0.107156669256778
"ufb66" 0.671116138763198 0.187877675395281 0.367309956006679 0.133001981993456 0.0801564977629307 0.108801098426318
"ufb67" 0.52673442333186 0.150354659468476 0.594903977442465 0.109627732941057 0.0489458680714561 0.00710513209225405
"ufb68" 0.656740610322507 0.186161408011864 0.192272655104645 0.129471799201727 0.0752056202391733 0.142960941734435
"ufb69" 0.656916419962838 0.186903412632531 0.192283864311141 0.128316273702714 0.0748955457009767 0.142669609236437
"ufb70" 0.640576419731774 0.175851681930608 0.190024799939641 0.119329291407921 0.0723660765223274 0.128222833388965
"ufb71" 0.649250954488974 0.182818871043077 0.201984934261863 0.12219099524049 0.071254144374295 0.131630749845905
"ufb72" 0.65203868996479 0.184353415880918 0.201979899897425 0.126370554898842 0.0742703810177245 0.138710550607671
"ufb73" 0.644539685899169 0.178821505497729 0.201986586962017 0.12200716057829 0.0728125866142083 0.129565148635799
"ufb74" 0.739258744038156 0.177516684473054 0.569168709329568 0.134253138963574 0.0892473272159314 0.0972906200133508
"ufb75" 0.618907606627694 0.146175093130985 0.489198425580618 0.106624906179471 0.0665730306789567 0.0508756901055949
"ufb76" 0.675640030833135 0.196122343232803 0.249108689938351 0.135804445173811 0.0797639385517621 0.143147470641116
"ufb77" 0.753751672421523 0.24578343134379 0.108172727042278 0.167754042930751 0.066781393184706 0.208639565021238
"ufb78" 0.586897872360496 0.149607739571179 0.190056846180827 0.0989869395214115 0.0550189382971248 0.0963341292383562
"ufb79" 0.559950906344411 0.150761728231989 0.626284810096547 0.113719579192255 0.0498513466347739 0.0068596774572693
"ufb80" 0.752970583973337 0.211449623456805 0.426977345981986 0.159881479409726 0.0906237067810395 0.134642373550766
"ufb81" 0.651433358153388 0.157006195337717 0.72606116281769 0.120887770436773 0.0562206621888036 0.0148781116087926
"ufb82" 0.557170923379175 0.15487954830292 0.646160304751573 0.114862355426821 0.0534707825553134 0.0102749522733746
"ufb83" 0.63913286638792 0.182842979087206 0.0959011394236299 0.119284015091276 0.0539618388618639 0.139424217340388
"ufb84" 0.641084612701386 0.185574655604239 0.106584761749049 0.121657008949557 0.0631499872853008 0.141218394272664
"ufb85" 0.599921011058452 0.150530002728384 0.654494191130678 0.115039025451497 0.051370012003881 0.00731003808606091
"ufb86" 0.644364893223059 0.172621440238041 0.236450320283993 0.115787421849832 0.0736721944074227 0.118175621324901
"ufb87" 0.607184169214244 0.159268200985773 0.392962417834643 0.114891660697836 0.0681336420053475 0.0775017554047081
"ufb88" 0.713730962870893 0.222984750913304 0.107909053801521 0.151308027464359 0.0493466038896532 0.185109076163907
"ufb89" 0.645433116172021 0.168625623775062 0.418189308806366 0.123411782949589 0.0749222964866594 0.0877175918928729
"ufb90" 0.73927858850127 0.235966144552786 0.224974416111558 0.161716722839805 0.0965286100328198 0.193172154514931
"ufb91" 0.626634716189906 0.17652555237932 0.167703108166788 0.118091320362827 0.0614581319906462 0.119127727499506
"ufb92" 0.622329866322753 0.170856827689165 0.142130868492412 0.114563787125569 0.048111728041736 0.118850169475526
"ufb93" 0.665457521450152 0.19482666091392 0.0947560534346406 0.130849147762014 0.057923429823846 0.153694995636079
"ufb94" 0.755471746672804 0.250144091453894 0.130249578269216 0.169677760635927 0.0938369459861281 0.211848451337992
"ufb95" 0.637185277792139 0.187287092250427 0.272928296402628 0.127684441267079 0.0757234755980142 0.122330776443212
"ufb96" 0.639300810634186 0.175987614021847 0.190024799939641 0.1212422951321 0.0685313897736589 0.128366621213017
"ufb97" 0.639281402690604 0.177337804305683 0.190024679578047 0.118993782045262 0.0668294706144159 0.127992451304813
"ufb98" 0.753311395565021 0.232718276090405 0.260335863567425 0.158731066338953 0.0985196067449282 0.182229382287405
"ufb99" 0.710739731929889 0.170794259009413 0.520340190819784 0.127656929754474 0.0813090020199778 0.0780133801001807
"ufb100" 0.739411636942829 0.17886335423529 0.618760198298135 0.141405942283929 0.0878992699415332 0.070056999614171
"ufb101" 0.685661675531119 0.20792306838588 0.0947323044054247 0.139572011820609 0.0447922857062373 0.168543133551751
"ufb102" 0.653965996238238 0.187038378924307 0.142379035724822 0.126356541153521 0.04963852735461 0.14477305354705
"ufb103" 0.684889255231461 0.184886164838243 0.471105513263524 0.13718105602769 0.0761903253718163 0.0941471111154337
"ufb104" 0.72777013406713 0.161667856291114 0.678360707179251 0.123749374114727 0.0731710451296621 0.0505829778008551
"ufb105" 0.605353598915727 0.161562217989713 0.252050304901132 0.10978936349495 0.0666332917687619 0.0942790503746889
"ufb106" 0.648323552871468 0.182242480700355 0.190014878289839 0.125740973057966 0.0738038042219667 0.137755114873999
"ufb107" 0.705102411029388 0.154838856788713 0.662302481958509 0.117356796217782 0.0703774416461846 0.0428490880522346
"ufb108" 0.711495535714286 0.193539588490712 0.397476998626548 0.137991868022349 0.0963405943643149 0.128995359028467
"ufb109" 0.658034061661464 0.187383004051203 0.213443834979533 0.130755753133232 0.0720061490256901 0.136412975173363
"ufb110" 0.596679013292714 0.153142734880911 0.239693750707581 0.102959520220303 0.0689180221169656 0.0974616985296836
"ufb111" 0.650945869868666 0.182063017880524 0.179690552777801 0.125248124760184 0.0581151023074957 0.13294478330737
"ufb112" 0.661303758530865 0.186903300858212 0.177607977111671 0.129893138918639 0.0618194620589052 0.139866622375204
"ufb113" 0.679635986605204 0.199300673395303 0.189632187723797 0.13998272716927 0.0690798705671262 0.155709457007734
"ufb114" 0.658523115408669 0.1827858581692 0.201513639291295 0.128389264734398 0.0666730468666585 0.133711031144102
"ufb115" 0.59847329337544 0.155583391491565 0.37340245389977 0.109640572319525 0.0694514642661416 0.0817784688946204
"ufb116" 0.712395507894959 0.226047573738256 0.0958024910374109 0.151611416314054 0.0634770059578492 0.188321020098792
"ufb117" 0.699777828449662 0.215180140447563 0.106696113398283 0.147274876043459 0.0629848050787481 0.176161002258889
"ufb118" 0.512503136238187 0.149725033723798 0.650406968143552 0.118005226389714 0.0538225516658971 0.00611332688030154
"ufb119" 0.672756266871175 0.196350140903894 0.263956178321505 0.134658053971274 0.0798906571948298 0.140391420406917
"ufb120" 0.740258988345703 0.233391664196964 0.0972086223009763 0.16082875543087 0.0487315613362015 0.196028041665629
"ufb121" 0.686176919503617 0.20152549217673 0.372201615420839 0.146422353583967 0.079299409439065 0.112119005966577
"ufb122" 0.579017447652112 0.159556973392037 0.264910242860313 0.110694600248672 0.0642881484215515 0.0922843761982605
"ufb123" 0.624415767106849 0.162868256833661 0.237346129700039 0.111362401698121 0.0742416447402484 0.107780627649761
"ufb124" 0.647743980001935 0.185085677787617 0.0828089146552052 0.122579425992145 0.0431823011863961 0.143444983888105
"ufb125" 0.633464280010254 0.181611755376179 0.0947987549706031 0.118360737572155 0.0499485076030923 0.138110982479644
"ufb126" 0.637482172954752 0.183738232397674 0.10801842813879 0.121221806502173 0.0594440314834225 0.139281953466908
"ufb127" 0.647064046609157 0.181747315860032 0.204278448410257 0.120843462163671 0.0717528246175105 0.130451691743734
"ufb128" 0.61125359098997 0.164517223335689 0.272367182845326 0.109837576735688 0.0665395733346935 0.0977247203135915
"ufb129" 0.59759838908627 0.149757314344314 0.404882678927964 0.108933801268234 0.0608666042359827 0.0670658753278774
"ufb130" 0.685379987056454 0.207888800839654 0.118476218367172 0.141922392040091 0.071989122383783 0.168027445612248
"ufb131" 0.640098283043179 0.171905893401587 0.260368663466537 0.11506822831739 0.0704884287972034 0.117412987779441
"ufb132" 0.647405034652708 0.173776236125423 0.272193780805389 0.114869292551477 0.0703877880083284 0.116282156072257
"ufb133" 0.648085949650672 0.183216026425372 0.106347580121194 0.121407720248853 0.0456651084637473 0.141479222113094
"ufb134" 0.763056272740125 0.212588341437873 0.4322731075668 0.161126182762514 0.0934659367272021 0.135806145709097
"ufb135" 0.720070958388488 0.223928746023881 0.106618117300478 0.152617533959112 0.058500596382131 0.186149247642204
"ufb136" 0.512923188933382 0.149639570911462 0.594903977442465 0.108821109944847 0.0483246519660467 0.00626948017434375
"ufb137" 0.707535717620693 0.156159981052979 0.773733333768261 0.126651925327519 0.0593305131837328 0.0138892262699505
"ufb138" 0.643405728923712 0.188486755454819 0.118569233430249 0.123964722198057 0.0673340344265517 0.143015689202064
"ufb139" 0.761481563477223 0.251079494891314 0.155756709223315 0.173046892096007 0.0955881496561333 0.212829872118869
"ufb140" 0.746088090408577 0.210102371180807 0.638405309061754 0.162478197332054 0.0762553546036849 0.0757124955033894
"ufb141" 0.793433560304726 0.222046641874328 0.554009318222294 0.173062607011379 0.0971438203246561 0.1186638787347
"ufb142" 0.797462115133313 0.236737223206945 0.426539391538852 0.176564669993481 0.106877599117926 0.151353978255492
"ufb143" 0.782888229475767 0.233433686573282 0.371637249006112 0.172222038402717 0.104375000262025 0.158681621100277
"ufb144" 0.696240619909608 0.21228846620431 0.107752963648701 0.145048788570586 0.0577943387066424 0.173118606452391
"ufb145" 0.634499756096904 0.178669457773135 0.118168975462007 0.116928065043684 0.0543488703903056 0.135028277442281
"ufb146" 0.623131658127999 0.165421433928589 0.203884281030306 0.110531596340019 0.0611161720086335 0.115324899277288
"ufb147" 0.742547056903493 0.182113990965665 0.577998208138223 0.137450614832634 0.0837936746090904 0.0735039371899616
"ufb148" 0.650764210780252 0.181371819763356 0.141795691015711 0.124098015740573 0.0480650064405446 0.135499902075971
"ufb149" 0.650296207011515 0.184460639540762 0.452014410189195 0.132679513038466 0.0751480468693609 0.0763959644111186
"ufb150" 0.639763918114474 0.172139045991301 0.284606652962685 0.11968587721337 0.073066012064409 0.110603386777568
"ufb151" 0.75431209970604 0.246895230444458 0.107843427347686 0.167483612268096 0.0726115871726125 0.209805557836566
"ufb152" 0.725475632439301 0.22619271662511 0.0712527460170731 0.153564387102051 0.0418379856433755 0.188478179716954
"ufb153" 0.649170804501728 0.189811914955252 0.252344557385314 0.133658283651219 0.077355722445112 0.124978928538171
"ufb154" 0.745512166161968 0.243215103154768 0.154026814145613 0.164045358699899 0.095936011268382 0.203863245198618
"ufb155" 0.630105510530933 0.165282870706987 0.213428942848266 0.11360004562831 0.0699407216802161 0.115210674574274
"ufb156" 0.638060971215821 0.175332535927745 0.192050734881281 0.119405309017676 0.0650335265407708 0.121033124014626
"ufb157" 0.705480017628094 0.219377243143655 0.106618117300478 0.147457913055531 0.0505385617885619 0.181376175550625
"ufb158" 0.649581427077849 0.18750582386765 0.0958946649492011 0.123885901735204 0.0554908136284128 0.145243747740118
"ufb159" 0.714695608782435 0.204952373689969 0.650466388085256 0.161837515259459 0.0758361254040153 0.0709079774254628
"ufb160" 0.793627805937726 0.225786584901326 0.57806683996113 0.176318813557986 0.102366199374164 0.123197886868975
"ufb161" 0.701590583952408 0.216240965760556 0.119859069237285 0.148607677700128 0.0742427553137847 0.177274568960849
"ufb162" 0.603318221463966 0.162333500770202 0.166456469581134 0.110112775678037 0.0594248221589389 0.115437942508603
"ufb163" 0.581465756826756 0.155464934367699 0.228659933518144 0.104801167629342 0.0600621722769271 0.0928232164283855
"ufb164" 0.588397771888174 0.165396321112283 0.286273603262294 0.115919779588289 0.0657718185949386 0.0922570839935012
"ufb165" 0.632589973710452 0.183680550108148 0.337696854491072 0.129827406757174 0.073922460662408 0.104059186123173
"ufb166" 0.756172476896149 0.251219801365331 0.14221218219725 0.170153047853429 0.0994094818010575 0.212979098470257
"ufb167" 0.873958864524902 0.182056341999783 0.853508915665267 0.147902539752771 0.0731311344774401 0.0441516930369465
"ufb168" 0.521928306551298 0.131227669686018 0.348884223225366 0.0892072893985346 0.0547532148291757 0.034259914613723
"ufb169" 0.686942011963449 0.20715299810751 0.107752963648701 0.140687247913256 0.0560477567359948 0.167734777450163
"ufb170" 0.618005838070364 0.148016625032193 0.573995836823998 0.108650359968528 0.0656069672249076 0.0348073827932197
"ufb171" 0.588947648653085 0.155290059810076 0.260468056197301 0.104098361201479 0.0677548512066451 0.0927031527368685
"ufb172" 0.655654148704959 0.18095912703626 0.177607977111671 0.12544226799576 0.0586312072509812 0.133578585156431
"ufb173" 0.609002798615263 0.163284372694543 0.272270524946017 0.109899685332383 0.0630131841237398 0.0963933096751905
"ufb174" 0.633994466111254 0.176506258829638 0.180057905069685 0.120638177169148 0.0594918712516266 0.122284129537816
"ufb175" 0.633956640043677 0.176215933036514 0.189895185762633 0.121458300227873 0.06491780777473 0.124583627594795
"ufb176" 0.658270967980333 0.192432229555856 0.106721268697625 0.129722482469251 0.058883576203037 0.151178246580236
"ufb177" 0.646614360221206 0.184850510295323 0.0958946649492011 0.124139038523905 0.0561623971900621 0.142450317406302
"ufb178" 0.696620978733253 0.196340501038919 0.271906653333005 0.139982188163767 0.0830562207467772 0.136719245885589
"ufb179" 0.712993821350009 0.210257542304685 0.142177050042169 0.145284232535461 0.0817491969243013 0.162858861816974
"ufb180" 0.68344258738097 0.206903746727629 0.118674092218153 0.1409618055424 0.0634311386526322 0.16699282069259
"ufb181" 0.639102017618642 0.151901687161205 0.714084404818891 0.117410869617786 0.0535736649419196 0.00891298742123316
"ufb182" 0.705251604187774 0.183009822017938 0.322538245567565 0.128603248861418 0.0867587683393819 0.111345934196834
"ufb183" 0.653134210337143 0.17059146670803 0.313593642427509 0.120594416307666 0.074198790171954 0.089783861853868
"ufb184" 0.693033701672683 0.188564881546456 0.387541441359916 0.134965044072335 0.0816273425956627 0.0976601145002943
"ufb185" 0.600796982178155 0.169637209504119 0.0951133391570486 0.114556358398916 0.054458878753908 0.123113102904974
"ufb186" 0.665587322660821 0.178363681948341 0.32144409761224 0.124227359391047 0.0803115808612898 0.117423608810802
"ufb187" 0.635594893286516 0.169776628748867 0.272193780805389 0.113512018563691 0.0700916027600293 0.112004229726018
"ufb188" 0.631033374722803 0.169426334586038 0.283874315999249 0.11403783301298 0.0692993852146777 0.107820370694828
"ufb189" 0.559760180643152 0.185118759352876 0.566038834920741 0.142247919613273 0.0624333761833173 0.0468386697738516
"ufb190" 0.66845031817666 0.195915374113078 0.0837667673307292 0.130272989564063 0.0436714871193607 0.155442380562462
"ufb191" 0.6617356214802 0.175024874927405 0.410258376282948 0.124902522781225 0.0766896437338648 0.0947321128328632
"ufb192" 0.728920937560903 0.229758975520126 0.0842038395851043 0.156202748110421 0.0526621212202967 0.192213149574968
"ufb193" 0.774188913332144 0.231962191583942 0.371938829939462 0.170657388546628 0.119008871113671 0.164775257852739
"ufb194" 0.452677366131693 0.159830820797066 0.554037175838943 0.12253012394571 0.0560203968365135 0.0174655130804085
"ufb195" 0.609549704116202 0.164658023388263 0.350149840565991 0.115195226135405 0.0642509930099664 0.0713238497024158
"ufb196" 0.615422192589267 0.168726439594541 0.29585768073799 0.11552226389068 0.0605810839732408 0.0959841943886998
"ufb197" 0.733085501858736 0.182132766956314 0.67458854613226 0.14221512451983 0.0679285307599659 0.0429842599103037
"ufb198" 0.673306243131304 0.180299927798138 0.324734309207539 0.126847573438777 0.0798393110694108 0.119503464383181
"ufb199" 0.661644090552594 0.188229537210547 0.201212771484273 0.128122554347211 0.0667720313578159 0.137312605695662
"ufb200" 0.739866015669354 0.205852981231112 0.545064033354196 0.155620065308416 0.0902721044703024 0.100286281444933
"ufb201" 0.641123800520155 0.178172144536399 0.167571467694336 0.12271486557131 0.0545323588091189 0.128788038155485
"ufb202" 0.757924376508447 0.178964108785055 0.60274461802915 0.136091364106666 0.0866650043348663 0.0868950886349725
"ufb203" 0.597012443532966 0.157680053807609 0.236688965657902 0.1049216874825 0.0655877920278303 0.0952702280319117
"ufb204" 0.687266129946706 0.172640373248638 0.682722934092863 0.130187258458297 0.0606694366261242 0.0311877010726354
"ufb205" 0.597054273034486 0.155631313778039 0.380958819637202 0.113224818555176 0.0639850519903428 0.0735111580835892
"ufb206" 0.527360221073445 0.140887020092718 0.201842812025237 0.0878861661197265 0.0479216660031764 0.077269789909416
"ufb207" 0.572702359202478 0.152930204298225 0.0947660406744148 0.0935109910539075 0.0415279329646695 0.103907762456616
"ufb208" 0.582897996002154 0.154616724217819 0.0947707807426978 0.0963130056969544 0.0425778089818806 0.107251370898787
"ufb209" 0.737135986631615 0.233918839802557 0.0842038395851043 0.159108767139101 0.0561063131451618 0.196579242958637
"ufb210" 0.7115488033802 0.218386769834541 0.0839367809406285 0.147301136772282 0.0483074024851959 0.180337485554465
"ufb211" 0.718996415770609 0.171790830901815 0.556331792177669 0.130298359743115 0.0768880448917045 0.0791214596818121
"ufb212" 0.558669425854174 0.147700823637595 0.190188787222837 0.0949631266111608 0.0545137835572528 0.0915421619296431
"ufb213" 0.666624259298223 0.179273878986277 0.361316493517982 0.124744534942189 0.0814155503449254 0.113675219858724
"ufb214" 0.685151808519403 0.20354388652288 0.0827800353025811 0.136567317035066 0.0469258229699251 0.163939192513729
"ufb215" 0.613665287304802 0.171940174625349 0.0830853499622944 0.113866396256608 0.0462653887404298 0.127927809081269
"ufb216" 0.668331189795008 0.189279797404142 0.355697850977161 0.133286475274504 0.0899479104317837 0.118123002400942
"ufb217" 0.591010786269158 0.151765415700545 0.236790442695828 0.102476182853755 0.0636219701742575 0.0927956504624474
"ufb218" 0.602850789841225 0.159501802575374 0.260424515005187 0.108849234629744 0.0631499177364393 0.0923083427464493
"ufb219" 0.55059029296021 0.164711753619235 0.583103365227136 0.124987203739995 0.0532851713356049 0.0238828208764223
"ufb220" 0.733240553823588 0.232464396740716 0.167825897655152 0.157611339361833 0.0933912237260403 0.190680060961426
"ufb221" 0.624942194546828 0.174811011134463 0.192170410174593 0.116635231168427 0.062074087351587 0.123083047709146
"ufb222" 0.572174600279652 0.155724864934459 0.0947567302218697 0.0957832376976935 0.0455179735261102 0.105002071980919
"ufb223" 0.702710072342794 0.210116442677874 0.0709896981058546 0.141309037853639 0.0370981732951775 0.17166455514477
"ufb224" 0.552841762244018 0.135958746936159 0.2974550685245 0.0934944788308937 0.0537762166422429 0.0668300729475192
"ufb225" 0.572156171903806 0.150082790285905 0.0837878416119527 0.0916757563248435 0.0363486471673142 0.102439357071385
"ufb226" 0.585038608879442 0.153271615853514 0.0837908518279402 0.0957331323107937 0.0369617340821407 0.107138195074586
"ufb227" 0.603856502773695 0.164861356011159 0.0944771200174676 0.103290722804925 0.04570501223083 0.119376601756815
"ufb228" 0.648340990221705 0.178196069600413 0.143431050805447 0.121113459489647 0.0531815055186407 0.132146198412785
"ufb229" 0.653103852567714 0.180371001116452 0.141818317703981 0.12353726810585 0.0530184021785394 0.135729561176139
"ufb230" 0.737175710516245 0.22806469692492 0.130273859001305 0.151335907124699 0.0885567910398541 0.186057162006068
"ufb231" 0.697968960135075 0.210947489694993 0.0827614685669398 0.142749333975759 0.045216053764653 0.172076218677633
"ufb232" 0.623952892985151 0.143695415446969 0.416080301872493 0.101875069315961 0.0659169640079221 0.0604699260225521
"ufb233" 0.728926746269465 0.229081807063197 0.218582858210269 0.158048804495912 0.0969460162807095 0.184481675938924
"ufb234" 0.50741423181539 0.144427400512681 0.638286469178345 0.112029513411021 0.0488576519365541 0.000178541999631264
"ufb235" 0.651499259984384 0.18649499342619 0.0828089146552052 0.122421662129153 0.0458773174867708 0.14492631308628
"ufb236" 0.644244094204385 0.183826897987247 0.0828192426911234 0.120745011543391 0.0470810264756209 0.141359610051307
"ufb237" 0.696915061686706 0.181253483214383 0.332257009743086 0.130010497691254 0.0855839630432058 0.109500768136155
"ufb238" 0.634794598451642 0.169073202881909 0.237346129700039 0.113396152943538 0.0742071487704726 0.114393891468542
"ufb239" 0.643696987507491 0.181185420435286 0.180183419411611 0.123230068729121 0.0605404107321809 0.136620930399943
"ufb240" 0.63818804277001 0.168789082587269 0.24879668062841 0.114939965320506 0.0664860584476048 0.114006334495627
"ufb241" 0.70401146520428 0.188722069770256 0.277276399673749 0.130739171152073 0.0882005076431039 0.123728291666295
"ufb242" 0.61983618551366 0.1691164201926 0.349790441456385 0.118568766955281 0.0702933655214636 0.0882561518370881
"ufb243" 0.65022004327692 0.182325262676389 0.190024799939641 0.124167700254505 0.0743574608591407 0.135070532712801
"ufb244" 0.650912551432204 0.184111580016809 0.190024679578047 0.122669476763705 0.0720583371810979 0.135172535164488
"ufb245" 0.645160997608969 0.181632026838149 0.201859869440487 0.120067665340704 0.0701094001035324 0.130369561872072
"ufb246" 0.483029197080292 0.148049870695919 0.590101573026041 0.112450955420093 0.0466686749436739 0.00415522829484758
"ufb247" 0.642314125081349 0.184193461735118 0.10673769046768 0.123858336485542 0.0611183426201247 0.140846456435143
"ufb248" 0.690357692140019 0.206944629328745 0.0958590429240832 0.141693243098255 0.0594826204942137 0.167516043618467
"ufb249" 0.640942258511063 0.176557487609653 0.17806283502369 0.121527306212001 0.069476595008016 0.1304783690489
"ufb250" 0.696345885581934 0.210710300491669 0.0829383310909887 0.14214007030337 0.0475847472742986 0.172235802030977
"ufb251" 0.771511523710527 0.227910241812471 0.391044167224452 0.165919496203939 0.102540103505117 0.152741824588162
"ufb252" 0.767602739386857 0.228258291146659 0.367529338053435 0.166949346722054 0.115882375176662 0.160735071872394
"ufb253" 0.614978982797685 0.164429713967396 0.272270524946017 0.109239503788454 0.0652899839970088 0.0976302150264004
"ufb254" 0.527770796682584 0.156511448321278 0.642752294176506 0.120369100453228 0.0559320421486077 0.0142999506396194
"ufb255" 0.674927183634308 0.203382868675981 0.118499639672395 0.136543954378495 0.0717690830919094 0.162688290739006
"ufb256" 0.707287634419102 0.219184946709281 0.096984029178842 0.149014174875521 0.0454640657597477 0.18071947938675
"ufb257" 0.649584804527055 0.184320842107571 0.201984711522845 0.123499745975292 0.0734612945995256 0.137181439868856
"ufb258" 0.597501339949275 0.154833160699423 0.225562473418333 0.10266954181412 0.0607426828210506 0.099166886888929
"ufb259" 0.673545519485673 0.210495191436946 0.602222071991247 0.159249110478329 0.0738079759436444 0.0772017366791878
"ufb260" 0.658048891892738 0.186816388484241 0.118125951095963 0.124815310894406 0.0558187977384325 0.145263558896696
"ufb261" 0.613504867617481 0.161397595722253 0.191786158430157 0.108054986723483 0.0621583998660063 0.111059525572283
"ufb262" 0.628621151332821 0.173725840634969 0.201859869440487 0.116154999723751 0.0651301947846231 0.121968133178293
"ufb263" 0.647060348716814 0.17772789125832 0.155504430117004 0.122053769459026 0.0535381302591871 0.130133072711481
"ufb264" 0.660971581744638 0.187572565669892 0.213489200677573 0.132824467300543 0.0694370215091096 0.138785186977603
"ufb265" 0.585382480791749 0.151503662927365 0.236688965657902 0.102884904920714 0.0609687848343658 0.0886362111860226
"ufb266" 0.618257371410393 0.168511496498565 0.295947534691304 0.117247782338582 0.0635772070305662 0.0957504422698723
"ufb267" 0.645168440570682 0.176779654367384 0.192165229190618 0.122255587399728 0.0629419889362701 0.127347780852682
"ufb268" 0.758151527171757 0.192326985685505 0.464974221297256 0.146577989187298 0.102023461377126 0.11370065791876
"ufb269" 0.507394663769166 0.135024694574752 0.49362530249503 0.0997288317281511 0.0575245454734944 0.0200935881797667
"ufb270" 0.619790770897518 0.168937495872321 0.106648033447963 0.112256758603179 0.0422529385080963 0.124764396555516
"ufb271" 0.601044263368972 0.162057992241935 0.107947914431388 0.106163051086465 0.0414216180812684 0.11642294404119
"ufb272" 0.635500789173809 0.146468543587605 0.384810490717495 0.104309202410337 0.06848488276639 0.0718882147686838
"ufb273" 0.675543517590018 0.161428381977983 0.452647060405367 0.116762683087626 0.0734673843477333 0.0794850340470376
"ufb274" 0.717230383783168 0.168168764013058 0.535573218328864 0.124911796800317 0.070218204056682 0.0750941151486851
"ufb275" 0.704817656691157 0.218099012623668 0.0947263537935307 0.147221171553856 0.0477424169669144 0.179580048686403
"ufb276" 0.68527657440959 0.207605661148679 0.0947455123339754 0.138425700150836 0.0456491036902334 0.168202943542831
"ufb277" 0.844639978506179 0.227913257652904 0.743700744156609 0.182423598365092 0.0885596092733382 0.0977400481282361
"ufb278" 0.72307460678175 0.22460125641627 0.191513296177101 0.151728981884394 0.0789520735950671 0.18341557527244
"ufb279" 0.630139593908629 0.165055045572418 0.288505213828643 0.11421315727857 0.0653933387731241 0.103132768133298
"ufb280" 0.653038209616073 0.161970723966004 0.344609577390112 0.110875774534231 0.0723579408277785 0.0998077125579491
"ufb281" 0.585563047020598 0.167579461821964 0.119088566632959 0.110667025397702 0.0579513796464967 0.11760031199402
"ufb282" 0.579206882728422 0.160498392039929 0.213436465296075 0.110177836201437 0.0568883212420926 0.102144672594549
"ufb283" 0.601542499547465 0.168715983051412 0.284092112425377 0.116965192691672 0.0583374715878736 0.0959728228249803
"ufb284" 0.655344667606007 0.190628477344081 0.0947640649051965 0.12524758973226 0.0562563764703498 0.148528826773332
"ufb285" 0.63223964848135 0.172135912271478 0.297044951636666 0.122604647204682 0.0705916336170232 0.0994668364512838
"ufb286" 0.617590312384868 0.164770425038467 0.273103249896822 0.116164990909121 0.0660262585064306 0.0978281620710462
"ufb287" 0.651748862854071 0.185335621072622 0.190021367460558 0.124209722758049 0.0731968747653828 0.139747719137798
"ufb288" 0.742600598603259 0.181766587502497 0.565866499534445 0.134134748923179 0.0794731440831706 0.073110400759119
"ufb289" 0.693122162500652 0.172120628287335 0.457152054042163 0.121660135928161 0.0829404968791087 0.105934076535219
"ufb290" 0.658376646233035 0.178026371497694 0.285362525542713 0.124247916202087 0.0748750848678779 0.126534310301754
"ufb291" 0.705019642077695 0.178517801914868 0.731613437280167 0.140588227758575 0.0684573088814197 0.0385855575165269
"ufb292" 0.696513841119311 0.158412161645955 0.571115404831303 0.117213017905217 0.0769660868619897 0.0646761425460577
"ufb293" 0.660113434184205 0.189045654410321 0.142367914782362 0.128689292447503 0.0490462317380757 0.147635833013884
"ufb294" 0.597951181836526 0.169360872289135 0.120460835512533 0.114808119639806 0.059579455064511 0.121287891741524
"ufb295" 0.688075895815071 0.208981394169612 0.107965148512667 0.140986516386724 0.0479935652343787 0.169647086466595
"ufb296" 0.656680406152609 0.187113698524395 0.131651790629826 0.124980503538496 0.0681954114527093 0.144830421861795
"ufb297" 0.587051049935781 0.156874023088412 0.296155860626294 0.105433588561185 0.0672481841137085 0.0894704859554106
"ufb298" 0.633838697153926 0.175187819482774 0.192165229190618 0.116710451565047 0.0676297954581125 0.125679331894925
"ufb299" 0.773941172045437 0.181722129051163 0.734834521308066 0.143318999302621 0.0683370774442604 0.0437611320515062
"ufb300" 0.684800641228773 0.187664431582253 0.380778394846559 0.134630262837588 0.0895625610151593 0.131194795892239
"ufb301" 0.597884630395754 0.154986628653464 0.213512223707907 0.104518941380537 0.0595608490261393 0.0921758159894653
"ufb302" 0.751898960488341 0.230118958629235 0.248849389776091 0.161561366528824 0.0979376174174215 0.17660584737353
"ufb303" 0.638525170532949 0.181453974115947 0.131670636308507 0.119426369486648 0.0646034367836522 0.136892099765646
"ufb304" 0.628964209831929 0.175260438351064 0.177989258102036 0.117007782936995 0.0606136680104878 0.129085454627603
"ufb305" 0.624344110961307 0.17386150101469 0.189977508776418 0.116205370945985 0.0622240507607919 0.126090206128365
"ufb306" 0.581401151541116 0.152476434149153 0.166284128048113 0.0984286812044142 0.0491999446386102 0.0993825358436176
"ufb307" 0.574760734441237 0.150670196296806 0.192332454640228 0.0992274378013607 0.0568073819088927 0.0915681280406045
"ufb308" 0.591558050832708 0.161755742741268 0.252922222713655 0.11025607462171 0.0625573036627669 0.094659144300614
"ufb309" 0.749730600624835 0.242305512250708 0.119865316842745 0.16597189492177 0.0809723990345521 0.204185392585626
"ufb310" 0.728922431135906 0.228387826951406 0.0960222582414506 0.156413001229444 0.0585189942099744 0.190780277365802
"ufb311" 0.590530312555005 0.156656835701576 0.296155860626294 0.108445888270306 0.0662230368899704 0.0892359355664911
"ufb312" 0.677407277299116 0.186499792903217 0.23651667271742 0.132213508136711 0.0714922455351626 0.132959436338742
"ufb313" 0.626801347239411 0.169612752785495 0.165806750018653 0.114586553745563 0.0541916711185192 0.123119475671833
"ufb314" 0.570126107702795 0.149596029875965 0.216387978152877 0.098340223741713 0.0581765211173318 0.0904192139106331
"ufb315" 0.564401165764201 0.149892074570924 0.240639549007466 0.10012095404504 0.0605003371840933 0.0868370007797207
"ufb316" 0.641374346541405 0.17816911061273 0.331459742731864 0.12545301757949 0.0646542916333803 0.0981472079865033
"ufb317" 0.633607865203182 0.172665655964732 0.142125445795604 0.115589352581318 0.0544036334405507 0.122954316222457
"ufb318" 0.667241145406766 0.178767615013892 0.349099518212803 0.126707408269564 0.077605844591299 0.11304687215228
"ufb319" 0.643057497996449 0.178170832150941 0.155318013112566 0.120592127634703 0.0565700725033306 0.128786646908033
"ufb320" 0.632938670754655 0.178382704327284 0.237777201072156 0.119492626550158 0.0720245882672291 0.121217915040152
"ufb321" 0.461148492948659 0.165642353163046 0.505614599919822 0.116755291671485 0.0476674349156803 0.0242618002006309
"ufb322" 0.641876285111278 0.187426285570817 0.240127582080135 0.13119269299368 0.0732222743188063 0.122321440180262
"ufb323" 0.652612392168583 0.182151711740933 0.143431050805447 0.125163057876366 0.0490954224652455 0.136323495383973
"ufb324" 0.67630170925786 0.196710346272294 0.15558846228214 0.136375364056801 0.0538268091786173 0.154027023242976
"ufb325" 0.757029683020872 0.249768053847045 0.0972137674307947 0.169477066124247 0.0726332191275259 0.21247640499763
"ufb326" 0.671853784945422 0.191576203996351 0.153800526105525 0.13218405114848 0.056636206622119 0.148620074947154
"ufb327" 0.634190204013821 0.183052446489858 0.107858904146794 0.119430781157281 0.060456900550848 0.138539202403303
"ufb328" 0.610906292432722 0.166888109924802 0.18006012715823 0.111573763135519 0.0565024467490909 0.116883367091283
"ufb329" 0.742720394092347 0.204113217548148 0.512998399809057 0.147775554989502 0.101622048366261 0.126512620789926
"ufb330" 0.635660062452891 0.181613447632308 0.0957323461593379 0.117566059401446 0.0528534744075406 0.138112764686294
"ufb331" 0.632286711737842 0.148977477729763 0.421233566193997 0.107490761800397 0.0699672089349954 0.0661240184800207
"ufb332" 0.651779499170043 0.191639823872591 0.215791715631172 0.129571219391433 0.0667903822777368 0.126953110643424
"ufb333" 0.582112087471735 0.134647437926743 0.300516888880873 0.0947341199251408 0.0568077542578835 0.0589250596330574
"ufb334" 0.813350682611479 0.214686309145686 0.662439745604323 0.168698874645234 0.106864042065408 0.110626746858902
"ufb335" 0.646560574948665 0.146607772291884 0.523352372569833 0.106836050677371 0.0703701899520016 0.0515569807873378
"ufb336" 0.600854515619679 0.146715645593103 0.511547100691219 0.10502331124944 0.0624461517460657 0.0336494944998386
"ufb337" 0.595298532170842 0.15812237103435 0.4382761170249 0.111340666237727 0.0663047919082506 0.0642664170332427
"ufb338" 0.631048212805557 0.173558209655987 0.165849202252757 0.115512231353874 0.0617975124098007 0.119096304053804
"ufb339" 0.585357425497339 0.15639889640448 0.0710279720005996 0.102301540740406 0.0368623845577762 0.113294053343122
"ufb340" 0.544588080026064 0.143816523059743 0.189774798026025 0.0947231398405878 0.0416303990169864 0.0874891848009234
"ufb341" 0.558941276730682 0.149579991676241 0.213497678503187 0.0991453215273525 0.0458377629543515 0.0904220624050631
"ufb342" 0.639382143821438 0.177288294785458 0.213824553118341 0.120636726884937 0.0711529677522268 0.125753739000244
"ufb343" 0.651937315263481 0.190804393180193 0.10673769046768 0.126417786210665 0.0623231435388469 0.147808652631046
"ufb344" 0.655118713775603 0.193647226862795 0.118555449145124 0.128087636569456 0.070010238927905 0.149730624098853
"ufb345" 0.722225903494706 0.210367887644268 0.4158294227275 0.157956536210517 0.0951328415508842 0.121951498801893
"ufb346" 0.661041068078203 0.180451159589721 0.355987673865197 0.130527096787339 0.0758151692040984 0.100484832798984
"ufb347" 0.72133006501119 0.195649926622523 0.320666641986047 0.143585262431054 0.0854892340290583 0.131287446398112
"ufb348" 0.640899769920996 0.180610542903372 0.131645929560264 0.119638252908195 0.0652531959530312 0.13708910266903
"ufb349" 0.740159271899886 0.193953313186958 0.537187732107283 0.150834144312189 0.0865974353271714 0.104223620887837
"ufb350" 0.680682882023564 0.178545906293223 0.476924292388862 0.133211122397071 0.08577998323524 0.0987396654007256
"ufb351" 0.717705062600164 0.220923232287226 0.0842038395851043 0.151715498485917 0.050981507601832 0.182946561749868
"ufb352" 0.73322473262979 0.188766188658171 0.507261753660852 0.143371219235983 0.0824317022940055 0.098459061955436
"ufb353" 0.688930431765312 0.208646722208143 0.107752963648701 0.141787133991581 0.0571890706680021 0.169295772557876
"ufb354" 0.555717903759984 0.16059280137178 0.606822020180108 0.116416557461799 0.0532761503663088 0.0190694165622224
"ufb355" 0.627293942929882 0.171430752917165 0.0945514890894036 0.108527990012273 0.0421210296924686 0.128331528227667
"ufb356" 0.685975496874214 0.201527216217845 0.0709727732154097 0.134904002187359 0.0447988970489118 0.162605081658548
"ufb357" 0.668631122770798 0.191274147830337 0.0709531643224816 0.127396622301843 0.0406111046076026 0.151696802337696
"ufb358" 0.526577247888723 0.145851423474055 0.630658105655393 0.110386245289866 0.0489213562649613 0.00184265409756471
"ufb359" 0.596926476496585 0.142023292872397 0.535319485864574 0.102229297661687 0.061578439620453 0.0283353721908803
"ufb360" 0.652435200668896 0.150164719037817 0.463774246507267 0.106898261333893 0.0719936554206327 0.0675679906492461
"ufb361" 0.618955597953769 0.162797210897652 0.276386171350095 0.111921270046024 0.0669283581911701 0.0956967980947065
"ufb362" 0.625165621411536 0.165898012377169 0.346011444427947 0.117620289662251 0.073363641906519 0.0929261114974832
"ufb363" 0.628342640242345 0.174046206088101 0.177964324112002 0.118371533987883 0.0601107073806417 0.129093159895386
"ufb364" 0.617626551387533 0.169934605052276 0.166045942316192 0.11309931578558 0.0579305563368597 0.121936238185601
"ufb365" 0.590557720884388 0.159017628075742 0.260327857105879 0.105994233374227 0.0647181392988191 0.0917854610135469
"ufb366" 0.596515810889101 0.163401196063098 0.307892810910545 0.111917800776299 0.0652101821147593 0.0901929548371788
"ufb367" 0.640608198607784 0.179100483146124 0.355276919432355 0.12661082893059 0.0678785951722115 0.0991692685229135
"ufb368" 0.643266824000572 0.17035963417522 0.414328217780417 0.123487839042968 0.0716032287823704 0.0777993124201348
"ufb369" 0.6682923313473 0.192697749203935 0.106314023815184 0.129072710655563 0.0462348957413075 0.15206240349672
"ufb370" 0.611230039684414 0.164555293151411 0.118517299859803 0.108947160503263 0.0496510639713642 0.119035473345055
"ufb371" 0.658647392283751 0.188586428198197 0.0947560534346406 0.128750259389663 0.0571908778046958 0.147135985396487
"ufb372" 0.571459547619665 0.146262491136182 0.190147815897328 0.0956295841635926 0.0540753603332063 0.0927177557432274
"ufb373" 0.779407687127824 0.192256720437957 0.537187732107283 0.145367586855049 0.0992985283728556 0.102103695588417
"ufb374" 0.652752364707707 0.17623422445986 0.497140160721448 0.128914258920829 0.074458730883459 0.0667302758643133
"ufb375" 0.569376013223561 0.142873165773691 0.499559180535904 0.100156442821346 0.0588130872328327 0.0292978592018451
"ufb376" 0.639597149864314 0.167979986943328 0.308931158789402 0.117502636211739 0.0761278607394957 0.101294965030925
"ufb377" 0.614631521390073 0.16646443688169 0.0829897553564511 0.112342710671365 0.0384509549682815 0.12501675396943
"ufb378" 0.577100141711182 0.155186813510145 0.0710261308641646 0.101494649934175 0.0405276284926523 0.111231662952666
"ufb379" 0.391194640215784 0.144946887720554 0.529855597850235 0.107126732851722 0.0460281632999413 0.000528150527712507
"ufb380" 0.723884508525759 0.226455820961634 0.153984438279357 0.152819752431866 0.0936279450155212 0.184365681119716
"ufb381" 0.539782823297137 0.143947239571725 0.674529126190556 0.112144962858138 0.0491753586327909 -0.000640338505054244
"ufb382" 0.658899405157729 0.174442499941556 0.378523541207778 0.124702235397985 0.0738065790236062 0.093955476848686
"ufb383" 0.641820937730589 0.182403616151113 0.230824789354905 0.12584036168841 0.0705451480141517 0.121642463999336
"ufb384" 0.660136212336488 0.184307976769229 0.355182702086747 0.1253709320276 0.0837532912013695 0.112826820692364
"ufb385" 0.588220762912489 0.139303738445759 0.336769043566923 0.0961486452183206 0.0575985297576754 0.0555084677367601
"ufb386" 0.637708862011008 0.145660768558899 0.594852176366598 0.109502353942431 0.0646762707167216 0.0324548388730488
"ufb387" 0.647142027169358 0.182653567018648 0.107591344613967 0.121250583522004 0.0450163623576612 0.14089961917193
"ufb388" 0.629028947737558 0.167702777523883 0.165784627699466 0.114142620238428 0.0509843366708658 0.122402932175957
"ufb389" 0.692085871965811 0.204177185788451 0.189646713057579 0.143805462134385 0.0695462560465292 0.161906742019036
"ufb390" 0.696847754774317 0.205465889804658 0.177691527885206 0.145919828196699 0.0655195567900566 0.164150400867332
"ufb391" 0.698616101205657 0.206379689625317 0.143496925971827 0.14476780072072 0.0519935499954199 0.165837354435445
"ufb392" 0.539828453001064 0.149435882280495 0.225702295497657 0.0955817586932225 0.055258683134812 0.0814925085968135
"ufb393" 0.65830020521942 0.185417648408987 0.179734416592791 0.128583732718112 0.0606118566483633 0.138295026696022
"ufb394" 0.727508888570894 0.19646786474265 0.368423738211366 0.147515807712158 0.085884002085066 0.126073566843868
"ufb395" 0.692754194180364 0.194603470384381 0.225692798216577 0.134355240194406 0.0788883282356467 0.138555935231524
"ufb396" 0.621755712969321 0.169946899261933 0.166186525016033 0.11298825498896 0.0604427331126789 0.121947812990644
"ufb397" 0.622238852481763 0.172493196058756 0.190020250584009 0.114621517306163 0.0621427284943913 0.120658275903787
"ufb398" 0.69491866808185 0.209507815780159 0.0947263537935307 0.142779399474389 0.046928862846006 0.170565621783416
"ufb399" 0.680256748106706 0.20236469872641 0.0947455123339754 0.136518429715286 0.0473049401342862 0.162701368251208
"ufb400" 0.711795150682785 0.218095468072799 0.0957715768674944 0.150696264583817 0.0597807107906658 0.179980956087231
"ufb401" 0.593367596866817 0.169008712086188 0.0831849121451276 0.108242355653055 0.0448315366006214 0.122425875580185
"ufb402" 0.63331649216536 0.172472392068314 0.190024799939641 0.118867305134885 0.0687837966290338 0.124648248964393
"ufb403" 0.70616157719186 0.189251117861006 0.404827619259468 0.135292076520019 0.0902678470935074 0.124449915369985
"ufb404" 0.672296782710241 0.193848650503621 0.177641669931947 0.135274108209425 0.0643177815915926 0.148698668813444
"ufb405" 0.68057704979963 0.203809405223226 0.095873541749459 0.137455386462263 0.0592644166735438 0.163742762861953
"ufb406" 0.624355201113959 0.152554692960239 0.600206209281732 0.113372998196957 0.0698435557934372 0.0400762068089246
"ufb407" 0.640152404314503 0.170389524241675 0.179705374579423 0.116131115316651 0.0593737688635743 0.125215306078667
