NaN 1 1 1 NaN
NaN NaN NaN NaN NaN
NaN NaN NaN NaN NaN
NaN 0.6532317 1 0.6947002 1.358225
1.035537 NaN 0.9187109 1.248502 NaN
0.8388731 0.7721039 0.6353163 0.6872058 0.1836234
0.7849254 0.3693528 0.6847001 0.7672759 0.5428987
0.7607884 0.4183799 1 0.9906806 0.6556866
0.7010794 0.3622924 0.8511377 0.5743046 0.6183896
0.5381149 0.4755286 0.4736106 0.3196026 0.4710512
0.3907623 0.341315 0.7956915 0.203887 0.3947857
0.5917818 0.4874068 0.4143092 0.4824715 0.6998706
0.7185995 0.5253303 0.4440449 0.352975 0.5512769
0.5365094 0.815519 0.2275785 0.4235806 0.6734361
0.4060565 0.2399861 0.5287089 0.3087726 0.2941316
0.4098063 0.4489696 0.2602549 0.3259139 0.4325627
0.2248627 0.2893708 0.2665625 0.2238253 0.2509539
0.2112353 0.3151538 0.2848779 0.2468296 0.3415143
0.1799139 0.1708905 0.3772067 0.2393175 0.2179251
0.2512488
