NaN 0.02635769 NaN 1 0.1484546
1 NaN NaN NaN 0.6224727
NaN 1 1 1 NaN
1 0.5083567 0.8680295 0.5759141 0.5732578
0.3385051 0.9639529 NaN 1 0.8270762
1 NaN 1 NaN 0.3244138
1 0.3333828 0.9088071 0.7966447 0.5424892
0.8073502 0.8206037 0.5386275 0.7751957 0.7011138
0.9360766 0.6190698 0.4925532 0.7806507 0.5268216
0.8642474 0.9615518 0.8866497 0.9452067 0.8422731
0.5256075 0.4864068 0.3666875 0.761419 0.7438741
0.6727218 0.4553414 0.8516458 0.7805692 0.4438025
0.9621501 0.7052286 0.4081142 0.9244348 0.605779
0.5204074 0.8552152 0.6185431 0.7140405 0.6962742
0.6983835 0.9528022 0.4817177 0.7684316 0.6467112
0.4641781 0.8860457 0.5689628 0.4512726 0.5992626
0.5613674 0.3583101 0.4411036 0.5871688 0.4623235
0.4549609 0.4400301 0.4102022 0.6017384 0.4129291
0.4235986 0.4380447 0.3812226 0.4242693 0.6206919
0.4432818
