NaN NaN 1 NaN NaN
NaN NaN 1 1 0.4946223
1 NaN NaN 0.4468417 0.6516979
NaN 0.4779721 1 0.6800739 0.7018086
0.5430253 NaN 0.5701736 0.583718 1
0.7144893 0.6782976 0.7202761 1 0.2708591
1 0.8272895 0.6201322 0.2972289 NaN
0.5465751 0.4077789 0.4033898 0.5063846 0.7219806
0.5493655 0.6696756 0.4644085 0.8695093 0.3963939
0.4321766 0.2695146 0.548005 0.4948533 0.3500867
0.3941319 0.2322286 0.3864009 0.2558261 0.2899141
0.3647302 0.3789202 0.1977145 0.1898167 0.3919421
0.291673 0.3443438 0.3018904 0.4350317 0.3481697
0.253444 0.2806648 0.2852341 0.3043198 0.1852385
0.176667 0.2530988 0.2355969 0.3942154 0.1517451
0.3111758 0.2756518 0.2165885 0.2530298 0.4117188
0.2668342 0.1616482 0.1441897 0.1364631 0.1701312
0.2015549 0.1765159 0.1480667 0.1617538 0.1663235
0.142637 0.2113757 0.1644505 0.2374155 0.1814212
0.2142467
