NaN NaN 0.9854514 NaN 1
1 1 NaN 1 NaN
1 NaN 1 NaN NaN
1 1 0.7794445 0.8018122 0.9340863
0.03137039 1 0.4782609 0.7127142 0.8249292
1 0.5067389 0.5380734 0.8406242 0.8938511
0.6612422 1 0.3650436 0.462677 0.9502132
0.819224 0.992594 0.8043143 0.5075673 0.4502429
0.9153707 0.903867 0.1312347 1 0.6481055
0.9673273 0.8916121 0.4120143 0.5990469 0.8838141
0.9245649 0.7840507 1 0.8267421 0.6250712
0.5304468 0.4935327 0.6747277 0.7319212 0.8201649
0.393742 0.8540031 0.4841199 0.6106919 0.7464675
0.6687217 0.3851391 0.4302935 0.6519711 0.6080135
0.5096829 0.8634804 0.6817776 0.4667861 0.3875067
0.4928725 0.7959695 0.5695658 0.4213637 0.5632123
0.3860765 0.3865248 0.4174433 0.3022537 0.3716642
0.3775657 0.418924 0.4670857 0.3360435 0.4263726
0.5783232 0.5169757 0.3851259 0.3824032 0.3968221
0.4631536
