NaN NaN NaN NaN NaN
NaN 1 NaN 0.8118422 0.673969
1 0.06047766 NaN NaN NaN
NaN 0.9652254 NaN 0.8021111 0.9861306
0.9129231 0.0622899 1 0.5325828 0.5076046
0.9299867 0.7261105 0.5301641 1 1
1 0.7054559 0.7962539 0.7408829 0.5210928
0.8479957 0.3681868 1 0.9831933 0.9999189
0.3206327 0.6878638 0.7599599 0.5398678 0.9955471
0.6765083 0.6732158 0.384199 0.5696501 0.5927288
0.7042593 0.7324438 0.89399 0.8980159 0.7482144
0.5677711 0.448822 0.4191092 0.9106793 0.7166765
0.3655335 0.3891313 0.7878966 0.5810367 0.4133504
0.3077218 0.6845406 0.281228 0.4231334 0.3400905
0.4507183 0.8388997 0.5574001 0.4850394 0.7528744
0.5266794 0.4863736 0.397133 0.5396742 0.4792468
0.3575285 0.6859408 0.4361451 0.3801712 0.5644903
0.7314086 0.3613309 0.4860076 0.4262545 0.4789701
0.4502715 0.6075222 0.4250119 0.4241911 0.4517876
0.4668293
