NaN 0.6516979 NaN NaN NaN
1 NaN 0.3057979 0.835066 NaN
NaN 1 NaN 1 NaN
1 0.2525826 0.4010091 0.4019137 NaN
0.8412596 0.4013389 NaN 0.725599 NaN
NaN 0.4066235 0.5701736 0.7360579 0.4914012
0.7080716 1 0.5063027 0.8654058 0.3237005
0.478981 0.322673 0.2614816 0.4419774 0.3074397
0.5829956 0.5448738 0.4183252 0.2369626 0.3723647
1 0.1803381 0.6505217 0.2965582 0.2704907
0.2233979 0.2995379 0.2432922 0.2471242 0.270269
0.2946803 0.4043049 0.3148858 0.1913923 0.5348766
0.2824048 0.3257976 0.4453186 0.29853 0.2365634
0.1912527 0.3425186 0.1632264 0.2910816 0.3964579
0.223161 0.2314329 0.2232615 0.2494278 0.2203257
0.2546897 0.1953692 0.1802457 0.2148629 0.3405433
0.1667684 0.1632379 0.2606045 0.2161917 0.253739
0.2209627 0.3764358 0.2025135 0.1740727 0.2687496
0.1588677 0.1485571 0.2031619 0.2873925 0.2526441
0.1908947
