0.6516979 NaN 0.4898692 0.5382465 NaN
1 NaN 1 NaN 1
NaN 0.5224825 1 NaN NaN
NaN NaN 0.8311983 1 0.4024702
0.6119528 0.3217992 0.3085502 0.7211621 NaN
0.4297567 0.4344468 0.7018086 NaN NaN
NaN 0.536417 0.4772625 0.5716806 0.2525826
0.5731373 0.464796 0.4938522 0.5535333 0.562629
0.1561358 0.3793857 0.2382672 0.4598446 0.3709766
0.4064397 0.5039736 0.2491883 0.1556045 0.433322
0.2465009 0.4196394 0.3088937 0.4240408 0.405549
0.5514699 0.2848285 0.1877298 0.2906994 0.2375479
0.1413736 0.4540834 0.5940299 0.2798709 0.2527407
0.4077646 0.2589247 0.3354762 0.245875 0.2235923
0.1692682 0.2712826 0.3511206 0.1725356 0.1596265
0.2181642 0.2806767 0.3385653 0.2727091 0.4929485
0.1669474 0.161631 0.2137183 0.1808031 0.1413851
0.1635683 0.1793702 0.1857629 0.1672473 0.1718407
0.2529923 0.2837857 0.1143799 0.1690284 0.1564652
0.164793
