"quartet" "wQuartet" "cluster" "phylo" "mutual" "shared" "clusterNorm"
"mb49" 0.83117202670096 0.865162698825242 0.247746720150386 0.689493463012373 0.191118460114352 0.122030370736996 0.150476649353347
"mb50" 0.65 0.764211934309281 0.218612558286563 0.649900880578345 0.159650334716901 0.0756308157009344 0.0916128133040088
"mb51" 0.829394728902625 0.86440000863763 0.257070599944163 0.615678739531428 0.195660469528573 0.127808338539721 0.175787479925363
"mb52" 0.772151898734177 0.843664485425342 0.246766769680574 0.771952798509578 0.197609173020728 0.0947238646268635 0.123919151233035
"mb53" 0.604253399800922 0.667396433283939 0.191640919534011 0.123174845830099 0.122703293769583 0.063406170926481 0.1520471185063
"mb54" 0.801281329846639 0.804250818953287 0.215014868497115 0.652074319149332 0.163532424631758 0.0983596963753122 0.113650889382993
"mb55" 0.74462311307434 0.775902166244219 0.20953711183695 0.602796453252111 0.158350931600821 0.098817810513436 0.107410589654406
"mb56" 0.715057233712282 0.736022358799029 0.208621932571377 0.465123914239788 0.151604881526969 0.0964243648055139 0.121921786596474
"mb57" 0.829615851668782 0.848474184304459 0.208685150355569 0.703559972451605 0.159272326746815 0.0944722208868678 0.106788825476723
"mb58" 0.925925925925926 0.958378731749837 0.238949610908883 0.925849153309 0.195729080436417 0.0992493717133722 0.115701100262252
"mb59" 0.666756162682188 0.712963482358221 0.197745471254652 0.334868405697458 0.140097100235509 0.0923090465245079 0.11007646074486
"mb60" 0.597760519383413 0.668533383926605 0.185554546854729 0.172630235329383 0.120978039455709 0.0858587058087703 0.134725414552221
"mb61" 0.802469135802469 0.85141012124407 0.213594477538105 0.802325293909808 0.168930055918612 0.0817051460908138 0.0862398229751336
"mb62" 0.817806443560314 0.84091614514534 0.249543468141634 0.530091103167184 0.185328974440081 0.110723480135253 0.177080875960734
"mb63" 0.60280178139698 0.665384282777843 0.19060766903686 0.123155466524417 0.122452079624681 0.0606585785026399 0.150723511939886
"mb64" 0.749834077674832 0.766680343016415 0.22801649634794 0.394703917979114 0.160693127815533 0.0944255055878018 0.17085960950045
"mb65" 0.8 0.845449191912583 0.219542789809672 0.799802461706647 0.176035988280843 0.0869464803624381 0.0928985820109445
"mb66" 0.595734354310766 0.666452625150467 0.18090176698533 0.135632724036415 0.117672442834775 0.0814493310135469 0.131888063145561
"mb67" 0.685379641409233 0.665460528710694 0.180332295692116 0.344238001172978 0.119683196235993 0.0731503427471427 0.109195448460482
"mb68" 0.603547718702944 0.658814752753086 0.188735991652808 0.135324027118518 0.12164373930663 0.05676305766542 0.148412328511358
"mb69" 0.728395061728395 0.724043246953836 0.174865922853671 0.728235332304616 0.134247792371837 0.0639769120654411 0.0412393620506225
"mb70" 0.750152803688943 0.737239983019299 0.173466915543803 0.555354430935204 0.12464576417026 0.081927028469456 0.083307086420193
"mb71" 0.598124571718438 0.650185539330539 0.177583532838786 0.11106910433995 0.112151396945007 0.0509830338711295 0.137295662834533
"mb72" 0.739436048036862 0.746027208818301 0.199128728011998 0.456309808589633 0.13469738100366 0.0899586842451282 0.121962231954217
"mb73" 0.691214196839187 0.690990096029381 0.188919719733443 0.497211793306993 0.131619209026421 0.0748331508687346 0.0838019472299039
"mb74" 0.7125 0.762669962917182 0.205643066016358 0.712525655542861 0.162004980760949 0.076077868719231 0.0760272217700273
"mb75" 0.716049382716049 0.774273729998446 0.189840141621536 0.715876857856116 0.142600214782056 0.0682925621468436 0.0586385847179538
"mb76" 0.6375 0.754696475702531 0.21923298692165 0.500493845733382 0.168353396916618 0.0779115938395598 0.0923787879958538
"mb77" 0.59758772130406 0.651422532061379 0.185459160613673 0.110700503553203 0.118807319391765 0.0529496332360688 0.144506954502543
"mb78" 0.737651224217545 0.732486151840991 0.191180537976513 0.457790954998338 0.137847699561604 0.0752344206586455 0.102766143988469
"mb79" 0.787013322152259 0.812869830371136 0.2385820746758 0.47995610976315 0.174866078791885 0.106708262271872 0.172334274523798
"mb80" 0.66115557079145 0.639774550774273 0.169920646523602 0.311223679117602 0.110709645992053 0.0678882336429751 0.103794239705195
"mb81" 0.827160493827161 0.899435159843941 0.239844054185303 0.824950440289172 0.192546900607685 0.0948787185265514 0.116740394396456
"mb82" 0.627425818415611 0.625373953827286 0.177621795005615 0.233661569796519 0.117155763211167 0.0659481494032085 0.111942286819788
"mb83" 0.79746835443038 0.824862637362637 0.189874670972494 0.797465696693582 0.151960633912178 0.0695128644911053 0.05738740182977
"mb84" 0.599060276601241 0.623993761398342 0.178316677630955 0.122977321193407 0.109727268323851 0.0524184386779542 0.133634609597381
"mb85" 0.835680306283186 0.796335734419042 0.200717096428012 0.65404781557001 0.147659304536497 0.0849205645892253 0.0977947382174024
"mb86" 0.75 0.722476745800361 0.15128326336111 0.749876363429165 0.111868270962986 0.0491858999556834 0.0138555336085215
"mb87" 0.839506172839506 0.857196436943272 0.17399639901413 0.839400717255308 0.134184444395758 0.0654651827353445 0.0402290229382284
"mb88" 0.714560349604443 0.710546702921116 0.186193200268989 0.430114404883647 0.13016230513653 0.0738952436156166 0.0972033047584759
"mb89" 0.696500938084063 0.716688043323358 0.210448722523382 0.487825693472045 0.156185664152078 0.085432734846081 0.108015888238015
"mb90" 0.62962962962963 0.619801283742196 0.167270062852445 0.62955019197404 0.123153855880878 0.0556373254018248 0.0324133884515974
"mb91" 0.633716792428502 0.670735254106897 0.173136903139479 0.247846117181929 0.120015466785867 0.0685098687971576 0.0935792429517754
"mb92" 0.759493670886076 0.773239680887964 0.184830179247239 0.759455403390898 0.144387322681621 0.0692093237604464 0.0497715227179145
"mb93" 0.623973012821756 0.658241379077052 0.161802642686468 0.235352510382313 0.110032159609481 0.0660433555634706 0.0890833909301386
"mb94" 0.641975308641975 0.663461538461538 0.170563314930329 0.641847781336732 0.11965277421024 0.0544497141372225 0.0362399671259875
"mb95" 0.755553459928952 0.774419747975263 0.212340343144482 0.577421578936642 0.160623666300552 0.0889129911907664 0.110305494184082
"mb96" 0.805501156482036 0.803209327106904 0.174919305588718 0.728210565268873 0.134083810176809 0.0834068622618717 0.0686750078521426
"mb97" 0.770776514126459 0.760653702937526 0.197011568196102 0.506134924886275 0.138014382612272 0.0816722514066931 0.109291422266154
"mb98" 0.748327692019058 0.670757285019412 0.138667298804625 0.660446368506912 0.100935319577054 0.0608655752899293 0.0270090032044132
"mb99" 0.765432098765432 0.763371801304566 0.15660056813467 0.765371640735924 0.119769611034332 0.0554119228316845 0.0200160195323678
"mb100" 0.684144188238441 0.704799709132752 0.199188263948938 0.283149556410202 0.13489041703648 0.0745023310606491 0.15122183340634
"mb101" 0.576812777959299 0.638762996107767 0.167667679039655 0.11108952618559 0.105381949434841 0.0660565111543132 0.122447059876763
"mb102" 0.641291347301782 0.662609730976027 0.168051373484759 0.272630728900122 0.115669216096137 0.063910643054398 0.088004402742889
"mb103" 0.762740004253663 0.73144515150516 0.169491666093129 0.604746629935473 0.118761884521799 0.070885037495199 0.0625484600552424
"mb104" 0.634346218793251 0.617425274405589 0.156918398647388 0.298031297139376 0.101825393026182 0.0597358501429395 0.094491335141051
"mb105" 0.629123880557187 0.636952959028832 0.182658167988707 0.172085659612038 0.112899281132815 0.0612853951540429 0.133656461491156
"mb106" 0.603807197253843 0.653109001336459 0.179832235878522 0.172602657669318 0.116252167958972 0.0792586066123262 0.123016055798747
"mb107" 0.571809550506768 0.640227748122481 0.168241899116043 0.112381481787978 0.105657827138662 0.0674333464238079 0.121767863358472
"mb108" 0.591285166391536 0.63035544795172 0.167213944672232 0.11121225917974 0.104933555315518 0.0503096629929476 0.125357053167683
"mb109" 0.724582268277078 0.724644293921828 0.188916391840006 0.419108351237284 0.126587632405819 0.0824660669973845 0.118478995418372
"mb110" 0.606352093857738 0.659965979562311 0.180167448048634 0.172688078152994 0.116676921818632 0.081762165604117 0.12646656544364
"mb111" 0.775 0.861268472906404 0.230605474597419 0.774777769419978 0.180354284029449 0.0899864726061138 0.105267617819677
"mb112" 0.749621079194125 0.761322922762893 0.191591190341819 0.506054567029632 0.134601575008646 0.0807530598601876 0.103196653071488
"mb113" 0.717802060722712 0.701306450599837 0.166515122903862 0.592456495401348 0.122753861186646 0.0759785100529925 0.0591886322454914
"mb114" 0.592882513354274 0.636640833439207 0.169594462406082 0.112612766955296 0.10699727286871 0.0485148792111243 0.128315280954847
"mb115" 0.827160493827161 0.813242784380306 0.169100789423103 0.827042242806808 0.13468169602273 0.0642378644290879 0.0345405925308006
"mb116" 0.76386271395504 0.765859814156246 0.225269441275874 0.407207371595177 0.157585553936629 0.0871890589754136 0.163474084549564
"mb117" 0.691593066042169 0.710149664377146 0.184335327252976 0.357232979943027 0.122001685445452 0.0807082075180856 0.119406431675674
"mb118" 0.595400101912559 0.643785971372178 0.173962218297979 0.112652375230252 0.109841021500726 0.0494823076789966 0.13325488196755
"mb119" 0.6052144556579 0.589316008489985 0.15777466780371 0.147326033435805 0.0991706165160066 0.0510715156923025 0.105126688002969
"mb120" 0.591897096882993 0.656820428671892 0.179329027035407 0.160286863934748 0.117483713153499 0.0809047317100087 0.125573225961638
"mb121" 0.721518987341772 0.663675380413578 0.147268385226398 0.721382689763361 0.109347229423679 0.047626905036269 0.00920902711448767
"mb122" 0.622694338070523 0.602436985617952 0.151299923604648 0.269647341319968 0.0976152619459446 0.0632696554415681 0.0956319847806429
"mb123" 0.725 0.803629084334237 0.221476611575611 0.724851671142496 0.170839425348462 0.0833279949365215 0.0946516216195135
"mb124" 0.651384621803676 0.672205208647379 0.193296489873805 0.207965949437904 0.128335186758148 0.0680654670568258 0.142821389082845
"mb125" 0.692207286147911 0.710198168365499 0.186236549615515 0.36956650206867 0.123851425690353 0.0823618197281549 0.11556642612701
"tnt1" 0.660014165088357 0.710783134140798 0.201134375054226 0.385203432370383 0.14721959851095 0.0889718519329513 0.0980170847282554
"tnt2" 0.599132146830326 0.631367468409095 0.168763705921043 0.185759949546226 0.111504749933522 0.0681512203313589 0.10261980284714
"tnt3" 0.612162731318723 0.642946612421714 0.178601477548441 0.147580888438048 0.113737213554819 0.0563085025314979 0.13506049748385
"tnt4" 0.62580960535977 0.600255648013052 0.16009323856107 0.208388772473493 0.104348358921676 0.0583299703420391 0.0979905821231077
"ufb1" 0.717019041732395 0.748836307214895 0.17400109573564 0.605933049949634 0.12822447940327 0.0742978764648266 0.0670482956204714
"ufb2" 0.711387511270994 0.743771943086563 0.167121380516795 0.568160427226194 0.120759916762377 0.0824504311556507 0.0759169261193321
"ufb3" 0.658739417019765 0.634473511572502 0.164450999201283 0.31978467664292 0.109231158633581 0.0662956080007535 0.0979468576086327
"ufb4" 0.6875 0.719739067407586 0.186941177151158 0.687191346416636 0.142821770142501 0.0671244242331342 0.0550067300488672
"ufb5" 0.593314446804173 0.646792539161024 0.177086902518141 0.111075348514456 0.111544454911879 0.0514007837339481 0.136921521328493
"ufb6" 0.59147070315576 0.637701170695715 0.170139389751676 0.124632348308571 0.108314565822677 0.0494653972546922 0.129238368008878
"ufb7" 0.591433643089085 0.634239171058613 0.167859082544416 0.138845317457103 0.107477417330824 0.0481517479680001 0.126493918677649
"ufb8" 0.589314102220888 0.628166648642115 0.165428709276338 0.137064604580051 0.105303737186604 0.04996354327558 0.123482326585802
"ufb9" 0.601151389684283 0.654988047601431 0.18466049448064 0.110749363882344 0.118634485153392 0.0478848852907705 0.144483280438092
"ufb10" 0.71280340110788 0.720334012902505 0.186589267057617 0.549842625862235 0.134800640367162 0.0837668565841532 0.0818476912599681
"ufb11" 0.681509602627249 0.6575722655933 0.166623716934773 0.410446273803969 0.117103932320459 0.0571007816628798 0.0753537465452094
"ufb12" 0.777433918841851 0.793973731650785 0.23453453163826 0.442861149351001 0.167910202671414 0.0990490177498671 0.173478192571183
"ufb13" 0.564590965372837 0.620908537301663 0.161603171168978 0.123196383480694 0.102157956603542 0.0567288185148952 0.118843256197887
"ufb14" 0.581417575981575 0.619063187537807 0.160258854591975 0.147698083845487 0.102174372226662 0.0575780751680704 0.11467729906311
"ufb15" 0.588787181763643 0.626033126058876 0.163836499926619 0.137011976267208 0.103791703867228 0.0493345611373086 0.121213660868276
"ufb16" 0.660637946467274 0.662166775857455 0.185173099537359 0.322403499919192 0.128411575681136 0.0728991397150872 0.106427991675665
"ufb17" 0.71030520223949 0.709405462369369 0.181770071614426 0.508471231933726 0.132394740201235 0.0649886295162705 0.0761132406211626
"ufb18" 0.702450858311027 0.675140769890943 0.15624442256924 0.468962957312988 0.110478648804964 0.0707435897775316 0.0751812017043645
"ufb19" 0.590968234382079 0.535019073569482 0.139703110709634 0.305128365143637 0.093347498222277 0.0581533327186789 0.0567462474909425
"ufb20" 0.577529228078973 0.557954730952373 0.147488788676333 0.184249378145965 0.0955792413325205 0.0511935003176942 0.0883022166479232
"ufb21" 0.591965373301436 0.596499672292315 0.165620393418879 0.122930651603912 0.102112566082152 0.0444836303669946 0.118928005993075
"ufb22" 0.5625 0.643927046953822 0.200374517556595 0.562376100722931 0.148508285134365 0.0680203903716989 0.070456311078996
"ufb23" 0.6293655861812 0.602553900772668 0.154937938693075 0.273879559148629 0.100361101650834 0.064742590189844 0.0924124439542306
"ufb24" 0.626935925764684 0.538183781594844 0.139672272224099 0.437255271978404 0.0912359507184465 0.0516924957502484 0.0284306014834801
"ufb25" 0.587447923028806 0.628332582150169 0.166017622518608 0.126116655876886 0.105206336140394 0.051163914643129 0.124560920915715
"ufb26" 0.646538776123882 0.623351268166915 0.158932750143055 0.302549815957731 0.105410272975668 0.0596267490633168 0.0918953311367289
"ufb27" 0.617574253886696 0.592000112687695 0.149891460734981 0.261646019996031 0.0981155386105481 0.0588615754560936 0.0869176791437885
"ufb28" 0.597524221665263 0.659302684697006 0.184963330010201 0.0986790066969624 0.119834967610322 0.0510100956934964 0.145185100231373
"ufb29" 0.594798608348045 0.650504269007027 0.173214124880136 0.162030357369215 0.110206550205197 0.0704681622018116 0.125523085821079
"ufb30" 0.658227848101266 0.587982832618026 0.150597132883707 0.658157041575262 0.110101424601436 0.0465143680801906 0.0122855194739613
"ufb31" 0.769504176931462 0.693914038475291 0.179868394770287 0.512118178854365 0.123131441027688 0.0709111562897329 0.0902698391032749
"ufb32" 0.595189984198091 0.620264194750266 0.17241987165027 0.135435470701698 0.106614392901748 0.0485061516059905 0.128515827067665
"ufb33" 0.570831775257896 0.628580212784647 0.166458193953914 0.112170017105068 0.102558135156809 0.0514806262414935 0.124544620188301
"ufb34" 0.744910970367649 0.666703164349064 0.164767122249254 0.512118178854365 0.114703789559886 0.0663160146067489 0.0734199330070996
"ufb35" 0.651099652097805 0.688887023199843 0.192453037281387 0.471546961272329 0.139057958085488 0.0798225804700038 0.0882151629678392
"ufb36" 0.654568073834999 0.614055320969512 0.150354637258153 0.334297480725722 0.101424457763488 0.0657521053009981 0.08254760771185
"ufb37" 0.559312876608312 0.606228687921825 0.160867454013658 0.0862227318779219 0.10170282452328 0.0529447555355656 0.118663468687368
"ufb38" 0.578844828452989 0.635975802446842 0.166093574235667 0.124703638933951 0.101703625697847 0.0595008817291306 0.121889058417547
"ufb39" 0.625117383353523 0.598386676837485 0.151466207427015 0.282792711399063 0.0984997016092716 0.059976343537662 0.0887584393031274
"ufb40" 0.59734169500106 0.651814360882957 0.174686598006562 0.187099850023742 0.112333735882802 0.0724315469826396 0.125267370931319
"ufb41" 0.675885498771657 0.692374041127958 0.191212003108028 0.283414315853949 0.129045585069272 0.0638703272771864 0.144542487636045
"ufb42" 0.574267660615809 0.637528727862647 0.165772269543016 0.135620387697505 0.102990533758369 0.0596592313185465 0.120449810570247
"ufb43" 0.595365328152635 0.643651801933981 0.168737204027451 0.162198739850205 0.104862066895069 0.0621106889427954 0.122292823363455
"ufb44" 0.734177215189873 0.677513614025767 0.142818250093666 0.733990367206068 0.106526484813002 0.0465383895268373 0.00323997056956127
"ufb45" 0.640613791442255 0.621294573858641 0.159642062493352 0.298952002706131 0.104708842639333 0.0650099469325698 0.0974906877967058
"ufb46" 0.629548654136411 0.602702565958722 0.15540317401906 0.268243464979034 0.0999912162129082 0.0668349628141317 0.0968078598337901
"ufb47" 0.714881795449152 0.671745970383257 0.151405307454338 0.468875097350473 0.107144581826486 0.0682633014136304 0.0698771720243415
"ufb48" 0.593390753269979 0.639648911702075 0.171361609642208 0.124632348308571 0.107710128029034 0.0498478273472189 0.13052056354587
"ufb49" 0.653087195676981 0.644380011865802 0.171629252663526 0.316699528895925 0.117779918158242 0.0644240192729402 0.0917835893037958
"ufb50" 0.622196970028066 0.66561383334528 0.186399701718029 0.17175679906629 0.123937712955352 0.0670176154112232 0.142186591703757
"ufb51" 0.614668982582137 0.644912406158986 0.177395367509781 0.160021343799922 0.114461998415406 0.0561578357243447 0.134703858174561
"ufb52" 0.664192040733954 0.694428797510796 0.192346263766065 0.462314003079663 0.139122997908653 0.0799361478018412 0.0880946071651904
"ufb53" 0.637801107848052 0.611110851470526 0.152286218916776 0.311379584511415 0.10112247812244 0.0616090078837389 0.0895645254624604
"ufb54" 0.619930330124438 0.648548891003192 0.161414812378619 0.312866210756196 0.11052436495546 0.0690084384654295 0.0885603082390365
"ufb55" 0.626944122333409 0.633126048216221 0.155979918732247 0.296539746138229 0.107318300899054 0.0540792613886996 0.0827555065558317
"ufb56" 0.61899442242901 0.635348129492628 0.151068316844986 0.271743893937101 0.103366337517325 0.0531638367245875 0.083516339907804
"ufb57" 0.609097402507808 0.591692249859031 0.153635527497164 0.183766770309468 0.0988096584919602 0.0532570420885957 0.0949935742131366
"ufb58" 0.676336518431087 0.679378112889749 0.174920563030262 0.344748907173602 0.117253210468336 0.0655776823571358 0.10326771886415
"ufb59" 0.649649995013884 0.672001965020628 0.172202514449758 0.295326718892618 0.114036030958188 0.0666993045173741 0.10630781740786
"ufb60" 0.681685923536322 0.697331103192495 0.190142313411494 0.331873536099145 0.129375013766835 0.0792840629920269 0.137028444510056
"ufb61" 0.569312199651596 0.649495577982421 0.171544073346323 0.149628947556319 0.110388734702649 0.067902120312401 0.123728143180076
"ufb62" 0.628166619870558 0.620890910651446 0.180484492221638 0.294316190196667 0.117352762101419 0.0694783882495558 0.101099501021889
"ufb63" 0.589331178560187 0.651271631277727 0.172776463431269 0.172108525081503 0.113373900398611 0.05457343389573 0.121149857350258
"ufb64" 0.64364899833982 0.636989061600461 0.162236352771922 0.34629425051692 0.115880308573163 0.0555815520324039 0.0816298825873837
"ufb65" 0.571670428010047 0.631458770755021 0.172854023149572 0.0986719328965218 0.11001667251587 0.0537353966512972 0.13248039140676
"ufb66" 0.570837422350372 0.596983384246997 0.158068724458629 0.110741205969134 0.100587346329493 0.0557761758298141 0.113456503575009
"ufb67" 0.575512214055492 0.629589782985779 0.164384576896559 0.147960826747009 0.103214987006174 0.065310692117982 0.117670570084171
"ufb68" 0.679012345679012 0.706739961759082 0.190901325538984 0.68737627586042 0.146782674540973 0.0692295407422974 0.0598716223512955
"ufb69" 0.591682958152108 0.638038794335158 0.171832030580911 0.123183554732655 0.108423662228621 0.0491682561837069 0.13141016552303
"ufb70" 0.627478475073403 0.610712398816846 0.152248098216363 0.281098033148462 0.0998428168464456 0.0618891987379957 0.0934338953823905
"ufb71" 0.787308361244917 0.704683266675268 0.188914601241526 0.574657549936796 0.138458404688436 0.0728492930169727 0.0842441141564001
"ufb72" 0.6125 0.494549499443826 0.144799412388259 0.612363842148341 0.10056236088014 0.043519879506161 0.0055352653827682
"ufb73" 0.587172282941775 0.641382508819078 0.175736433270197 0.11216463861255 0.11387373067008 0.0490807235745569 0.135554251278297
"ufb74" 0.679012345679012 0.721800433839479 0.202739786732358 0.674988617112857 0.156247886323413 0.0739299081369056 0.0736272663374851
"ufb75" 0.559398481071098 0.615155021272674 0.165204346822706 0.110820130239761 0.105806654724115 0.0591180609175063 0.124055021605277
"ufb76" 0.554674197426765 0.604175247375559 0.160708581822494 0.112172723678733 0.103083852298202 0.0602678478123058 0.118981076517732
"ufb77" 0.558705767293756 0.614276816029671 0.158661611165441 0.124678048517577 0.100574359763649 0.0581368820971813 0.115011734713795
"ufb78" 0.7625 0.820870128817954 0.200259023891872 0.7623887095725 0.154135580459734 0.0731642323272192 0.0697646612672558
"ufb79" 0.65915297117567 0.697494553376906 0.184766038454757 0.493449568786932 0.135920473010697 0.0800770126262932 0.0799462987048404
"ufb80" 0.716049382716049 0.555634301913536 0.130859650297719 0.715939126811688 0.0966786111333255 0.0431062228626321 -0.00989351819041024
"ufb81" 0.701304670155469 0.578014184397163 0.133711160301589 0.574872783636304 0.0930504497984045 0.0529802141263978 0.0217868398175232
"ufb82" 0.790123456790123 0.809802597012685 0.188219779509531 0.790027704547116 0.148694342994976 0.0698316399549434 0.0567558126264327
"ufb83" 0.810126582278481 0.82461683248185 0.202362521801932 0.810010953811435 0.161126944940912 0.0780535382190032 0.0721357822432653
"ufb84" 0.59438772531299 0.65407135147142 0.183425675418404 0.110726395432661 0.117919589544098 0.0464050587630398 0.142838064411885
"ufb85" 0.611301377132828 0.587755242063053 0.145075282708815 0.273884094311991 0.0940482347167576 0.0587447929060938 0.0858042979989807
"ufb86" 0.619153357543406 0.577721071416658 0.151605137434638 0.381819647041381 0.103481496114135 0.0571264575007475 0.0586247703765995
"ufb87" 0.599273818579836 0.642875639282709 0.156355516601435 0.358963885159254 0.105699241822436 0.0635575338455509 0.0641634822388924
"ufb88" 0.599799785671597 0.64980716577855 0.174857112126747 0.421772596407713 0.123037924939016 0.0643901819488435 0.0683479620616007
"ufb89" 0.6085660514953 0.629162053791551 0.1773708141364 0.256787221615112 0.120530556586976 0.0680254382085076 0.0980785730045748
"ufb90" 0.690980344229257 0.733094030387798 0.209196013622616 0.283213780074639 0.143870375423059 0.071042907423277 0.154336231014645
"ufb91" 0.641812494347145 0.600080845806551 0.150638735573553 0.283038811616538 0.0997469554074058 0.062597360457959 0.0829570023170766
"ufb92" 0.602674679061458 0.638105808906769 0.173442412689416 0.240522828528048 0.111466440842548 0.0739600718110598 0.11239963323283
"ufb93" 0.608392728773162 0.656929680001449 0.175385873418132 0.338062229762228 0.119801490786696 0.0702727625742898 0.0959570664273346
"ufb94" 0.675921601373817 0.66419096422664 0.170274420160614 0.337888014267638 0.118048747330927 0.0652887571322198 0.0902562775478039
"ufb95" 0.91358024691358 0.801553062985332 0.143535271100544 0.913551563946308 0.117559571776762 0.057674115799273 0.00483485944410771
"ufb96" 0.596776845525186 0.654415138032231 0.173886847116068 0.176771414846413 0.111942353355426 0.0687130275589456 0.126206134652254
"ufb97" 0.665638107218881 0.609170860657821 0.155225918508026 0.415660049649212 0.107411401230472 0.0592250341710673 0.0626423732226022
"ufb98" 0.707282162808881 0.724313647573076 0.20892001859764 0.299496933013955 0.14283054714097 0.0736438127508874 0.153985498372058
"ufb99" 0.62771730795294 0.634950294736418 0.181232209974384 0.260698769822605 0.121046325325271 0.0691143708667346 0.110020701910763
"ufb100" 0.600790081771255 0.667029281472871 0.167086043596703 0.271027115083592 0.11275085070418 0.0767536838343129 0.105517724329847
"ufb101" 0.582278481012658 0.6236984188199 0.1857400700931 0.582163129295232 0.131515387889751 0.0580570423201256 0.0525760446679567
"ufb102" 0.593217719951111 0.637990359852853 0.171735234045936 0.126173348978126 0.107720430622001 0.0525356554428442 0.130918151407337
"ufb103" 0.55 0.632552989560266 0.198012881946739 0.549925397727525 0.146807129391871 0.0667888899283223 0.0677109715108211
"ufb104" 0.580355124940876 0.623760069380024 0.175607934779145 0.110599443719026 0.110048307609657 0.0537742918430205 0.131873020484893
"ufb105" 0.790123456790123 0.662009178990311 0.138411298213125 0.790150858588495 0.1077854158898 0.050581639138495 -0.00111891661537453
"ufb106" 0.622435080922696 0.577652836392018 0.15554272663052 0.269761702205962 0.103797753701356 0.0566420525299828 0.0821862612411124
"ufb107" 0.610686260305221 0.583663303103845 0.151510326750723 0.444060672254603 0.100955267261487 0.0557961722344646 0.0422516929204549
"ufb108" 0.698948606798509 0.722972493722781 0.203189440362661 0.283222711851379 0.13856012572248 0.0629419626149363 0.144194383109983
"ufb109" 0.634566661409771 0.607089633373463 0.161562849629775 0.245207027556104 0.106231704182409 0.0561013829365395 0.0947831866205874
"ufb110" 0.647971874906847 0.657796836122301 0.171783105589542 0.295427088940339 0.108879517308404 0.0694836980295303 0.105855022580348
"ufb111" 0.750771892114452 0.685401028928059 0.173006270481358 0.479329510246719 0.124105105741048 0.0701364861886064 0.0826051947649333
"ufb112" 0.702581008776747 0.616768177714802 0.15244747473061 0.435572308275485 0.106522820874914 0.0654096462492674 0.0707101142264517
"ufb113" 0.667023273296643 0.607092988463712 0.148316726477142 0.386549147611707 0.102069856564237 0.0674554178219095 0.0741646184794766
"ufb114" 0.691774372110497 0.667288576234898 0.160840209699642 0.567524607588003 0.117724002178788 0.0706807900443865 0.0527829697070757
"ufb115" 0.654320987654321 0.639563708477938 0.164059629129785 0.654206255785233 0.118368493930701 0.0538272364566184 0.0286830401733194
"ufb116" 0.594769992555885 0.627962757026667 0.173911496522879 0.147439683647317 0.108563211993278 0.0564873937606595 0.126205332258882
"ufb117" 0.600353696809217 0.569082243270024 0.154279522156553 0.235123347934288 0.0977919768044433 0.0540930263576544 0.0868824623636277
"ufb118" 0.6875 0.504889455782313 0.126754975102584 0.687377676960335 0.0952490390710964 0.0415717066885537 -0.0146444766917261
"ufb119" 0.802810726613671 0.809901883387843 0.236605651312288 0.504565872963634 0.172325256794271 0.10381513407757 0.163097006349812
"ufb120" 0.799306735732827 0.805586790554536 0.238339373258207 0.466823917374339 0.17092477676399 0.0993198068822299 0.17207045666742
"ufb121" 0.58458036973083 0.621510974178113 0.164712596713011 0.123079715876101 0.102749174194065 0.0527271372916519 0.123190739351462
"ufb122" 0.584185861648362 0.619626816935526 0.163505950628037 0.137090148274382 0.102176855283076 0.051594133507128 0.121462690603729
"ufb123" 0.616489030287735 0.629800672597331 0.179811901321595 0.161740840360049 0.111215319458733 0.0634989497392861 0.132417448173578
"ufb124" 0.760160641070994 0.756608464711533 0.218854701220417 0.428821790214807 0.154584638999011 0.0854377022390699 0.15105078071012
"ufb125" 0.560808083514556 0.606231004233062 0.159326169534395 0.0986433366040941 0.101429546189807 0.0536742622962234 0.117044426736742
"ufb126" 0.638562139417651 0.561104865906536 0.138702343979364 0.534919063870671 0.0968412949274801 0.0536679297750542 0.027178202106907
"ufb127" 0.644808032854108 0.619350444678509 0.155671831369245 0.300671755571782 0.102662029661828 0.0579330139101252 0.0822101700128091
"ufb128" 0.688859713742044 0.647141285828283 0.165428000190986 0.367472890321678 0.112221873682376 0.0613149052496604 0.0850125900309952
"ufb129" 0.6140399490795 0.646400311977155 0.180160226942335 0.161958933581595 0.117081246587118 0.0574447190090064 0.138345190459988
"ufb130" 0.597188219425217 0.640218289627307 0.16895336230705 0.184476032768223 0.109399533540974 0.0547555832750672 0.114517931774558
"ufb131" 0.644823850998684 0.616454006138938 0.164755877619464 0.294572883157572 0.110788973609654 0.0608773693815103 0.0921997418772286
"ufb132" 0.600676292264731 0.594256256130904 0.160773453118646 0.184088962101192 0.103113059218122 0.052675149441341 0.0985766790168936
"ufb133" 0.588613022126792 0.646314733950113 0.174979178358961 0.123183554732655 0.111630537453723 0.0499540629485661 0.134710921732581
"ufb134" 0.592314766193981 0.634646194762784 0.169801000340165 0.140579949755919 0.106680134568335 0.0511503417775606 0.128539640529167
"ufb135" 0.58652382411708 0.626766220500926 0.164932815891645 0.135401138320193 0.103005030836054 0.0563686408377546 0.122341771078132
"ufb136" 0.586186202297844 0.636617753061152 0.168823078413237 0.147540713066127 0.106324745444293 0.0567788713345999 0.123704588518009
"ufb137" 0.571139303213709 0.633900912856547 0.166401063521443 0.149706026151384 0.105055888529022 0.0669873523204581 0.118288294633039
"ufb138" 0.608403252750357 0.605398068950689 0.1725897167419 0.227674580008779 0.113485750178773 0.0599737338519555 0.100422570694524
"ufb139" 0.727172374057785 0.62237447038673 0.138820666309598 0.572519990809249 0.0949398707401457 0.0527587082389347 0.0273118452687382
"ufb140" 0.734177215189873 0.774628879892038 0.175961661940666 0.733927946881214 0.133518206794732 0.0633769570485376 0.0414245708811585
"ufb141" 0.777777777777778 0.791731097908358 0.197145299050464 0.774777769419978 0.157392166894612 0.0750933093774237 0.067126777838159
"ufb142" 0.649684871302676 0.609705383374022 0.159266631460857 0.321339594578202 0.108983148416224 0.0573108424314921 0.0783553329677038
"ufb143" 0.653445626181295 0.682670925005914 0.173612300546459 0.283006149236112 0.115752503792882 0.0650036545729454 0.112587211999276
"ufb144" 0.593293115874143 0.652341851744368 0.18145016424636 0.0983432612402707 0.116443609476964 0.0388248064527762 0.141114755826995
"ufb145" 0.690958565117142 0.618003846343508 0.155179621122885 0.410740213418743 0.102344795613343 0.063605255650931 0.0736761553752276
"ufb146" 0.69075294701043 0.626635505745295 0.150747189183236 0.417253223073515 0.100425633531038 0.0650217446009316 0.0769134000479803
"ufb147" 0.718273119750579 0.652854575615151 0.142293108460797 0.592386171652329 0.10305667673085 0.0599154432640468 0.0318475884375409
"ufb148" 0.704016475579778 0.630864679197362 0.145217765355034 0.44421584640758 0.0996185047415468 0.0681289046048225 0.0711537364221284
"ufb149" 0.694493820698638 0.629254699007592 0.146904825328164 0.419667604817122 0.100268122228368 0.0664810075009883 0.0790973484835827
"ufb150" 0.62191107501673 0.586757280476647 0.142591636641064 0.234819802827793 0.0941749536196901 0.053514385939184 0.0863985696604775
"ufb151" 0.595399560071469 0.583958236192253 0.153829316219854 0.122768945064968 0.0950463700317718 0.0480626148336962 0.106524482255231
"ufb152" 0.669714172263712 0.620147676093018 0.147405282633513 0.493643152885217 0.10191884641954 0.0516762372183009 0.0376180489555399
"ufb153" 0.605682026650615 0.578913192990275 0.145966579093945 0.248929450095499 0.0944055231402107 0.0604453492787299 0.0867573869763083
"ufb154" 0.610382334165937 0.656534914790316 0.174608567725561 0.31154602772784 0.117686461911249 0.0764955820561337 0.102837251201823
"ufb155" 0.7375 0.615707739307536 0.128761911284283 0.733927946881214 0.0931070887084417 0.0427667936636731 -0.0123125690898792
"ufb156" 0.622412742046384 0.60590880785996 0.160676677134181 0.247553543612856 0.106766678587007 0.058805710575634 0.0876169660360277
"ufb157" 0.7125 0.707224334600761 0.156698635705306 0.71240096814709 0.116528504837125 0.0524346472253185 0.0197770512731283
"ufb158" 0.675443847751697 0.63320327491365 0.164497750582111 0.471979335050954 0.113835461068952 0.0579898489890294 0.0566628011543938
"ufb159" 0.610198624240561 0.642411911464518 0.179514850681373 0.149373349938837 0.114876975509577 0.0574753252137858 0.136918982648743
"ufb160" 0.780556793279395 0.704301075268817 0.169901344745709 0.530473358757085 0.11711171822284 0.0653607890949579 0.079352576256053
"ufb161" 0.72139313294163 0.646056615864001 0.159363394032136 0.430066673437219 0.106483790112865 0.065327654214788 0.0784320272618697
"ufb162" 0.798846732723072 0.81088352926918 0.225553512114233 0.516955014476745 0.165862050858471 0.0914438966488014 0.140533713882683
"ufb163" 0.727697861325103 0.686918795298233 0.181688764431998 0.493543668799827 0.126729252444678 0.0763726869854407 0.0924257905036374
"ufb164" 0.753021656460309 0.701985627192534 0.156393998105638 0.56764002403968 0.114275545833686 0.0646101852991876 0.0643718220925754
"ufb165" 0.572789094948416 0.643423915905489 0.168669991845085 0.153466590876206 0.107840887255145 0.0661088892604322 0.122195555650428
"ufb166" 0.617283950617284 0.646694770831465 0.179349880995665 0.624937831439604 0.132494405222931 0.060848239667275 0.0464494760040119
"ufb167" 0.600949962168667 0.578721393500229 0.150995589674605 0.209585468583438 0.0936230506477884 0.054377594589437 0.100171226673967
"ufb168" 0.672407892094952 0.651017460118076 0.162752763023074 0.385910171152875 0.112780065314002 0.0614388539249936 0.0820596842746195
"ufb169" 0.596290449695886 0.642462391508692 0.172739631334761 0.135501382909715 0.108131377239392 0.0555309968709104 0.131609264844503
"ufb170" 0.57291145937599 0.633114499754774 0.16461189241574 0.12620815485284 0.101177902315353 0.0616194182007386 0.119247084276964
"ufb171" 0.723652701564855 0.632337854781717 0.161394081509539 0.497867712628467 0.111514567868457 0.0635263654481172 0.0695369250168836
"ufb172" 0.695318615363802 0.65282323599242 0.149051426481934 0.444311079069556 0.102974603686012 0.0678489326710985 0.0753195714959279
"ufb173" 0.664928124779682 0.638575271119944 0.16805334406844 0.407088809811667 0.114794584623868 0.0687915560079023 0.0773029920869478
"ufb174" 0.671401425955342 0.640458458775683 0.171943762952847 0.34979214638767 0.113586631420662 0.0670127830432375 0.092388845121446
"ufb175" 0.566665421065122 0.613381460767652 0.163433889588096 0.0998541222211416 0.103248328704005 0.0546812642372414 0.121833978283012
"ufb176" 0.641975308641975 0.588511259382819 0.159701645139634 0.641786896250925 0.119260100469213 0.0506050211794479 0.023619301289791
"ufb177" 0.586380466334274 0.646719941152869 0.176567058319126 0.111081355960279 0.112248380386688 0.0500626110570929 0.136425368626328
"ufb178" 0.588457489824121 0.631938565077576 0.169037712839088 0.124632348308571 0.10664088139683 0.0512961802797182 0.128082128993155
"ufb179" 0.579687140005639 0.613726606378452 0.159551778114182 0.13535461428216 0.099758228700732 0.0558647872176981 0.115932199354185
"ufb180" 0.584399180424111 0.631972778923642 0.168792636659432 0.147457926159145 0.10618740762146 0.0582353149472018 0.122371476566729
"ufb181" 0.703703703703704 0.616686228482003 0.14852949861514 0.703579268493424 0.114137636519747 0.0504925183839429 0.0106378784813516
"ufb182" 0.589630574159314 0.646998751214097 0.179789249868298 0.0998921067825876 0.114276703815839 0.0518768215637755 0.139758390889943
"ufb183" 0.54320987654321 0.522491013310016 0.16055209176299 0.542919100662925 0.110351786913624 0.046673081688284 0.0246074737210768
"ufb184" 0.82651968796786 0.752271456527817 0.183348933595374 0.604605982437435 0.131132860979444 0.0680825277172049 0.0781901053332565
"ufb185" 0.72299874992259 0.648088006586772 0.135523352331446 0.555183502468377 0.095997613657074 0.0613126790748707 0.040583416629155
"ufb186" 0.611506037220338 0.617147388786721 0.170876408733496 0.235973012137416 0.113741451276804 0.0643616869795274 0.0986164144652316
"ufb187" 0.635158074204007 0.662832057210251 0.175922969875414 0.342327493850323 0.122036887388786 0.0709959134726364 0.096490566643124
"ufb188" 0.608363013138393 0.580773756484969 0.157928213244169 0.210040979957849 0.0955754247050357 0.0566194325580861 0.102781507219784
"ufb189" 0.607497800224989 0.580957870892838 0.156211398222429 0.202690260759911 0.0954404230245349 0.056297460185808 0.103560728128882
"ufb190" 0.598927066724308 0.660749045966236 0.171000214343561 0.184353996171828 0.110581633406186 0.0611029578385172 0.116698857239431
"ufb191" 0.606733188381911 0.670321197822701 0.177151805432791 0.23382260139433 0.115358694903361 0.0789438149279104 0.120149941611764
"ufb192" 0.576931430121721 0.594594152123375 0.165174435902619 0.171634341203479 0.106837510431508 0.0588760170912117 0.103303827522218
"ufb193" 0.640168832642202 0.609662705289166 0.159321524861408 0.294916453579231 0.103655480789002 0.059431752754535 0.0924091112374724
"ufb194" 0.594187774912211 0.646833397305105 0.172763669354322 0.174549545227115 0.110150693361418 0.0707136371091796 0.123262993023309
"ufb195" 0.624103802168543 0.59898828565094 0.155610423097835 0.273770919175161 0.0983428137912578 0.0605461591689786 0.0931608755399247
"ufb196" 0.59365115182123 0.652021973157513 0.183421344229679 0.100190966732078 0.116012834893246 0.0558143370146105 0.143566072049796
"ufb197" 0.597395424524036 0.637109113321364 0.166750915224481 0.149640847420077 0.102487334764699 0.0620052502889314 0.121502264304657
"ufb198" 0.596264255486571 0.560293042621492 0.147432438289305 0.235425472571065 0.0960543084989761 0.0562401278549377 0.0794153662231342
"ufb199" 0.689264887269171 0.660055102125368 0.183218529771861 0.343898103005669 0.117559153412204 0.0722204333525057 0.104592967254096
"ufb200" 0.5834314110386 0.62354137650193 0.163947380148074 0.136991604295146 0.101613442429107 0.0574582621321157 0.120570543417177
"ufb201" 0.588663047058291 0.6375921445401 0.174666389835698 0.111081355960279 0.111396380069015 0.0476875949392081 0.134432044092105
"ufb202" 0.670926857822221 0.64786346639394 0.156914660242518 0.555964757657912 0.115271197626005 0.0629550701279069 0.0477494575314834
"ufb203" 0.659826419543901 0.687809419032709 0.155715338167589 0.443888783593396 0.110751429702689 0.0739986510490829 0.0743658238227767
"ufb204" 0.563597912889684 0.567026779870718 0.143882486561632 0.122768945064968 0.0899934449762992 0.0453242851190668 0.0960215790595118
"ufb205" 0.622283207267099 0.598134358763431 0.151895531254885 0.252423822575166 0.0978128073632253 0.0604306998969387 0.0929966696674033
"ufb206" 0.638075961157605 0.53280239709825 0.123058511702395 0.552720991565521 0.0870723397954177 0.0522253844856516 0.00950874610033604
"ufb207" 0.579486164203502 0.61300474776914 0.159719995466937 0.124536901469056 0.100401366041267 0.0513071260285162 0.117476892977033
"ufb208" 0.581989033395528 0.614437552514544 0.159965165408196 0.138725897205906 0.100831212945347 0.0503511716131994 0.11714498782921
"ufb209" 0.567901234567901 0.623134328358209 0.189844158211907 0.558294370766621 0.143001151751246 0.0630063231960158 0.0586432517761372
"ufb210" 0.617283950617284 0.592659627953746 0.151076489607603 0.617130832439732 0.108983156082668 0.0459953881436123 0.0135973426174475
"ufb211" 0.670009642558293 0.667015071310563 0.15126388083422 0.537328365637332 0.106763252072166 0.0623940782303479 0.0419735125645132
"ufb212" 0.658808463977504 0.686781455741107 0.178036820352798 0.311628786681402 0.118037232930511 0.0820818590926275 0.117338463088208
"ufb213" 0.670781729174723 0.633056601345046 0.161469882045976 0.40538797749809 0.114841203413213 0.0542233458099129 0.0697764879826539
"ufb214" 0.601102775924959 0.65206255814425 0.17190695651653 0.184506940314044 0.110494370187839 0.0543526739670984 0.120226084945011
"ufb215" 0.620511105428558 0.567474692758235 0.153410764817174 0.341081925088371 0.103358997727541 0.0570000637211897 0.060628286624576
"ufb216" 0.594368905658416 0.588809827781696 0.155924285606845 0.135011074262711 0.0973049155404345 0.0490932764590655 0.105345000687505
"ufb217" 0.811309863738348 0.67317125186607 0.141893935552799 0.740783612000402 0.108564614729212 0.0676718784403895 0.0313970146840582
"ufb218" 0.609759572116906 0.656691926269817 0.16035755868304 0.291284020562364 0.109730487306572 0.0712304885921705 0.0934702059979378
"ufb219" 0.611217208741905 0.582226617222909 0.151015042668802 0.246607217076889 0.0958712265686655 0.0652715896004299 0.0953777832222619
"ufb220" 0.623476281314178 0.635946190660975 0.175532787214206 0.294222955318677 0.123870261341212 0.066246020861528 0.0960633808706114
"ufb221" 0.724735901811901 0.641371755684729 0.162336327582589 0.468742804623076 0.112237033709336 0.0591113544775556 0.0709623523739636
"ufb222" 0.675 0.535920622959056 0.141085466320218 0.674925572865014 0.102311603703299 0.0458499584487481 0.00200646702703161
"ufb223" 0.693870105191678 0.572480013535806 0.133159367991375 0.569442494022914 0.0935742054121531 0.0520665656563608 0.0209175002129443
"ufb224" 0.618720362175642 0.58973716783001 0.161777233974165 0.232763231500394 0.0994493804171848 0.0604622762515741 0.1036688680807
"ufb225" 0.569364942584559 0.620461791738237 0.159548103799163 0.0985965041985307 0.0968367489287653 0.0527040756583941 0.115929680904726
"ufb226" 0.635212374819494 0.574486217181815 0.141975229036559 0.518436010401851 0.101859124257693 0.0557120632201975 0.031488776197371
"ufb227" 0.654320987654321 0.478002230759698 0.137146445447604 0.65426714087104 0.0995087783232276 0.0440584171791172 -0.00258860630335486
"ufb228" 0.709738824185354 0.659474993092014 0.167261021585685 0.395519330849983 0.114708692162584 0.0678322677147895 0.0871190948218653
"ufb229" 0.605073222333976 0.589563462672128 0.148055123188971 0.260635536775704 0.0938079721514401 0.0570642400101269 0.0889500257156357
"ufb230" 0.593274622454498 0.589529138105271 0.155031504023748 0.135102404077487 0.0966705084742852 0.0510084762922778 0.106232066169727
"ufb231" 0.639556705025373 0.662838241146041 0.182087866514727 0.221490603833801 0.120109546084268 0.0630958463180595 0.136408748141319
"ufb232" 0.734206241500148 0.65529109154802 0.161830644358594 0.474616545947459 0.108554473897789 0.0672942900102866 0.0812070799975052
"ufb233" 0.704349874017527 0.631365995250242 0.158022039485259 0.392106757770858 0.101573715837551 0.0658512081566481 0.0848705712124408
"ufb234" 0.564267207863218 0.618815605389418 0.161968755819237 0.11354230041655 0.0998597607417653 0.052816386280938 0.119239472859757
"ufb235" 0.661225560718073 0.639182468138017 0.189965085456011 0.40907712772122 0.13145160269527 0.0666377832564295 0.0845525295907902
"ufb236" 0.637934296384296 0.629542527577132 0.180506554087077 0.330854505952851 0.127697556017328 0.0632323276738 0.0903151562932656
"ufb237" 0.607382610835344 0.583598897339146 0.147845509481945 0.248406046606128 0.0939575857137929 0.0621846086014006 0.0920005382983255
"ufb238" 0.60330765011587 0.588730624686586 0.146561036090941 0.247907910493292 0.0922699672000565 0.0604935271175547 0.0932644926879055
"ufb239" 0.60113174507309 0.587976185568832 0.156837621943218 0.148762799228484 0.0994388573054564 0.0504777558349038 0.101557997904436
"ufb240" 0.683735439925531 0.617061475810883 0.142778788850718 0.419673636674179 0.0980045963639671 0.0620382588933685 0.0685034307405538
"ufb241" 0.65 0.588185036006347 0.157177515169123 0.645611784457408 0.114437825613591 0.0479651477572584 0.0207042070858575
"ufb242" 0.644900017346514 0.602058021562979 0.159685521935572 0.294136320583931 0.110233823058656 0.0492926838477069 0.0786886166880394
"ufb243" 0.617474730102449 0.664748708158296 0.182373347624048 0.172423866476615 0.118944786964016 0.0581902110189191 0.139931779406939
"ufb244" 0.598058064940811 0.644116637258536 0.170133310472439 0.166173298417004 0.10764756670333 0.0685562433939999 0.123764956305364
"ufb245" 0.55 0.431398283695103 0.140648337189673 0.549768852767773 0.0970996350472999 0.0417703801282316 0.000631765021422586
"ufb246" 0.5645685920195 0.520653035892839 0.129186930796012 0.337187551344789 0.0833073912126147 0.0492587968407617 0.0339131073282061
"ufb247" 0.669643524608552 0.701857808171921 0.196330743857857 0.249394298247088 0.133010171106682 0.0687756657307086 0.143577413841969
"ufb248" 0.59475837026839 0.625181137744453 0.173959561033336 0.149238271324595 0.108884040781528 0.0592393711686013 0.127758180258799
"ufb249" 0.7125 0.682012167438482 0.163976636674949 0.71240096814709 0.123117567651234 0.0554645189351476 0.0282367358809757
"ufb250" 0.737459842893687 0.736760772659732 0.177620758976616 0.635426804258105 0.132445721844996 0.0780655441841362 0.0711366436467387
"ufb251" 0.686391900836349 0.601244902339558 0.139813709435378 0.594858465762204 0.10037817778704 0.058435503725536 0.0283040280198025
"ufb252" 0.702750939999468 0.61135840025052 0.13387099113806 0.546709080305393 0.0951598372891462 0.0610544417063454 0.0388962922429362
"ufb253" 0.615189461162586 0.584963167558868 0.157513166122626 0.223439228100978 0.0972110597878766 0.0598899310120763 0.102305035862406
"ufb254" 0.564970882240663 0.619182120908983 0.159236370478989 0.0997678452541343 0.0982331184612515 0.0543645981487225 0.114667813516344
"ufb255" 0.61658922485079 0.644078277317038 0.167510045797748 0.34629425051692 0.117271473154116 0.0632030474335681 0.0874109905399081
"ufb256" 0.724774095544803 0.663990825688073 0.172710673910304 0.410046315951525 0.117556434116211 0.0610917027604958 0.0821382424911816
"ufb257" 0.752964358456412 0.751372700125229 0.169179543624069 0.647936586382509 0.124689027342145 0.071357055589053 0.0616024345702666
"ufb258" 0.597581346800851 0.659557013945857 0.168498959428419 0.283422370673752 0.113203121634265 0.0763553643119234 0.102235275467369
"ufb259" 0.606120103375699 0.579706186045749 0.154532467969985 0.209980519666171 0.092159855257309 0.0582043332913882 0.101776788908832
"ufb260" 0.718182300173825 0.649923763885864 0.141137625107678 0.602376215036074 0.101370477873581 0.0568261301624372 0.0295533552548282
"ufb261" 0.579961089068057 0.621082591512392 0.167709360748425 0.111067567842033 0.104867445778679 0.0482771294668681 0.127088234802873
"ufb262" 0.701031960809453 0.631563124100758 0.145238609821523 0.444233496216755 0.101928264561581 0.0631345439209697 0.0631180132741279
"ufb263" 0.659311316618746 0.667471974517392 0.180168375015269 0.246899063807647 0.118260560668065 0.0577060417511533 0.135655419971764
"ufb264" 0.554016204514661 0.610841917182601 0.156160831594574 0.12313907074502 0.0986098710129978 0.0577831563412344 0.111446871015641
"ufb265" 0.576473643350077 0.614932728136246 0.157860251668998 0.149526903156538 0.100256938814759 0.0582575997212412 0.112148498813345
"ufb266" 0.753086419753086 0.535909920876446 0.128662001075441 0.753136320328803 0.0986466986972949 0.0461292068011009 -0.012447066309071
