1 0.6906597 1.32039 NaN 0.6542582
1 1 1 1.457786 0.7871076
1 NaN NaN NaN NaN
NaN 1 0.4913705 1 1.366596
0.5674398 NaN 1.106655 0.6891878 0.1836234
0.9433677 0.3735765 0.8388731 1.191947 1.527575
0.9883809 NaN 0.7320419 0.6911152 0.7207217
0.4641759 0.5931216 1 0.4313221 0.9111452
0.3775271 0.8613185 0.5262124 0.454534 0.6762813
0.4725677 0.6557003 1.088721 0.604974 0.6322606
0.5434413 0.6340709 0.4822339 0.8124311 0.3160649
0.5150448 0.5367095 0.6665729 0.6302112 0.4966049
0.637671 0.5803247 0.4688557 1.02879 0.3525238
0.3599644 0.4110742 0.357471 0.4204381 0.386435
0.4221646 0.3539458 0.2367276 0.3497165 0.2835953
0.3806169 0.8372509 0.360871 0.6818884 0.3562727
0.3112199 0.3639732 0.327144 0.2055801 0.3593893
0.2064175 0.2279848 0.2879256 0.2317006 0.2388387
0.2114935 0.3491264 0.24734 0.1488525 0.1974018
0.3241542
