NaN NaN NaN 0.6353163 NaN
NaN NaN 1 NaN NaN
1 1 NaN 1 NaN
1 NaN 0.9281614 0.5184602 NaN
0.6338461 1.106328 1 1.190646 1
1.068781 NaN 0.9299625 NaN 0.7245314
0.6582769 0.9288818 0.543642 0.6697358 0.3268893
1.013352 1.147714 1.247142 0.7044077 NaN
1.072396 1.425162 0.2216304 0.7327902 1.018943
0.8714541 0.8017234 0.8204108 0.3114801 0.9765501
0.4546991 0.4146865 0.4640217 0.3967115 0.6024497
0.3039947 0.4223043 0.5360662 0.4592488 0.5459529
0.5782948 0.4869437 0.5512597 0.2857827 0.3077977
0.2218344 0.3917875 0.4903508 0.3376615 0.2838322
0.3079286 0.3460799 0.3029456 0.4351506 0.3857708
0.2000182 0.479755 0.3273791 0.2964471 0.1926801
0.2359257 0.2556892 0.4839663 0.3058278 0.4478996
0.2811628 0.2825712 0.3020803 0.2189649 0.2518307
0.3019033 0.3113917 0.261702 0.3234993 0.2189298
0.2255852
