NaN 0.5344794 1 NaN NaN
NaN NaN NaN NaN NaN
0.8697022 NaN 1 1 NaN
1 NaN 0.908783 0.8697022 NaN
1.044152 0.6638929 0.417915 0.4945488 1
0.9742051 1.26327 0.7663582 0.292462 1.209856
0.9805805 NaN 0.69821 1.10975 0.5609582
0.297407 0.8344551 1.036663 0.462273 0.5443624
1.090203 0.1819696 1.03855 1 1.063995
0.9772335 1 0.432497 0.6407433 0.5471194
0.5022271 0.4726564 0.7552627 0.9462401 0.3870004
0.2395563 0.5697596 0.5291118 0.301111 0.7824909
0.4308038 0.4751702 0.6767667 1.026986 0.4110358
0.4056476 0.2880854 0.453479 0.5680115 0.2887361
0.4334456 0.5822987 0.6902819 0.4648049 0.5304235
0.7472506 0.3212848 0.3855473 0.3135239 0.5422297
0.1729241 0.2109819 0.1785663 0.2332002 0.2255499
0.2318838 0.3686005 0.4238281 0.2789306 0.4151179
0.2795402 0.3560463 0.1669314 0.1869858 0.3306986
0.3706245
