NaN 1 1 NaN NaN
NaN NaN NaN NaN NaN
NaN NaN NaN 1 NaN
1 1 NaN NaN 0.5735375
0.6276987 0.5169992 0.2309917 0.538416 NaN
NaN NaN 0.5458089 1 1
0.481403 0.2513512 0.3815031 1 0.5900804
NaN 0.5502853 0.3871648 0.4993957 0.3001326
0.489194 0.4499304 0.5945597 0.560972 0.2556924
0.45161 0.3659741 0.3617822 0.3058025 0.2609144
0.3276031 0.6715146 0.4074157 0.5978519 0.4921394
0.2704413 0.275281 0.4798069 0.2908678 0.2911374
0.5234748 0.3227407 0.2949297 0.4490872 0.3274114
0.2885692 0.2398091 0.0902605 0.1990589 0.3865303
0.2267776 0.3653224 0.2179505 0.195933 0.2399423
0.393918 0.1479564 0.2498582 0.2363046 0.3669457
0.1839582 0.1504771 0.1215825 0.1269944 0.1898396
0.1566045 0.1248715 0.124227 0.2076153 0.1253256
0.205952 0.155717 0.1215925 0.1294217 0.1781428
0.1113089
