NaN NaN NaN NaN NaN
NaN 0.7412887 0.9897528 0.820914 1
1 NaN NaN 0.567667 0.7936371
NaN 0.8862543 1 0.07257073 1
0.9331536 0.9846299 NaN 0.8788248 0.6614438
0.9161049 NaN 1 0.840272 0.9133993
NaN NaN 0.6550324 1 0.9942654
0.8217201 0.8056905 0.7746692 0.6083557 0.0243994
0.7518484 0.4852068 0.7992731 0.8536355 0.8273718
0.9977492 0.6734174 0.218297 0.9274483 0.6034065
0.7473795 0.8977802 0.4826962 0.761272 0.706297
0.483383 0.6080745 0.7206069 0.958242 0.477213
0.8695893 0.8284145 0.5572311 0.3910023 0.6161462
0.6923806 0.4154722 0.6863889 0.8170618 0.6884476
0.6447701 0.7538376 0.440452 0.7064248 0.91186
0.3835581 0.5651814 0.5696489 0.8182613 0.8858576
0.3631842 0.4512803 0.4970105 0.472167 0.4608577
0.4049464 0.3698622 0.3737303 0.4556125 0.426068
0.4556683 0.3600103 0.3644329 0.5011499 0.4284976
0.3444405
