1.044152 NaN NaN NaN NaN
NaN NaN NaN NaN NaN
1.372448 0.8388731 1 NaN NaN
NaN NaN 1 NaN 0.05004237
NaN 0.3622924 1.397697 NaN 1.425081
0.1155619 0.6353163 NaN 0.08944698 1
0.9593522 0.5335579 0.8764072 1 0.4055936
0.4607445 0.7888456 0.4984482 0.703504 0.4149421
0.9496853 0.5038359 0.1905181 0.6098784 0.8572415
0.5666686 0.3802396 0.8279906 0.4991674 0.6826001
0.3543664 0.6649038 0.4879866 0.6142554 0.518339
0.4978139 0.7088678 0.4807563 0.8345704 0.5917933
0.6221228 0.8159853 0.6088682 0.7378606 0.5812137
0.6047539 0.2064887 0.6216117 0.3560608 0.3310537
0.2602328 0.5634696 0.6708559 0.5943528 0.3756557
0.3798332 0.5191201 0.4639928 0.3684481 0.3304128
0.2283933 0.3941568 0.2563129 0.1996496 0.2932839
0.1786845 0.277817 0.2184638 0.1742674 0.1051501
0.1769375 0.2186657 0.1203376 0.4013096 0.2102972
0.3028505
