NaN 0.4334896 1 NaN NaN
1 NaN 1.397697 NaN NaN
NaN 0.5443624 NaN 0.8716062 1
1 0.8388731 1 0.713714 0.8624382
1.573338 0.6891575 0.8823974 0.6345896 NaN
1.038224 0.7849254 0.1836234 1 0.7547937
1 1.279378 0.2808594 0.6412371 0.4141489
0.7124355 0.4066629 1.100722 0.577673 0.7607336
0.4421965 0.09082672 0.3743668 NaN 0.2522745
0.7490273 0.4926853 0.5742635 0.2854219 0.6860827
0.6326815 0.537142 0.5508435 0.7285458 0.2837955
0.4417893 0.5519628 0.6168691 1.014462 0.4659879
0.8233684 0.4978511 0.6267184 0.3661828 0.4886395
0.5700057 0.6666939 0.3400708 0.3801396 0.4032493
0.2857669 0.4795154 0.3951259 0.2971589 0.620515
0.2565939 0.432032 0.374528 0.3196193 0.3086659
0.1980174 0.1595155 0.3607188 0.2920529 0.1954563
0.3638034 0.2692609 0.3009078 0.2016705 0.1932442
0.3667057 0.3698011 0.2259029 0.2694674 0.1993752
0.2149659
