NaN NaN 1 0.2537769 NaN
NaN NaN 1 1 NaN
NaN 0.4898692 NaN NaN 0.7973903
1 0.8641865 1 0.4849798 1
1 0.6610955 0.4649287 0.2537769 0.6577481
0.2309917 0.6511195 1 0.5327433 0.6516979
0.460143 0.7075906 0.5684302 0.4234828 0.2104584
0.6091797 1 0.4304764 0.4024702 0.457268
0.5817973 0.298164 0.2215486 0.4466605 0.3221558
0.3334646 0.3693857 0.3131228 0.3381482 0.371279
0.2729537 0.1535452 0.3679618 0.4049865 0.2629759
0.2812353 0.3497497 0.3485533 0.2661192 0.5448738
0.260692 0.2024837 0.3585623 0.2179433 0.338802
0.2774559 0.2737217 0.2618457 0.1633796 0.2225094
0.334757 0.5444167 0.3123256 0.4589573 0.2538364
0.1991075 0.1699286 0.4138589 0.2842975 0.2680417
0.1513585 0.1455942 0.1674214 0.1715521 0.1601675
0.165626 0.2091844 0.1417744 0.1845786 0.1384818
0.10444 0.1276937 0.1336351 0.3294528 0.1397707
0.1540607
