NaN 1.377227 1 NaN NaN
NaN NaN 1 NaN NaN
1 1.361782 NaN 1 NaN
0.9940395 1 1 0.4696975 0.8746908
0.7899516 0.1836234 0.3684523 0.4031829 NaN
0.8235015 1.203064 0.09082672 NaN 0.7282447
1 0.2717773 1 0.6090577 0.8529743
0.8964076 0.6414904 0.543642 0.6271426 0.4025766
0.1836234 0.924916 0.9169443 0.7939951 0.7209224
0.543642 0.4845124 0.6437081 0.721116 0.3604471
0.6338506 0.6021076 1.428998 0.3498485 0.8901765
0.6032141 0.55771 0.483054 0.5621194 0.6175857
0.3504891 0.2480775 0.3126419 0.5151337 0.5058765
0.4057954 0.42023 0.3040269 0.5515267 0.4141223
0.4254701 0.6670728 0.2761808 0.3413881 0.3079594
0.4357114 0.433933 0.4844188 0.3129397 0.3617406
0.188986 0.1485799 0.2285841 0.3982061 0.2374877
0.325318 0.2172257 0.290398 0.1533832 0.1589524
0.3290209 0.2822176 0.2048476 0.2558392 0.2255427
0.3094709
