"quartet" "wQuartet" "cluster" "phylo" "mutual" "shared" "clusterNorm"
"mb49" 0.858823529411765 0.897641271442987 0.231199723522847 0.858800322612118 0.19863702959685 0.099936285489296 0.109629587100332
"mb50" 0.864255188251676 0.887735584997201 0.235012045200486 0.763316762709847 0.19384571974285 0.120515214877931 0.138453081375288
"mb51" 0.748959450303581 0.739741466556261 0.193818647242904 0.588034262564217 0.15100839491714 0.0913960735584335 0.0923545525641808
"mb52" 0.823529411764706 0.86262315270936 0.207189923980272 0.823413377766475 0.171840384811263 0.0859376408196391 0.081823125804144
"mb53" 0.655982907193286 0.662583368999703 0.200491850654639 0.152950596387387 0.133315220152399 0.074579784720767 0.16093801571493
"mb54" 0.783561804104678 0.786749899315344 0.211216486860115 0.578024877827278 0.159674960273359 0.105033473662545 0.126540810996133
"mb55" 0.783653813045567 0.795948824202733 0.207613577052417 0.574987686708018 0.157247676389251 0.106797124768347 0.122807335055558
"mb56" 0.662650602409639 0.756308532778356 0.234220526959398 0.506475034835954 0.192332501399 0.0895221463720517 0.112098593792606
"mb57" 0.869047619047619 0.916486863815205 0.229047175798601 0.868983323182274 0.193111131391573 0.0979479918893242 0.106143064642997
"mb58" 0.766436363443948 0.790557279264978 0.231309776757074 0.57182346458902 0.17998334058105 0.0997505430127024 0.134081100787875
"mb59" 0.672592097061807 0.71693474565189 0.209804132160612 0.297107004160355 0.155965295438292 0.101363718457059 0.124752596314844
"mb60" 0.759036144578313 0.813031326423664 0.242401407183822 0.758880821334282 0.200196371938173 0.100531332854858 0.122060780360302
"mb61" 0.854987222189101 0.890031850890645 0.226694610165018 0.775288989184178 0.186991482745128 0.116239680864933 0.129064340417954
"mb62" 0.756784139369862 0.781255733618459 0.229719539871896 0.399366788012908 0.165047249967337 0.109995297095409 0.17381953326605
"mb63" 0.636842510660455 0.693180229250522 0.217409534540667 0.117064154583913 0.138427403457023 0.0785151816842052 0.178479407905417
"mb64" 0.836955462088053 0.838125535299156 0.220349061270021 0.678426133034499 0.176809383496939 0.104729098831006 0.121912517863598
"mb65" 0.639081847160995 0.689024796640885 0.215508633884356 0.118693813417508 0.13771933065883 0.0669807643151245 0.176704333664993
"mb66" 0.729411764705882 0.778623406101876 0.203186913027209 0.729144886509952 0.164504960100332 0.0783774741682307 0.0771871200375329
"mb67" 0.738095238095238 0.812358653718239 0.215446404702052 0.737907941444015 0.17405748716885 0.0849533605800876 0.0902417625409906
"mb68" 0.816306818428503 0.816538480999848 0.207459790941559 0.576156889398597 0.158024602883322 0.106950642623895 0.122589099535893
"mb69" 0.646000546809493 0.692123473840413 0.218143964309663 0.140416856165893 0.138981425299775 0.0874887821221459 0.178525609535192
"mb70" 0.750176161301412 0.744966324155449 0.188758309096529 0.493878074396783 0.139020842022836 0.0893278247311096 0.111963986791316
"mb71" 0.613981150260807 0.635889018026236 0.169139969453761 0.165795893189253 0.115423403098337 0.0697421321402427 0.117542412876051
"mb72" 0.712266282442264 0.630258072812676 0.164705400954311 0.398710515941182 0.118068970266126 0.0730407589028625 0.093575494899128
"mb73" 0.829774242689307 0.826465546794652 0.175613052383089 0.727736826237642 0.135196748627528 0.0829822469917059 0.07157882246287
"mb74" 0.795414436421436 0.799065220798837 0.210025629987995 0.539388930878294 0.162637834149505 0.099033813952225 0.125249872368128
"mb75" 0.635347949054483 0.693912373283611 0.21971735348932 0.118396523193271 0.139576333875415 0.0825682093399389 0.180590790999433
"mb76" 0.799632686658692 0.795913231667422 0.195933121857818 0.623301576004152 0.152178969932064 0.0945990329677674 0.0947351499959891
"mb77" 0.606189274446061 0.630307696128343 0.166575182740093 0.165521756791104 0.113484451842102 0.0692412434842227 0.120002609631392
"mb78" 0.788235294117647 0.719650156859017 0.153406716407673 0.788200483918178 0.125353853236351 0.0587565201216069 0.0195351971981418
"mb79" 0.759751412258563 0.777951185500772 0.220786204998593 0.422976254490253 0.158505578349903 0.100700772905204 0.15995160910749
"mb80" 0.797619047619048 0.775654880262817 0.159663021746816 0.797428955495418 0.131768984766703 0.0631612636995495 0.0260126643463272
"mb81" 0.799529526052531 0.814605439970344 0.217270932565416 0.529084596213017 0.164243993461167 0.113803974006054 0.143402083163859
"mb82" 0.69035910380741 0.707947655260819 0.200958010021668 0.328691914141637 0.141477677908489 0.0929827718072833 0.142923686639589
"mb83" 0.714285714285714 0.7508521074071 0.197353979146569 0.714193463696306 0.157991155203001 0.0726898136759306 0.0690701550960383
"mb84" 0.761904761904762 0.783040413067223 0.173158291690862 0.761681124112257 0.13732151209548 0.0650180650521313 0.0422718564727552
"mb85" 0.833333333333333 0.891411648568608 0.210243421193143 0.833294196719645 0.174042580974896 0.0835478291715586 0.0853966159003969
"mb86" 0.605950159285187 0.629546040489276 0.167520914263493 0.16568602256598 0.112500691165159 0.07163022451806 0.11785008165045
"mb87" 0.616027851471009 0.636382534475854 0.168496132469853 0.155444245723981 0.114898582495009 0.0688816376023706 0.123248388763986
"mb88" 0.637802736523806 0.62264379986377 0.162247602230378 0.214144540241286 0.114129803851695 0.0618607580736856 0.0905544162317318
"mb89" 0.717647058823529 0.759537233653072 0.18671283669307 0.717484611226006 0.15049156095451 0.0721500867457753 0.0581080033975373
"mb90" 0.817073170731707 0.749585082495363 0.152569933411219 0.816919176980668 0.12549988343774 0.0610846894403641 0.0165081649133919
"mb91" 0.639713384350334 0.672699841086507 0.19859450478427 0.187419403969037 0.126777449348815 0.0755419816467358 0.155979082820866
"mb92" 0.642432602554078 0.64178323622671 0.189559872180405 0.1530089812914 0.126181830300573 0.0705930588114153 0.149234679683247
"mb93" 0.858823529411765 0.866232709519935 0.182463366357948 0.858800322612118 0.154373443136964 0.0751754385259282 0.0531865657073417
"mb94" 0.790176142639742 0.771682118454254 0.194827187561528 0.633238637655992 0.150333680658436 0.0917793495353449 0.0935635521375379
"mb95" 0.696522031417957 0.709677147433196 0.212893346371848 0.234453554571204 0.138357150498997 0.0822310329255232 0.164102360159991
"mb96" 0.622769817724469 0.644894135122647 0.171813475317818 0.153626871883446 0.116117091678396 0.0649626517634837 0.127743874386421
"mb97" 0.770804475669722 0.76583487725799 0.194740412169545 0.597860746954261 0.14802930677211 0.0886779653181355 0.0934658633223475
"mb98" 0.764705882352941 0.844610627741425 0.19754337429628 0.76458984835471 0.160285350862126 0.0757709578213782 0.0706511703717784
"mb99" 0.64777645351451 0.643699288883938 0.175377219897343 0.221199643034209 0.127395590061461 0.0644186032273259 0.097064463491598
"mb100" 0.882352941176471 0.909757398027193 0.21264393668786 0.880899266976661 0.182294056229234 0.0885610419204802 0.0881395797584358
"mb101" 0.623541406298384 0.64009105855571 0.169904556384795 0.177493578162843 0.117707750712314 0.0696507084692057 0.113089525105759
"mb102" 0.705882352941177 0.749313186813187 0.184953099977076 0.70570830194383 0.145648899485394 0.0706554553964168 0.0560700000898465
"mb103" 0.653827059024439 0.673973077673152 0.197689429350784 0.210711516764539 0.127423389910937 0.0837593251253811 0.147929140423826
"mb104" 0.701002708132478 0.603119775401407 0.154357847061828 0.375296600009181 0.109806721112781 0.0653004038060472 0.0882542667274395
"mb105" 0.629566147697425 0.626816134705491 0.180578055191516 0.154846207413067 0.120124427076206 0.0687249647565752 0.139472418348917
"mb106" 0.833333333333333 0.746538541020872 0.147166314498776 0.833235491799112 0.124294898767362 0.0579426238069369 0.0113031568192567
"mb107" 0.639164309233211 0.647191930207197 0.172886547695113 0.233493253789866 0.124723143037284 0.0631051082179893 0.0945516022025759
"mb108" 0.823529411764706 0.838067613522705 0.163350060921989 0.821260843084193 0.130827921539398 0.0623134474596666 0.0310508795303374
"mb109" 0.734347222773944 0.649381524997416 0.141299627483105 0.623368586521962 0.10678374180273 0.0629424714076041 0.0332256121269589
"mb110" 0.78909775757156 0.801167057039574 0.20496027738804 0.56993816692803 0.156992204611175 0.0936287242288169 0.119491658367993
"mb111" 0.791404474581687 0.798818605057813 0.216333606519873 0.470145090218544 0.161739287873193 0.103235722442508 0.149696828040494
"mb112" 0.709438477575256 0.68802582517955 0.171022722432146 0.386395540599194 0.121274900802691 0.0737568054811595 0.105918724714029
"mb113" 0.797619047619048 0.836401673640167 0.171164889614491 0.797428955495418 0.135465293341976 0.0634287167136745 0.0399629051333139
"mb114" 0.609674335112354 0.627453356616007 0.162843705601144 0.16559622943558 0.112144978726548 0.0661445150577037 0.114623974955057
"ufb1" 0.714285714285714 0.585153296934061 0.131994706935515 0.714076053855241 0.105691960395052 0.0470981072918235 -0.00628540793702057
"ufb2" 0.633653701183477 0.683499553919688 0.212083597241779 0.106706424762252 0.134923778908158 0.0648052890657749 0.172889137499949
"ufb3" 0.6103518852424 0.626194186094077 0.164498880170197 0.201454314784087 0.110347901960289 0.0647242122726109 0.116387860139063
"ufb4" 0.666164570288284 0.563807724887301 0.144140944355709 0.386690881637962 0.100782831640167 0.0609726208850588 0.0632898691211077
"ufb5" 0.785714285714286 0.754505971769815 0.156446177258721 0.785571716621564 0.12583015665949 0.0573248143039831 0.0223283357343521
"ufb6" 0.691459465816571 0.697211441713382 0.201593930444583 0.302834311067901 0.139594846605576 0.0903184860726874 0.139141260913215
"ufb7" 0.604714267804986 0.624366355190413 0.167809961387056 0.199843508316259 0.115304555104249 0.0669871296837371 0.124342616484269
"ufb8" 0.705460439706196 0.615421334905793 0.161794348614038 0.398415926578233 0.116256909932216 0.0675760014607249 0.0825543800840894
"ufb9" 0.647693190325282 0.669075056221616 0.197213304669614 0.175679962003722 0.12648885707235 0.0701394461455483 0.153525766590748
"ufb10" 0.64988131184848 0.681496118081556 0.208002417984116 0.129172636719454 0.133524925470012 0.0608891273863447 0.168956577807028
"ufb11" 0.729993261334117 0.74447660395562 0.187995581532199 0.576122133542683 0.145721600391575 0.0820215673293467 0.0857986094573776
"ufb12" 0.726301510734195 0.740216209300838 0.188487748077703 0.540743267432797 0.143101447277876 0.0934977926729961 0.101585399001132
"ufb13" 0.611780464440786 0.636240791479653 0.1670454012686 0.218680206339348 0.115838045126751 0.0707272691600401 0.112947386982872
"ufb14" 0.640007165904721 0.622122732637492 0.165257146051352 0.300867367531951 0.114901296652041 0.0728525826662246 0.094081632553106
"ufb15" 0.668078009022918 0.576903290844562 0.147066165738981 0.31629925166275 0.101403620177536 0.0559919490880595 0.0803925969757718
"ufb16" 0.697053034749704 0.674386942059256 0.192760485547938 0.367908800128521 0.138478788583463 0.0784037036230163 0.105737176502095
"ufb17" 0.64273660106384 0.667978282747569 0.195373799898979 0.189511825582445 0.125888128473408 0.0748455268588593 0.147391896404829
"ufb18" 0.62331008395441 0.636425535331327 0.1655646077949 0.188000788482436 0.112718630289549 0.0558216421174702 0.120157340023855
"ufb19" 0.614246914143089 0.623346144241944 0.15974934540198 0.199194220838646 0.109469444558961 0.0597271966481926 0.111364830869224
"ufb20" 0.607763845439832 0.623816315361781 0.159460138100198 0.201358100906984 0.108640803723056 0.0571755248348784 0.109308349904728
"ufb21" 0.74410774615217 0.75664354562652 0.205418797043368 0.42301536347704 0.147063924395239 0.0978065348067381 0.137853909680818
"ufb22" 0.694715504048828 0.690182723830339 0.190548705030332 0.340351348451387 0.13355378665068 0.088757172758751 0.127292531883523
"ufb23" 0.618743132127228 0.629992407190742 0.166773362299807 0.20641582135132 0.113188149164128 0.0660955879110614 0.112608857844003
"ufb24" 0.659134387739003 0.70914570230608 0.208565121999019 0.434394726485355 0.154932810700599 0.0848805233068865 0.108251523723787
"ufb25" 0.717647058823529 0.584706121618873 0.136208192642512 0.717542628225122 0.109653841481576 0.050023853217185 -0.000382923508343048
"ufb26" 0.823529411764706 0.87797340998922 0.204322278597043 0.821260843084193 0.169635780943879 0.0821291990327601 0.0785020205938088
"ufb27" 0.602561033353294 0.624064045381399 0.163969781912218 0.199722265125419 0.109767725878424 0.0685611381322255 0.115814912626871
"ufb28" 0.624603688190259 0.601904600292518 0.152677644415835 0.289386963201826 0.106094615641149 0.064265574692164 0.0908509222126101
"ufb29" 0.624335915915744 0.594969291675032 0.15244328867303 0.277518074517458 0.105788215970446 0.0542646902570514 0.0859093487091347
"ufb30" 0.631372200677672 0.627588555247901 0.170934791784433 0.289102619756533 0.125011878433066 0.0575169550105092 0.0925261728647699
"ufb31" 0.717501751782612 0.726114012945793 0.183659256206846 0.576122133542683 0.140102885686485 0.0832789042691092 0.0809165243946348
"ufb32" 0.683797342427752 0.58580862197857 0.15190723102379 0.341220739204748 0.109291929854616 0.0628358790828246 0.0902929174794734
"ufb33" 0.686736720350422 0.588865199284505 0.154516892892403 0.329339954867942 0.108575159130755 0.0650679517324253 0.096736453645059
"ufb34" 0.676058112095458 0.592432485932447 0.158271428567758 0.297587298618712 0.107549578866117 0.0677946680329315 0.103726697484867
"ufb35" 0.66561222648216 0.587943520552244 0.15696860583833 0.269867973538399 0.103459303162384 0.0654064907634354 0.104763699175907
"ufb36" 0.781813033435421 0.801081092910525 0.219937447141082 0.458362658533168 0.161325913860432 0.110326346848979 0.153607110702791
"ufb37" 0.778403011526643 0.795758540407616 0.222214453714118 0.422976254490253 0.161355802673961 0.10116113278898 0.161491363720367
"ufb38" 0.694117647058824 0.608881922675026 0.138399652282526 0.693931992661654 0.110157418415113 0.0475197018694632 0.00215507092822608
"ufb39" 0.776470588235294 0.785150344364186 0.182615294704381 0.773714477747709 0.149978776387809 0.0704494848987726 0.0533625184335351
"ufb40" 0.738095238095238 0.746487070757462 0.184931863627188 0.73802535128508 0.149864392981505 0.0683678336386697 0.0546626606671239
"ufb41" 0.858823529411765 0.867124856815578 0.194655703136927 0.858742305613003 0.165293180961476 0.0800254645194829 0.0673068727158862
"ufb42" 0.637229154560292 0.657301415004584 0.197691846722634 0.152578401117653 0.12977437251466 0.0641980220862156 0.158135795482732
"ufb43" 0.766416445061588 0.687716863289382 0.145758754744556 0.6904794192659 0.117434938589793 0.0696447718975592 0.0380225937719203
"ufb44" 0.728975954087449 0.726794653542113 0.192182342184852 0.423055017450051 0.136761117085011 0.0905000474699953 0.115945795732521
"ufb45" 0.623174878897201 0.660015498284885 0.199999213266097 0.117356000537134 0.127273216499565 0.0597301589262668 0.160558811464807
"ufb46" 0.775283354680377 0.676572958500669 0.148202503246776 0.682259126451537 0.118359610285359 0.0693208900797398 0.0409972676479948
"ufb47" 0.771128291702608 0.69576724275742 0.154073739341683 0.630884003753525 0.118556341628032 0.0794560657518762 0.0633617031493063
"ufb48" 0.647980108465184 0.644973083277091 0.18974437822063 0.164406264967861 0.126156595204602 0.06847125101562 0.149428366218531
"ufb49" 0.671913083670044 0.586911421744667 0.150787758216265 0.404646743163832 0.108752472753018 0.0582706968274412 0.059723353203296
"ufb50" 0.610624751570391 0.623924226500551 0.163256969538229 0.210225702930976 0.110721743535578 0.0617836725581374 0.105830292120887
"ufb51" 0.741176470588235 0.751188247155408 0.177159426707955 0.741037229790358 0.143704773795233 0.0692931428842545 0.0470439158141882
"ufb52" 0.761904761904762 0.746407576747224 0.180387003953761 0.761739829032789 0.146215536146686 0.0681081944994826 0.0493914135656992
"ufb53" 0.724641061271557 0.642822104805819 0.167290554304924 0.45224779678318 0.12643806444637 0.0692238096570257 0.0781182629960305
"ufb54" 0.643246471338315 0.686077387479028 0.212875192996819 0.130347815773687 0.136089884496583 0.0842616796898665 0.173405690503077
"ufb55" 0.799949594524577 0.812935125458214 0.192642103762412 0.702329291745599 0.154894374853637 0.100126984083074 0.091029932080059
"ufb56" 0.670588235294118 0.65183064376193 0.168444921259511 0.670379374097302 0.138678849043512 0.0626361856059247 0.0369513884676807
"ufb57" 0.672154570865623 0.68549580567951 0.196302716483294 0.281962316036898 0.130725867476496 0.0723039142077654 0.148457855670388
"ufb58" 0.69023044739347 0.62775030558951 0.163958240453378 0.416490325469617 0.123308150158348 0.066762328838605 0.074242021245332
"ufb59" 0.599610864179733 0.575336095993168 0.140197196459697 0.210431140351289 0.0934929467791973 0.048265002845933 0.0843195502396026
"ufb60" 0.608781008130788 0.572844154148716 0.142470549793285 0.257710650991612 0.0979838282877479 0.0510881871051433 0.0799757104316095
"ufb61" 0.770837792179533 0.749377402219759 0.186930306723102 0.528389127774924 0.141699530152826 0.0795672242443847 0.0991764939861439
"ufb62" 0.625700419443866 0.608874214849412 0.15537462223276 0.288474156470059 0.106680993398531 0.0662906266884897 0.089201396151779
"ufb63" 0.665704620095531 0.569660239129093 0.146516452713058 0.282151137759902 0.100095417794574 0.0553934632147186 0.0881892622132664
"ufb64" 0.657257469939269 0.572046634616786 0.14866526491329 0.261778154437993 0.0993144088311791 0.0555846503217703 0.0934980462125913
"ufb65" 0.728800775895249 0.63061551285426 0.151748882868718 0.518607063472885 0.111555673234263 0.0765916172760153 0.0715592638702817
"ufb66" 0.594562263173189 0.584314577313691 0.159820632672404 0.152444369214669 0.106938664682197 0.0596996658343104 0.114091246083753
"ufb67" 0.594264024463111 0.582744206686065 0.15811073453966 0.15241044342775 0.108185032667455 0.059283486821032 0.111065159998225
"ufb68" 0.718336316481676 0.709439106725526 0.175567306479663 0.401789335329283 0.126601978134387 0.0785689376684231 0.105202604763815
"ufb69" 0.629275895821005 0.627248488855078 0.176956153088025 0.152558002109626 0.117833660793642 0.0704154024987158 0.135243558841919
"ufb70" 0.692467197888008 0.614631278587918 0.157349772869598 0.428409482574138 0.114154897316415 0.0647947478446819 0.0671129538763219
"ufb71" 0.596450463793773 0.56799937827202 0.155200993866218 0.163886407592562 0.0976254516849529 0.0532964576187975 0.111094624194336
"ufb72" 0.693182640243713 0.603476919732736 0.156099492208932 0.351697660670609 0.110511515768385 0.0630663702516448 0.0901320557262848
"ufb73" 0.692970061967995 0.595633635938856 0.153645198383199 0.34002978328492 0.108277314061681 0.063292904969738 0.0921571489337193
"ufb74" 0.634647703033385 0.626515454758175 0.180933892080335 0.164408608738103 0.119460530676976 0.064373725123111 0.139849444564826
"ufb75" 0.661925612394185 0.676675726812589 0.191744133986034 0.210876794520177 0.127179556816004 0.0693940825798022 0.143666192383238
"ufb76" 0.646080050322956 0.644327229707705 0.188895545232191 0.164406264967861 0.124676873276747 0.0663693357026206 0.148537297718199
"ufb77" 0.618553385320321 0.630215686075367 0.161699090670898 0.199262446811926 0.110541646112925 0.0583913888195237 0.114865350771067
"ufb78" 0.709256474568256 0.717028436978679 0.185246516890141 0.374883864391601 0.131439059571862 0.0752129120900604 0.108390678775509
"ufb79" 0.694117647058824 0.768036258265844 0.189729701227804 0.693931992661654 0.148635070597797 0.069215326313383 0.0616019237350297
"ufb80" 0.761904761904762 0.676249215973239 0.144482802461372 0.761857238873855 0.117150186916691 0.0525512303317938 0.00819214006988915
"ufb81" 0.756246173225443 0.691174129177207 0.15926660905003 0.563096460550239 0.115114505891819 0.0727869325311729 0.0690469276325669
"ufb82" 0.741814530280082 0.654416820066979 0.15309895136202 0.516240182123571 0.109315166520733 0.0741880911991279 0.0730369614063436
"ufb83" 0.689254457982184 0.611445048560403 0.156305133938532 0.435099923129104 0.11486417784022 0.0662777532893443 0.0659564477777161
"ufb84" 0.710320280383009 0.728296473133103 0.202291659003274 0.297041423157457 0.143037041155304 0.0684673835831982 0.147776061414064
"ufb85" 0.777165197294742 0.690964039648132 0.153555061564733 0.586579222291354 0.111226223320346 0.0692362977813142 0.0627224700379884
"ufb86" 0.625477375947014 0.65202436086168 0.182483651588592 0.199882663453416 0.125068545836361 0.0650310420748246 0.141041593033455
"ufb87" 0.764705882352941 0.655757333865496 0.14520813026848 0.76458984835471 0.117940156507449 0.053792178592509 0.0100401713126206
"ufb88" 0.670828890081254 0.578400306428024 0.150599571527857 0.273597073514336 0.102114068721002 0.0584088833798043 0.0955346263197012
"ufb89" 0.730016060153653 0.62891931637217 0.152017581305357 0.482912623607002 0.108707176006999 0.0772073429565861 0.07980723797606
"ufb90" 0.660674512843031 0.645608724821743 0.181214040212097 0.293577573185603 0.121771249594335 0.0809784456053462 0.117063691949382
"ufb91" 0.705959413896081 0.725495214208937 0.188243598466327 0.552632928088663 0.143574501738447 0.0824088974416211 0.0860778412212711
"ufb92" 0.694117647058824 0.692333971030336 0.182398635946932 0.69399000966077 0.147849339269798 0.0697907624822858 0.0531115994975903
"ufb93" 0.639935904038663 0.676419388874774 0.207940174738927 0.120015191548011 0.132791862049693 0.0717007409531696 0.168224045076622
"ufb94" 0.641896504093487 0.676921624296729 0.20853616129226 0.13214949585996 0.134171813914578 0.0687954270899739 0.169165347919484
"ufb95" 0.615458510449554 0.63622141496176 0.174838703388303 0.202199636674153 0.119722764400242 0.0670362680213962 0.132439087881719
"ufb96" 0.775299416841636 0.78819182750598 0.206523816057966 0.470179274678036 0.151174190843645 0.104682552494834 0.131640724099413
"ufb97" 0.640674645593863 0.643692823104431 0.188130561119202 0.166318779202864 0.124906209065201 0.0703710329447104 0.147731822191281
"ufb98" 0.659616878507278 0.678682273914229 0.20650272986595 0.163824211164885 0.133088702480643 0.0781353048240419 0.163344004681855
"ufb99" 0.631046411635864 0.621074752685091 0.178187565540444 0.164408608738103 0.117207769241747 0.0640205241612994 0.136965361978754
"ufb100" 0.61284301620718 0.597440273710184 0.167379213581216 0.164372637631249 0.110535970040841 0.0604428707964247 0.12459087317649
"ufb101" 0.753345640874276 0.767873113360612 0.202223177922829 0.517221739782804 0.150611252507678 0.0981283145256723 0.126934219868391
"ufb102" 0.692244120993643 0.666168342155711 0.163233207586799 0.363981750255656 0.115496122688718 0.0714609507061918 0.0977673220371327
"ufb103" 0.806063302316209 0.794965330957088 0.191802726349345 0.690343810098099 0.151434144278697 0.0950149596371531 0.0901587155167302
"ufb104" 0.616025338074197 0.63337778852187 0.165974459543308 0.212929852569151 0.112381156451616 0.0632282062072464 0.1117158155877
"ufb105" 0.764705882352941 0.621845464289194 0.138935375874435 0.764647865353826 0.112407700738124 0.0519025288859436 0.00277550831661253
"ufb106" 0.611446140578165 0.626434667014824 0.162563600894036 0.199262446811926 0.110427336167195 0.0616635688488179 0.115778158981813
"ufb107" 0.680070255683377 0.58613598280327 0.150639788629934 0.332323062561387 0.104448836965612 0.0595421100360542 0.0889677576200259
"ufb108" 0.745637918933634 0.738805970149254 0.182805463874754 0.576256154578303 0.138374224075498 0.08349196759147 0.0799552757616461
"ufb109" 0.777197222510611 0.779850987177666 0.197647947530068 0.529113003909028 0.148131516906137 0.0987918214452662 0.111726536016096
"ufb110" 0.623204918679007 0.604933611469819 0.157616659918061 0.276442284883631 0.112658787802666 0.0575897473663379 0.0857663320628191
"ufb111" 0.738095238095238 0.625307004617349 0.141615205860009 0.737849236523483 0.112835884572816 0.0530492747431208 0.00548917636555209
"ufb112" 0.748510874550952 0.762374266304564 0.199627719993748 0.517139947659588 0.150340964752136 0.101898470896244 0.124093819597359
"ufb113" 0.610147385597789 0.626047562449705 0.163800389721716 0.19013288428992 0.110593549255335 0.0613707824481037 0.117084044055987
"ufb114" 0.609844748875252 0.633973976327404 0.165934329132719 0.19015312770707 0.112470303344419 0.0632282011520784 0.120537699571664
"ufb115" 0.615580096517381 0.624526002512123 0.159987919101833 0.187989532595621 0.109439715373557 0.05607778917358 0.113058580398162
"ufb116" 0.783853743018959 0.677582040416068 0.145153347652261 0.678493937618399 0.112458780386037 0.0675164828032077 0.0373408332650471
"ufb117" 0.760042358543419 0.752053381027722 0.187083014845403 0.534068092176008 0.141883163838258 0.084372572793384 0.0998158867432877
"ufb118" 0.734541515532862 0.654511182803494 0.140737946309151 0.57128821823092 0.105591755329649 0.0684907859714987 0.0485958600090025
"ufb119" 0.808926486652685 0.845525301263245 0.20188472545128 0.693903213401832 0.159666376668547 0.103408627178331 0.10143580846207
"ufb120" 0.765957806536579 0.774045397710878 0.188064221230278 0.658635899961897 0.151030291171224 0.094003584211943 0.0858758879869071
"ufb121" 0.76603585647595 0.756248351841542 0.189918700391813 0.538538403303867 0.144180608040403 0.0717588141637498 0.0876679258357144
"ufb122" 0.624580635333014 0.614741990757034 0.169291117106053 0.15254816108153 0.114419169129969 0.0634603161976045 0.126618497009624
"ufb123" 0.76548063251462 0.751089672807578 0.185003667721033 0.492198639465234 0.138891319174138 0.0752552564754151 0.0975133204524041
"ufb124" 0.727751019412051 0.690576499955601 0.171136272428331 0.433836978317315 0.120337791465209 0.0741985920902883 0.0927592698379506
"ufb125" 0.582948222387207 0.538239305984357 0.141854572449999 0.175074201010832 0.0902675998194942 0.0473635589860909 0.0951471006701934
"ufb126" 0.61510135114733 0.590952414161843 0.148736930432619 0.266357406253107 0.101479476888552 0.0567593953664722 0.0903668533902226
"ufb127" 0.627388347801908 0.596205225507038 0.154604408912731 0.276194474708612 0.106945179330712 0.0664428880189136 0.0882608652812511
"ufb128" 0.638432176487423 0.636272977197995 0.174757623618182 0.292631253372594 0.123099172229921 0.0673129019094506 0.0967105479902604
"ufb129" 0.748007135212634 0.627084813423999 0.13868896343701 0.624189885980831 0.104029616142033 0.0609676906479116 0.0292359266656542
"ufb130" 0.73855658190699 0.726371205820256 0.191883382539075 0.483104039427714 0.138800582770638 0.0975709053038981 0.115471524672561
"ufb131" 0.689489284710587 0.68300636196662 0.183344248223941 0.375735771257363 0.129118674613908 0.0876737912422857 0.113820952383623
"ufb132" 0.700305869617838 0.698287652497401 0.192216648740817 0.363981750255656 0.135006746354688 0.0932792351804003 0.129090820355707
"ufb133" 0.659798832002649 0.638813888180293 0.186732362174767 0.152767441568036 0.122556502799583 0.0609476600093988 0.146637507791717
"ufb134" 0.734939759036145 0.637967021498643 0.149163130338152 0.734822371883974 0.118156002485139 0.0534475723068625 0.0132753489749083
"ufb135" 0.830218700286864 0.7226607322925 0.158754703028007 0.688694817281264 0.121513828533116 0.0717168574621884 0.0522125467204365
"ufb136" 0.730442503253526 0.610135545938986 0.131154294865627 0.630823229363999 0.100302724287152 0.0595839858728186 0.0215762321478188
"ufb137" 0.623434834177366 0.614496317547847 0.173928491811689 0.166314109214989 0.115258461532338 0.0624446077018081 0.132048417605365
"ufb138" 0.623350305568477 0.613422421700064 0.172617103462713 0.164380396974497 0.115384019763521 0.0624358318126579 0.130670544647219
"ufb139" 0.732029932058953 0.722807328082131 0.178737104171761 0.559249362398497 0.138737057960029 0.0721703731363861 0.0750749566154125
"ufb140" 0.682352941176471 0.662421336529817 0.165176177660843 0.682155683379478 0.128420589492567 0.0597223555566263 0.0331657595122063
"ufb141" 0.610495912392159 0.630722403845168 0.163875001812284 0.210843734642213 0.112843392832164 0.0679250064230272 0.113986631593566
"ufb142" 0.731139514627303 0.72427568313325 0.185694759070248 0.415255781132255 0.13223024149434 0.0807090046043443 0.108713728324004
"ufb143" 0.798882442881085 0.752908064733446 0.184343304085154 0.510154709007993 0.138855191487962 0.0718898007218482 0.0966613035672118
"ufb144" 0.722494303004702 0.66716963786074 0.161890685174306 0.432422696812781 0.113503363751116 0.0681491704121707 0.0825599619230104
"ufb145" 0.739483567429097 0.654924578527063 0.14940482996251 0.527497704720515 0.107687271250411 0.0653042368042537 0.0581268742132995
"ufb146" 0.606776031536303 0.587598373133188 0.157731142702381 0.152519236311084 0.106833493025172 0.059884282403169 0.112912190314458
"ufb147" 0.606255950236186 0.575293322769941 0.141886567487462 0.236402084542198 0.0959583564697509 0.0527110448832508 0.0830518290079807
"ufb148" 0.645578980733966 0.65187480890569 0.187579997760243 0.387206784688652 0.134939329227182 0.081239670092761 0.100250971592445
"ufb149" 0.621364803648703 0.612182433095669 0.171089044095817 0.340212278779868 0.119866748829113 0.076586109477498 0.0926213450374091
"ufb150" 0.680961388285625 0.669305369018077 0.188763615272852 0.257992131331838 0.124214264992879 0.064177841758965 0.133280031382017
"ufb151" 0.689991216254101 0.690622837370242 0.200896203367008 0.246228744228526 0.131757005413698 0.0694496744525119 0.149055089758266
"ufb152" 0.658162861711428 0.643011236695193 0.188481837631758 0.166571808727666 0.125731941604072 0.0617101417587965 0.148471670512267
"ufb153" 0.668586788422945 0.683550035703159 0.199875409171885 0.201543978283125 0.128376117191099 0.0682642694788124 0.152184770351335
"ufb154" 0.593816845867913 0.639751467098365 0.180206309061966 0.129286511952442 0.116231682389761 0.0591975754441314 0.139091988775601
"ufb155" 0.857142857142857 0.735001369737924 0.152409088497475 0.855352256541131 0.129417671593814 0.0639975017818823 0.0177872155131715
"ufb156" 0.627682376167918 0.663705410836694 0.199868447713726 0.117356000537134 0.128265129099083 0.0568405448383514 0.160421599111367
"ufb157" 0.624624285045776 0.607892318368521 0.171147926940065 0.164409252835667 0.113352628658605 0.0622143196967832 0.129131230623173
"ufb158" 0.684387576817893 0.677051242816825 0.183188118078406 0.363913786596804 0.129790399171267 0.0853813229933626 0.113651530612732
"ufb159" 0.645689477929095 0.684449684375998 0.20068370147377 0.434463226927203 0.152824393350966 0.0832848597759715 0.0996546381552025
"ufb160" 0.611796043527606 0.640865969525809 0.176239619133878 0.141131416536442 0.114260902512731 0.0557868059195672 0.13448956481501
"ufb161" 0.607321507925987 0.624720348741569 0.162544793644295 0.199695422404491 0.110617087766977 0.0659790723134697 0.112577055008538
"ufb162" 0.686901570552893 0.607724784486218 0.149527894302638 0.466850324155392 0.109806462324476 0.0679572094237171 0.0576211747360158
"ufb163" 0.629624746084126 0.580711931802707 0.172843509199552 0.405528480000183 0.130708650384748 0.0595335258967215 0.068295602898227
"ufb164" 0.712781269278898 0.686993270096974 0.169453972819302 0.387557755917922 0.119937355277161 0.0694401879884371 0.0986538275489561
"ufb165" 0.703888957985687 0.659949047097708 0.161256507447848 0.356439494870391 0.112746023494464 0.0698100891043784 0.0956785565069336
"ufb166" 0.622002415885823 0.606198707831303 0.172446417721223 0.166314109214989 0.113406833411822 0.0622230670676737 0.130495545324661
"ufb167" 0.602597903516943 0.660913997795088 0.194264542215895 0.141046175962949 0.124322591135289 0.0602991655156505 0.154539293094849
"ufb168" 0.719624445075316 0.682862286405714 0.174326420294196 0.421784044152686 0.129076988965509 0.0746948500322664 0.0962727255773077
"ufb169" 0.639465843871828 0.646262351620879 0.174113169138368 0.292631253372594 0.125587925118023 0.0683868268910876 0.0959198081017611
"ufb170" 0.728387630286588 0.742273983949139 0.198647090094903 0.434797795162416 0.145100142155162 0.0961174318279563 0.130506390448445
"ufb171" 0.729917627593038 0.63578813060263 0.140608908567304 0.582607379693211 0.107647745186502 0.0718189015015781 0.0477928969428304
"ufb172" 0.656765412036992 0.553601162757881 0.139345811842041 0.363481545892696 0.0965158204420249 0.0606051906334642 0.0661894723175017
"ufb173" 0.607151276582497 0.624138516621145 0.162826165052252 0.210731988670406 0.109262653707204 0.0575405228536265 0.110836512492247
"ufb174" 0.715763599865731 0.713726427947793 0.196754480468757 0.317145723052749 0.140041942549975 0.0651457575553383 0.141913403773447
"ufb175" 0.688085693762121 0.681104356636272 0.183808289903597 0.297004246293799 0.128796682214559 0.0597154776409933 0.13089763370407
"ufb176" 0.667766904138185 0.673124649407605 0.192169567958284 0.23655234157181 0.130329965952617 0.0827159483281801 0.13337790995414
"ufb177" 0.642315180651109 0.671502329402279 0.203120842845509 0.142085264316967 0.128401554758928 0.0764494312834291 0.160729202945303
"ufb178" 0.714354221551916 0.71262883235486 0.191437930574733 0.452989702004717 0.138904080881458 0.104416838403334 0.122577335756685
"ufb179" 0.693698264238992 0.70679285863645 0.193905002641826 0.393317381733772 0.14110672139688 0.105376556853593 0.13089067141587
"ufb180" 0.635194908456561 0.654921622232239 0.194758782668976 0.129200690790619 0.12474745184052 0.0579094768672889 0.155103091671091
"ufb181" 0.621675685991965 0.634876228385238 0.184109115784265 0.130735909560403 0.118084546161091 0.056308656264844 0.143882379640493
"ufb182" 0.668275085968627 0.579339227547697 0.150798759885021 0.309582149380948 0.104768171639945 0.0591853409422535 0.0927921866247258
"ufb183" 0.647684885221406 0.567672658336447 0.150014544662639 0.387981347440321 0.109652539229095 0.0590479186101046 0.0589922186598416
"ufb184" 0.685517931053241 0.693069768624891 0.196341878076906 0.293817040856346 0.132174029948449 0.0689634210552601 0.146558515235766
"ufb185" 0.716649925810125 0.720222441376288 0.190559526851093 0.46519029901499 0.137859875704965 0.0974816968192964 0.114022491169298
"ufb186" 0.619262141191153 0.617714244739915 0.156241794652622 0.19013288428992 0.1062772166544 0.0465354937511231 0.109126846311857
"ufb187" 0.699092130707591 0.661031433454708 0.164020966218121 0.328010646403384 0.113186762645012 0.0684145697099576 0.1069111011315
"ufb188" 0.647554515975115 0.629578310239608 0.178994670772697 0.187720647250653 0.114323448852779 0.0507776312752694 0.133138952280743
"ufb189" 0.614813247815266 0.626805818575323 0.163353107813744 0.201358100906984 0.112027553347564 0.0628767686263439 0.113449514408558
"ufb190" 0.590556663575282 0.625725798044497 0.171196816545725 0.129306946330526 0.110991547557232 0.0517813608955181 0.129191181493837
"ufb191" 0.755018835267162 0.754377465568551 0.192259896646707 0.481994428220245 0.140633379602737 0.094704283619554 0.105761495349034
"ufb192" 0.760249486533082 0.767178791737642 0.200213652211887 0.458398210371039 0.146219330463887 0.0993127007645093 0.124735048265549
"ufb193" 0.647654724096036 0.554118537761077 0.140948078424397 0.281607981158873 0.0936618781869335 0.0529894649149899 0.0822686325294221
"ufb194" 0.626542294719359 0.617714930081409 0.177540917203545 0.164408608738103 0.118243807071511 0.0640205241612994 0.136286277689003
"ufb195" 0.564705882352941 0.565835999326486 0.169814733461135 0.564508624555949 0.125314007136184 0.057051047164268 0.0385378086249992
"ufb196" 0.736784796135718 0.706364561102579 0.17784487495912 0.438818196783026 0.132552282653114 0.0784264682231953 0.100022061010632
"ufb197" 0.825023058019444 0.843605246477156 0.200771553552997 0.717392418855852 0.160527968457029 0.100370027724661 0.100182535358897
"ufb198" 0.643996209780005 0.570775579999671 0.152450704632513 0.390227328951949 0.109282697806477 0.0593078271771737 0.0607580438318153
"ufb199" 0.639090730372266 0.585636485423887 0.16698127833249 0.395989965103448 0.124556322756784 0.0549443490836275 0.0614503923170755
"ufb200" 0.648909412740083 0.648051928180153 0.191518116272088 0.152578401117653 0.126833894418542 0.0594147918115682 0.151657682735876
"ufb201" 0.719469056996565 0.693652338010879 0.17222114223599 0.389536044964593 0.123781613159363 0.0705727247036644 0.101422335720508
"ufb202" 0.756269166075632 0.760322294125111 0.194261275643155 0.552522911354992 0.148163550720056 0.0902725354805315 0.107977195861605
"ufb203" 0.728147760579563 0.731658769300197 0.191444795740422 0.458398210371039 0.138624463166896 0.0867968688421209 0.115138644479101
"ufb204" 0.785714285714286 0.845632694689298 0.203855625482992 0.785689126462629 0.16929742552869 0.077743967740689 0.0779990205777123
"ufb205" 0.761904761904762 0.636517328825021 0.138022009412913 0.761915943794387 0.11178632293241 0.050868212593813 0.000702091541024342
"ufb206" 0.685896994413386 0.587090212279607 0.150099392516328 0.353124599745426 0.108718154641916 0.060118633585659 0.0836629301334623
"ufb207" 0.673193637710908 0.577792860307495 0.148603193054264 0.399820057328924 0.10861985553998 0.0669777233922459 0.0682539315666714
"ufb208" 0.694164522947896 0.651876243043256 0.160848483288884 0.323885455260882 0.112111908902069 0.0623253142873284 0.106392358659383
"ufb209" 0.696463858273371 0.666093618565778 0.167234799867048 0.296748701381688 0.11503904437752 0.0644844103815824 0.115599545682347
"ufb210" 0.687933041354399 0.66513646109058 0.168549301052684 0.292765292910453 0.11615042052686 0.0632280944300768 0.119009997499545
"ufb211" 0.683330571640959 0.643422098106254 0.187837470754505 0.211241188488163 0.122352431291387 0.0705835076739827 0.146108606405394
"ufb212" 0.699412109918928 0.733264247013513 0.204797492537931 0.261484671387242 0.145004184022659 0.0738027888738611 0.150518629590217
"ufb213" 0.703829060726793 0.608876932392142 0.146730067243276 0.423901748435505 0.102412022939319 0.0701969377908009 0.0740694631569587
"ufb214" 0.790869363047595 0.808023707540592 0.197091455885909 0.658568889444087 0.152893802425726 0.094626795162412 0.0960392692287285
"ufb215" 0.746466157203242 0.753970843502434 0.190077283179619 0.505553716064637 0.143019774218124 0.0911488900074712 0.103345152524235
"ufb216" 0.785714285714286 0.837789147510269 0.203574097483886 0.785571716621564 0.166107369846597 0.0804511076844566 0.0766091074386947
"ufb217" 0.609011053137078 0.639322242466653 0.1868972097559 0.105586827673121 0.119579991053922 0.0623290138174125 0.146810529399005
"ufb218" 0.603180591636238 0.587292451130727 0.160535346202582 0.154271569146925 0.107595843620969 0.0611990104834661 0.115865611563924
"ufb219" 0.678151246065194 0.587783162996523 0.150238376487965 0.344116720886701 0.105779512361881 0.0578775788346244 0.0838558670978171
"ufb220" 0.701321328387336 0.693676619502449 0.195698828381898 0.325815613234208 0.135996555911526 0.0869430125937769 0.127156289033418
"ufb221" 0.640817146257276 0.626281970607581 0.17950103624007 0.152523220983509 0.11872704853614 0.0613076032607956 0.138359255066351
"ufb222" 0.720116109488848 0.694491102829248 0.169706680679109 0.422934783361755 0.122890591960592 0.0752731707039648 0.098928077566091
"ufb223" 0.714243778839875 0.671940118588274 0.164988659203735 0.392208670858629 0.11685705245234 0.0726475502605364 0.0997025100674545
"ufb224" 0.675452773536249 0.616503092121115 0.175007037092205 0.234806356876486 0.113785441792918 0.0702983019113441 0.13013574446281
"ufb225" 0.615319844888977 0.676787412911021 0.200702885582125 0.406322422817495 0.149188205075957 0.0874095579767597 0.0993927565152998
"ufb226" 0.628349278068727 0.673019669918966 0.202963989239193 0.128457854491549 0.132158357856562 0.0743302187167708 0.160578542952306
"ufb227" 0.629575406378995 0.679951495843782 0.207046772476068 0.118112011092078 0.132817946907385 0.0768705016921032 0.166332960903755
"ufb228" 0.773809523809524 0.78012470771629 0.17795567011703 0.773597067906644 0.146186612938999 0.0696102738909846 0.047961483009526
"ufb229" 0.630952380952381 0.729826853969291 0.195658254646828 0.621813358439837 0.149627529735525 0.0673550893195433 0.0672956787747467
"ufb230" 0.481927710843373 0.571267985611511 0.199721519355338 0.475468961810897 0.155639344278289 0.065285054735343 0.072097890662268
"ufb231" 0.693858455614509 0.638524875333411 0.161301754373557 0.391404236791172 0.11555017708771 0.0720997285984509 0.0899112527404142
"ufb232" 0.595879109887748 0.657001046029499 0.192679120813949 0.130710876147726 0.122073552165415 0.0661076039872968 0.152921012768689
"ufb233" 0.756856188829933 0.740273365779734 0.181301400565576 0.571099234878197 0.140903881317915 0.072162434109406 0.0782619145711863
"ufb234" 0.735582546074308 0.750565935100529 0.206682932747325 0.399408693947999 0.147781362421644 0.0978022869801595 0.144747269506476
"ufb235" 0.63357431211532 0.658656636656754 0.190647714131677 0.175780825357327 0.122551413841343 0.064188242192799 0.148419437177691
"ufb236" 0.618253799675059 0.612620932052942 0.170583569940928 0.15254816108153 0.114346985890465 0.0691349828996266 0.127977341753807
"ufb237" 0.741373028440131 0.747384662337442 0.201344022928137 0.42301536347704 0.144739984792364 0.0936099713391473 0.133432649072956
"ufb238" 0.659711373737602 0.561381251955094 0.137458250063397 0.421375741023838 0.0971131115239597 0.0527207223384335 0.0448982985660352
"ufb239" 0.653407369982872 0.547579573776611 0.129087807910929 0.421866016458775 0.0898659544082206 0.053601751811017 0.0467559188579523
"ufb240" 0.601814984458864 0.641416167975371 0.17835529469289 0.176230963518091 0.119638921233465 0.0557667315508944 0.137141504444232
"ufb241" 0.744232805640868 0.65011436003229 0.151216763306166 0.546259129458223 0.108530597819156 0.0754400392172807 0.0708964062508734
"ufb242" 0.689202258349272 0.669197883999664 0.190078985518176 0.269740161159014 0.124819566340925 0.0706981093459968 0.131186337183913
"ufb243" 0.617311483294832 0.630102332206761 0.163270911041909 0.19013288428992 0.112742092617212 0.0587634249130489 0.116524984748869
"ufb244" 0.659206212332608 0.592562042238498 0.148201403829106 0.423245589007694 0.110450960087265 0.0623693130213761 0.0569849141556223
"ufb245" 0.590230540675194 0.638764307379197 0.183261614504613 0.141073646862008 0.118432730832227 0.0586631761979639 0.142854901980854
"ufb246" 0.608415439170661 0.572433573245306 0.142622712645697 0.245109651799252 0.0979264539680223 0.0519215304406775 0.0801041202484953
"ufb247" 0.612362241103506 0.631378622031606 0.165039296204922 0.199262446811926 0.112096507777136 0.06354899046638 0.118392165093715
"ufb248" 0.617846564265095 0.594590040035951 0.152233449501419 0.280924176898194 0.105997881587331 0.0602049130185775 0.0856830369798061
"ufb249" 0.612107465611159 0.636314332994952 0.172184016623115 0.202199636674153 0.118305170134112 0.062786456014192 0.129642594805444
"ufb250" 0.608604606409283 0.589195911741016 0.162867386197946 0.164362417468093 0.108918342689322 0.0595105481891755 0.119141878363035
"ufb251" 0.694688075586386 0.676903407608412 0.165746059214626 0.399290814040637 0.119410589489128 0.0711633640865318 0.0946298317365883
"ufb252" 0.67022363294912 0.643492392024966 0.155326879487577 0.340400381865513 0.10999473994201 0.0711518963077164 0.0939168858013157
"ufb253" 0.621246504915911 0.63780693842812 0.173211018533043 0.199889188155903 0.119058435290621 0.057547127924452 0.130727767000008
"ufb254" 0.601638189167386 0.617289188410054 0.161180132961514 0.212929852569151 0.110172000528258 0.0661689907787981 0.106595991300358
"ufb255" 0.706942409130555 0.695836974068095 0.192370990488333 0.443275758879258 0.144111852715326 0.0846764855567148 0.105556959924
"ufb256" 0.705779582587047 0.714487802274062 0.18269437884621 0.529009701599023 0.13423428669424 0.0760438217042432 0.0798302098318875
"ufb257" 0.706544769352317 0.689276225746719 0.177129855473301 0.481994428220245 0.128801940297061 0.0810530106193356 0.0890112246393763
"ufb258" 0.68136420199465 0.660074294562697 0.162942520174246 0.351076965610304 0.11361996014596 0.069633042752239 0.101887987130143
"ufb259" 0.609963878159887 0.595559258923145 0.162260564404607 0.152535387185371 0.108561657361609 0.0610730357282312 0.118524686561713
"ufb260" 0.800799194171615 0.836029884716244 0.211272604839013 0.635055109009575 0.166434017629374 0.116183514201604 0.126810215937092
"ufb261" 0.65926346069068 0.558652675953846 0.141395470772303 0.285674334998508 0.0967319009908675 0.0526868010325089 0.0790174732116502
"ufb262" 0.612193370398398 0.628192507198811 0.161024340827847 0.19013288428992 0.109828591862279 0.0533237940711836 0.114141581382695
"ufb263" 0.68685816095973 0.646839438374002 0.15684620128687 0.386908340906882 0.107066134423761 0.0688705675273975 0.0850353860854636
"ufb264" 0.604737763740451 0.629422926665923 0.165048429582187 0.21343268828998 0.112037467757248 0.0706124077211677 0.116955689794588
"ufb265" 0.586708816392063 0.62572582437224 0.173830046682635 0.129306946330526 0.11273546244717 0.0628615545005587 0.131957869737988
"ufb266" 0.678984186089605 0.684412694362943 0.198488043908913 0.400733153261256 0.147288715999491 0.0885249423214175 0.112380339791341
"ufb267" 0.674453388182585 0.664065911671373 0.191255605080051 0.348316623088834 0.136827615135887 0.0859754838775581 0.114732092944277
"ufb268" 0.606855558778733 0.524290302012834 0.142375134963028 0.222732891521702 0.0943586548943664 0.0573972233527629 0.0867754566967964
"ufb269" 0.677797893080672 0.621567606953263 0.171190599350135 0.329023458829739 0.119275206550976 0.0681628811352163 0.0925608654598422
"ufb270" 0.658602734385089 0.658480498394238 0.188569910256847 0.201660234419039 0.120579873061408 0.0598028625735347 0.141859646764836
"ufb271" 0.695365896642733 0.614853406692795 0.158244020575783 0.410222943824593 0.117479961558052 0.0701745034141809 0.0786684209491489
"ufb272" 0.696334106754629 0.732032995077082 0.205576074019148 0.28189519982054 0.143901024295288 0.0755749039579341 0.15133728600981
"ufb273" 0.70264064628117 0.657388013765125 0.161733947362486 0.351504407605588 0.113213905888411 0.0696000007746634 0.10082371546697
