NaN NaN NaN NaN 1
NaN NaN 0.5170595 NaN NaN
1 NaN NaN 1 1
NaN 0.5194754 0.6031007 1 1
NaN 1 0.9504409 1 NaN
0.6412916 1 1 0.8477213 1
0.5927417 0.3487023 0.7911793 0.4142683 0.9506903
0.9465361 0.6709283 0.469428 0.9533999 0.3931772
0.9962747 0.9887775 0.8366881 0.397848 0.6908296
1 0.7975215 0.9143049 0.4805585 0.7471587
0.8532262 0.8760841 0.4684256 0.5083956 0.9420586
0.9355703 0.9588549 0.4053063 0.6378441 0.6667747
0.3399003 0.964334 0.6525549 0.5680661 0.7847495
0.477815 0.5693959 0.4584292 0.6983926 0.6879915
0.4365541 0.7746145 0.3393415 0.7131823 0.7426433
0.645284 0.782107 0.3878061 0.8070531 0.4870385
0.632054 0.4690565 0.4302718 0.323513 0.3579718
0.7566414 0.4063914 0.3851079 0.3331763 0.485038
0.5489867 0.2990448 0.4126997 0.4976193 0.5712189
0.3663989
