NaN 0.6652968 0.2537769 1 NaN
0.5705909 NaN NaN NaN 0.6995728
NaN 1 0.6516979 NaN NaN
NaN NaN 1 0.4726911 0.6532955
0.5525882 0.4898692 0.1681529 0.3085502 0.6679987
0.7293354 0.4529761 0.1433648 0.3554225 0.5701736
1 0.5973613 0.3452282 0.5706922 0.1653365
0.4036308 0.4048668 0.411303 0.4943934 0.6100835
0.3114026 0.347546 0.2659577 0.3620781 NaN
0.3965152 0.2190371 0.6253132 0.2868408 0.4626096
0.3982307 0.2139884 0.3641954 0.2336013 0.2868837
0.5597806 0.7389412 0.4954255 0.376622 0.2876026
0.5736671 0.5715281 0.2249208 0.3973099 0.1426955
0.1509569 0.2215946 0.3291524 0.2203867 0.1788122
0.1935147 0.1690923 0.2374184 0.2721839 0.1969229
0.3396941 0.1684132 0.3586833 0.2405534 0.3166715
0.2117569 0.2577335 0.1081509 0.2447003 0.1735925
0.1605731 0.1611511 0.2193384 0.1841103 0.2518181
0.1122419 0.2135256 0.1996335 0.1576361 0.1645059
0.1690565
