1 1 0.7871076 NaN 1
NaN NaN 1 1 NaN
NaN NaN 1 NaN 1
NaN 0.8656764 0.7274855 1.101468 1
0.3658676 0.3008831 NaN 0.5443624 0.6353163
NaN NaN 0.7081172 0.9941385 1
1 NaN 0.9435907 0.9482256 0.6580082
0.8382917 0.5639004 0.4982781 0.6054313 0.6820471
0.2930106 0.8661673 0.855844 0.7556157 1.078399
0.665887 0.9212728 0.3602024 0.8226056 0.4850983
0.8594301 0.5396081 0.6950798 0.5499336 0.6022668
0.5006534 0.5137598 0.8885669 0.5171788 0.5656521
0.5843161 0.6808698 0.7841137 0.5260236 0.2918567
0.4281918 0.3818353 0.6774841 0.3070342 0.3856512
0.6410342 0.5155188 0.8744506 0.3847162 0.4072068
0.5697328 0.3682302 0.6430071 0.5499112 0.3642158
0.1987911 0.2691959 0.2137604 0.1914159 0.2355864
0.1597004 0.2155176 0.2681253 0.3297034 0.2552416
0.2862552 0.3048071 0.2796757 0.2019767 0.1548206
0.2078576
