"quartet" "cluster" "phylo" "mutual" "shared" "clusterNorm"
"mb49" 0.8298458775072 0.253855564938269 0.551362208215691 0.19724090486335 0.125739502926037 0.17091907706558
"mb50" 0.827218199191812 0.247654490061566 0.599878345390838 0.198356404876078 0.13115128515025 0.164446346342117
"mb51" 0.901976538646955 0.276611962930938 0.795090383322431 0.232405371912664 0.113185259555884 0.156572955460597
"mb52" 0.808250621665852 0.241554810566639 0.468897070644276 0.18006364934132 0.117539372137637 0.167349124451996
"mb53" 0.861215023193177 0.217973018895532 0.794983976645457 0.173589344907314 0.0845664666529007 0.086668547466818
"mb54" 0.828810735559258 0.236120222264192 0.714467475390811 0.191749869431963 0.11919493060519 0.135763101721957
"mb55" 0.716728182506234 0.229261627109848 0.117571673534288 0.14877099750097 0.0777797920569654 0.190410811242784
"mb56" 0.876579094466182 0.249742303707622 0.823457015894305 0.209446765043335 0.103844380441579 0.126016298164634
"mb57" 0.815665359016177 0.248276604162673 0.566831880942495 0.194973096930846 0.116804538478887 0.149239334544456
"mb58" 0.862098546994799 0.212217358923407 0.764527329219742 0.175342744899897 0.111198945834833 0.109250234567029
"mb59" 0.689276998618094 0.196101139383762 0.263362862425981 0.139612901461852 0.0850314056216249 0.106337904114416
"mb60" 0.938410395889997 0.244706591762691 0.939683689985034 0.212813942986455 0.108203574953327 0.119502905134696
"mb61" 0.851161079154804 0.253186737653159 0.646384857498778 0.201251277602991 0.126113436791226 0.154906928354923
"mb62" 0.706416153477135 0.217790547983167 0.117101731397189 0.144705888526076 0.0745123385468641 0.177339053909801
"mb63" 0.754223018847428 0.194844825715579 0.607260508069419 0.150047137936099 0.0898712602914581 0.0893806962514838
"mb64" 0.711232158863683 0.216204877951969 0.463973414714745 0.172272185004056 0.0824156463709587 0.0846715137580162
"mb65" 0.782833270034182 0.197876093832739 0.734592104041739 0.157892723529002 0.0764257881274373 0.0655967618764586
"mb66" 0.84849860071099 0.202501073949083 0.835180115527859 0.172466816745021 0.0855592445168879 0.0709844536828516
"mb67" 0.7597372714722 0.197665375069467 0.501989544008331 0.146483043360966 0.0974240341027601 0.10879631495964
"mb68" 0.772779981690571 0.189604696836978 0.658407078021175 0.148125477789875 0.0858970133584468 0.0836819846475146
"mb69" 0.695367987757508 0.210047043530875 0.0944599903183827 0.137347532452163 0.0699304185379822 0.170231888027998
"mb70" 0.801978592280246 0.202232661356826 0.776274413359096 0.165834075015478 0.0792317680985481 0.0706717768090797
"mb71" 0.725857740585774 0.188231148855397 0.686552531821302 0.150213642001798 0.0705195494301193 0.0518603070792288
"mb72" 0.725978465394716 0.211359268499359 0.316223527282347 0.14584629290571 0.0897926897537927 0.151584560611616
"mb73" 0.712036309158782 0.223152677969495 0.093871782681843 0.144762957188515 0.0726971198733584 0.183756504221276
"mb74" 0.725508457166336 0.209499644075073 0.410703029507986 0.156063409346427 0.0857332009116502 0.121388196512903
"mb75" 0.726070652542343 0.218412077428697 0.327435490738102 0.153528189690044 0.101057247339521 0.159394847817766
"mb76" 0.848938391924817 0.246089030709439 0.658742289398731 0.198054162191753 0.119405472092356 0.147549102966819
"mb77" 0.708978525538455 0.216708908843627 0.152016816460741 0.143393030187501 0.0804867768356754 0.174054203680305
"mb78" 0.639692254781451 0.172511503827096 0.106572633079414 0.118368425258101 0.070933886944675 0.121637788522147
"mb79" 0.679083768727726 0.190135131467014 0.38541561165283 0.130970402738579 0.0812762432600842 0.118604339376461
"mb80" 0.636263831508393 0.170771359798973 0.119784032730219 0.119049205973274 0.0732840745145328 0.117608372249059
"mb81" 0.661088939722333 0.180768813541402 0.362132566696088 0.121846325519811 0.0803244462107054 0.114194871287662
"mb82" 0.86215552232429 0.253189790231252 0.768059176406678 0.211760841506046 0.103845208819786 0.12957675821533
"mb83" 0.76208214880894 0.167908363553096 0.783085822360448 0.138478734353653 0.0646834256151501 0.0288452283339938
"mb84" 0.634278528011498 0.172539488451785 0.190694870813579 0.12067234430796 0.0705045659774565 0.0916103708875484
"mb85" 0.637264886118097 0.172926983717399 0.315309024615981 0.112319804950162 0.0698193738657021 0.110410558802044
"mb86" 0.729975998810561 0.211437423421727 0.319308737631395 0.146842776413307 0.0901875708062986 0.147227123639084
"mb87" 0.681503695928647 0.201258871814208 0.0944689906565808 0.131552533978754 0.0622319934169515 0.160758793952079
"mb88" 0.782746111141648 0.196621465331461 0.631012212060855 0.150953385741946 0.0959930779323064 0.0910220709361159
"mb89" 0.711616442712889 0.181575692521561 0.705529529956381 0.145836069323686 0.0698753712759149 0.0466082394664289
"mb90" 0.646491065027482 0.174477176474872 0.106542601112451 0.119765022092415 0.0658353945557962 0.125557187659774
"mb91" 0.708451842759199 0.171927830750407 0.590813890354263 0.133032362761246 0.075064032037668 0.0628187626749989
"mb92" 0.64856617596807 0.176068469822673 0.106520541650595 0.121361923383745 0.0620090124375203 0.1288001278037
"mb93" 0.626043992158018 0.165929721819134 0.118426956135106 0.114591577624377 0.07123807498902 0.109831353586719
"mb94" 0.787351913406631 0.195218492540047 0.710481711928166 0.154845257359116 0.0718165709809787 0.0625008919809984
"mb95" 0.742171569038241 0.188002609102813 0.565707077883889 0.141935496163362 0.0874606832368744 0.0818704960477408
"mb96" 0.761923767711036 0.154195561127683 0.799778653426403 0.124795137809971 0.0587376165881287 0.0147128137872034
"mb97" 0.655442516686132 0.179938179337284 0.106504939671063 0.122256280284347 0.064331471514195 0.134194176868099
"mb98" 0.785607784666091 0.192356102564134 0.746671497937145 0.154224994991869 0.0736584020269849 0.0565210228647797
"mb99" 0.613483919050622 0.161053509204774 0.190221957141037 0.109840456211075 0.0683750688424781 0.0867766280791612
"mb100" 0.660141479310672 0.189378802524626 0.0944802234870553 0.124476238232115 0.0593829953025014 0.14792644781798
"mb101" 0.708750849788936 0.21861539629439 0.0960585541735523 0.142651275653745 0.0639676615803234 0.17864975859058
"mb102" 0.768181377877754 0.222850193752986 0.415080112430674 0.16118457612455 0.103978049733678 0.153947611293621
"mb103" 0.753697154798264 0.183177383984511 0.552551537606497 0.136306831920637 0.0935987053244782 0.10358499208442
"mb104" 0.6701607267645 0.140588833153383 0.788113594593047 0.115986131888679 0.0547635697434827 -0.00113781799386776
"mb105" 0.62661688356468 0.166435524789595 0.202613300239428 0.114749442177262 0.067032849237658 0.084909413911561
"mb106" 0.783509859775578 0.189323222389768 0.576082421593999 0.143771594388355 0.0849207759494006 0.0996637389073294
"mb107" 0.614944297920844 0.165732369484865 0.142293544905055 0.112145806489008 0.0694571170762476 0.102618734920839
"mb108" 0.733540555749082 0.1857936420537 0.589838276122203 0.140682450884804 0.0866428955769056 0.0787709938229472
"mb109" 0.749960411718131 0.187300701945762 0.746671497937145 0.151860882290753 0.0726136797210389 0.050615370361772
"mb110" 0.862423873325213 0.235554177407189 0.73142744271393 0.186003794488952 0.0910966443514475 0.108495962385571
"mb111" 0.632377011994846 0.167511675993985 0.315498258774568 0.108635488595204 0.0692877071128892 0.108405750481609
"mb112" 0.704851933062342 0.216381339591604 0.107826072039651 0.141774279438704 0.0622190214958418 0.176302872247802
"mb113" 0.774196028975254 0.186047816774404 0.611514753479429 0.142862208489464 0.0854989412084344 0.0960260789585742
"mb114" 0.625013603362233 0.172323492379034 0.154313826321476 0.115262725977298 0.07276514812729 0.105005485041027
"mb115" 0.617243156705388 0.162835688594879 0.118490189436851 0.11181200763938 0.067858472887132 0.103348901322066
"mb116" 0.613889751475022 0.164072233671622 0.178776441387731 0.115627035547727 0.0670035490005231 0.0823149829844299
"tnt1" 0.585392323753175 0.152761522569925 0.144140676338535 0.0996846959903282 0.0586644988808369 0.0838692875123029
"ufb1" 0.712443030355147 0.191325267096534 0.504890060821184 0.139940526173304 0.0826323395344701 0.0847690918816921
"ufb2" 0.713178430821147 0.171841727163518 0.575858232614147 0.129889238643853 0.0824327367100842 0.0802488198113264
"ufb3" 0.699478266010435 0.190073574842652 0.490583279090689 0.142697964777018 0.0845180728762244 0.10016739728089
"ufb4" 0.828632700805823 0.21318827127837 0.811675875460552 0.179731545536967 0.0873621850222075 0.0834340910944416
"ufb5" 0.811133200795229 0.221094991056277 0.658608204847709 0.178330197758676 0.109290511144936 0.119288217543079
"ufb6" 0.733344959888385 0.176797745445575 0.743850008619778 0.145811389716968 0.0681776317645262 0.0379204371439349
"ufb7" 0.755940265249716 0.218033919693154 0.335625240611199 0.157503948687681 0.0956214199101148 0.148785258439917
"ufb8" 0.699234235165244 0.210263067072136 0.0830155154420276 0.136199089073926 0.0592867113184937 0.170453862607866
"ufb9" 0.70656317748599 0.218207075111882 0.0950117368528376 0.14055015237519 0.0700759594199671 0.178940426388182
"ufb10" 0.69403285090742 0.197952103720727 0.468010125958136 0.145273780973157 0.0832372443568993 0.091971502387027
"ufb11" 0.807531137236643 0.226001831096904 0.719277021277095 0.182591868586148 0.0897124952604598 0.0968586202731275
"ufb12" 0.747490938497307 0.203468245257978 0.51414950424582 0.152812390699655 0.0901206962281032 0.115048947960072
"ufb13" 0.671246579306542 0.197597683580479 0.209092481253615 0.130604681180223 0.0739753916214951 0.146236434294463
"ufb14" 0.702477062073338 0.214770784585668 0.105317667206928 0.141216981444421 0.0597423119488997 0.174609944808089
"ufb15" 0.705940975783631 0.218763223901848 0.107875855987941 0.14281264946872 0.0612180309075882 0.179145557021645
"ufb16" 0.677595889300679 0.198976750520749 0.163750135309402 0.129953014057998 0.0616046588778528 0.158360957958558
"ufb17" 0.647457075513565 0.183321201715164 0.16379811928208 0.120449848361936 0.05703782399953 0.141096253909938
"ufb18" 0.633205198608823 0.175977195428621 0.163814908442008 0.115538190027 0.0551586635732368 0.132781264145268
"ufb19" 0.636952095978486 0.169867755878644 0.210733067707441 0.116119997732659 0.0598214750566261 0.120674615555695
"ufb20" 0.610539782654526 0.161848916170188 0.24607493753105 0.10949349948572 0.0631560385198925 0.105482899513579
"ufb21" 0.59337548669783 0.15282016605551 0.304616553692653 0.105936392031616 0.0695923314369814 0.083915880681974
"ufb22" 0.599018168935675 0.157052094515467 0.316297107430101 0.108861461541422 0.067347758656865 0.0824209445461649
"ufb23" 0.649101460127293 0.156478713791017 0.726055777025925 0.126371249147447 0.0574705026529695 0.0159685568813261
"ufb24" 0.738374394089634 0.213798022977435 0.33633602210044 0.150061697264665 0.094894197879147 0.149714640159911
"ufb25" 0.679902951480682 0.202824462197034 0.223372935442417 0.137500798603648 0.0887240092103234 0.149125534884789
"ufb26" 0.643651153547836 0.185638873530044 0.152853372665061 0.125100557600633 0.0720376080328498 0.137358971377621
"ufb27" 0.684334908015139 0.204427686002488 0.129000619767392 0.137327157677478 0.068514582963972 0.161994511153023
"ufb28" 0.674429595797091 0.197232208942739 0.18755658740351 0.130180896926494 0.0793461064818758 0.147846251424993
"ufb29" 0.694746287968113 0.211789408168718 0.142402307572085 0.136948064218222 0.0688121238102304 0.172202525682864
"ufb30" 0.674994906417246 0.196370991439817 0.163750135309402 0.12969498168004 0.0562338415223333 0.155623074160439
"ufb31" 0.69594076887201 0.209114256757738 0.153685459476382 0.13891372228807 0.0760445858565077 0.164996226634274
"ufb32" 0.604578179019302 0.154404213117784 0.304686712734902 0.106672807521892 0.0709678871292417 0.0904335860311122
"ufb33" 0.69774898136397 0.161462677043107 0.643173422324238 0.124305447144926 0.0765316486853082 0.0513036007514789
"ufb34" 0.671181583253601 0.194711329911026 0.163750135309402 0.127559425373309 0.0561115972312857 0.153879259683002
"ufb35" 0.710967617579028 0.146152761435444 0.799836694226601 0.120373821683312 0.0575149686686469 0.00534366518282343
"ufb36" 0.725464734145099 0.177726155137249 0.529057613948482 0.129270385942994 0.0866395641458954 0.0976025875152308
"ufb37" 0.674843251567484 0.147947394164323 0.726055777025925 0.117816453722024 0.0532025271489035 0.00601612663301241
"ufb38" 0.689556561749555 0.208892867299024 0.175678520108167 0.142234144732822 0.081469829366798 0.16201320622144
"ufb39" 0.695300900004147 0.214500331804579 0.0939104648739422 0.139034802199744 0.0637258483661733 0.175047868750413
"ufb40" 0.721296200434828 0.156467882200247 0.761818447678404 0.126609904918412 0.0575893941399304 0.0159559210106354
"ufb41" 0.720556188936833 0.178735647062034 0.452056958442342 0.127851440084147 0.090105573315072 0.106283321110275
"ufb42" 0.608477385916145 0.160335802849167 0.280156908826064 0.105282227127303 0.0619174862133975 0.100720396769493
"ufb43" 0.609914953030465 0.158174174995776 0.246257966440304 0.104252216374102 0.0616633861513512 0.104249015553537
"ufb44" 0.618084443890895 0.161730883956475 0.234422522168108 0.105931790251734 0.0622744660773689 0.110250946146817
"ufb45" 0.541973212119664 0.147634977102179 0.232278067821139 0.101931010081336 0.0583077664948145 0.0929146452517105
"ufb46" 0.541584196576953 0.145092316419976 0.208889440218033 0.0989393612117112 0.0483169566182731 0.0924888182794239
"ufb47" 0.736469589411878 0.210191515784288 0.32779393286095 0.147629306897932 0.0925821355973405 0.145795901257348
"ufb48" 0.616098430207891 0.163864902911265 0.261531851264857 0.111744943249841 0.0702093586876449 0.104451249015333
"ufb49" 0.635980354043355 0.173651036681921 0.326857282981576 0.113402454910629 0.0695683954043367 0.106498675938443
"ufb50" 0.685576923076923 0.150192591612958 0.764494592146748 0.118610278377889 0.0551120864899945 0.0100497091871414
"ufb51" 0.624303481604011 0.166459779775756 0.258379087380684 0.114668976975684 0.0727042787816924 0.110397062479735
"ufb52" 0.602147411045059 0.155578707002009 0.328357142357496 0.106770484433962 0.069419719718629 0.0868987840188133
"ufb53" 0.651762322384117 0.185752840532862 0.117090824771512 0.120497880343859 0.0621604216027768 0.140315719827606
"ufb54" 0.769883402030441 0.221136974505823 0.458659610877372 0.169215936682819 0.101381893491932 0.145243420696035
"ufb55" 0.686881381415776 0.209547261876519 0.0939104648739422 0.135127857768021 0.0645298607443748 0.169846026205058
"ufb56" 0.623317397510946 0.177357546297693 0.325173679325096 0.121627114313799 0.0636480157744345 0.0966868301254751
"ufb57" 0.53815813426647 0.140091199196067 0.197436935699308 0.0949983038179983 0.047234165065192 0.0891060446433339
"ufb58" 0.840280545150235 0.190857250061243 0.835180115527859 0.161794222035624 0.0796923044590439 0.0574204311405913
"ufb59" 0.665998731842789 0.184575658400299 0.198903615210361 0.123348398820047 0.0645096565998643 0.14018817807504
"ufb60" 0.60872637919412 0.159589112281766 0.292083047943864 0.102729988420343 0.0598183933545 0.0999206918404666
"ufb61" 0.666220742795069 0.19271234285307 0.163776528059845 0.12608143460212 0.0593888572676564 0.151430453829475
"ufb62" 0.640755379885815 0.154825828992939 0.693748389522629 0.117403038813148 0.0523517042403651 0.0154470199736195
"ufb63" 0.668916286101716 0.169004871121597 0.484341085895868 0.127702206758582 0.0777287233554535 0.0768042048541
"ufb64" 0.634580119380399 0.177395466485236 0.165531891026121 0.117330030828472 0.0577393004926816 0.134273289558907
"ufb65" 0.615153653054193 0.163837588204691 0.270413082966109 0.111738894696462 0.0689239100419257 0.100580610510808
"ufb66" 0.605067166449157 0.159866935698268 0.340046598170649 0.110828842247709 0.0632036904219294 0.0776983891856822
"ufb67" 0.71940992325652 0.176640605219187 0.470036366717347 0.128136710287782 0.085133016381635 0.0964112600234192
"ufb68" 0.720766158210078 0.179211206224582 0.446499208061034 0.127296213119576 0.0918180438955769 0.106778323087425
"ufb69" 0.588839930277618 0.151124603841256 0.337629743537738 0.106353190145318 0.0666644064314751 0.0761853407686922
"ufb70" 0.624768063942987 0.164743935988527 0.201852132219482 0.112814642764419 0.0625300213058762 0.111199635445481
"ufb71" 0.717518975169145 0.150580329658825 0.681974457781854 0.116024491798254 0.0734270567980291 0.0395569378419583
"ufb72" 0.624619243863107 0.154350902324156 0.658386479413633 0.119902969803011 0.0546483591835075 0.0143412143724064
"ufb73" 0.701396992631614 0.155261866232695 0.654562375672883 0.120422034286291 0.0739786020939088 0.0445420121133775
"ufb74" 0.705972718091689 0.17756012414421 0.45214669303713 0.125637938250723 0.0869888010751089 0.105004093009945
"ufb75" 0.710128994038629 0.179526513829901 0.41058571279732 0.127147261670814 0.0903328363429336 0.11292037260706
"ufb76" 0.669698077809752 0.198378959320746 0.130446667825056 0.132971258435219 0.0670748089914781 0.154745712398548
"ufb77" 0.655704112479458 0.171646612289583 0.467790633110562 0.126725259028035 0.0779225988699567 0.0906961366769354
"ufb78" 0.653069269563734 0.186022261719996 0.163814908442008 0.122112993904475 0.0572187510428944 0.143352900806847
"ufb79" 0.642280242367296 0.18053643326976 0.163826763143531 0.119131157312313 0.0587757091259832 0.136839961695893
"ufb80" 0.494806774585946 0.152594048151845 0.63068732041576 0.119005393649242 0.0525856519075018 0.0123302733853947
"ufb81" 0.649748662513237 0.176101231624065 0.210742035461964 0.119697562551741 0.068192895338811 0.128834769125387
"ufb82" 0.644812803658188 0.18180849092251 0.165508515696885 0.11999625150763 0.0598600279026765 0.139504920070047
"ufb83" 0.715705765407555 0.140285672392801 0.811677194681957 0.115621408479317 0.0545515177129097 -0.00149097340312811
"ufb84" 0.694276153403381 0.188869217778106 0.432187383705951 0.134308797329337 0.0865234270916171 0.109601813818534
"ufb85" 0.666761797262804 0.191561512622658 0.128651883115359 0.123496715367015 0.0513258265418491 0.151005094902908
"ufb86" 0.664714744877461 0.181376724246754 0.390807193892507 0.120762624762428 0.0714548760304955 0.101509047346662
"ufb87" 0.682015141674503 0.197106224029657 0.291854466041077 0.139323328656976 0.0857537636740561 0.131939171567642
"ufb88" 0.660840363824911 0.189142983818527 0.174208169800113 0.121023903837467 0.0699583984511731 0.142652224327134
"ufb89" 0.643230344946459 0.17349338169565 0.362132566696088 0.117642569715954 0.0757600676636089 0.106328209289085
"ufb90" 0.634981681750554 0.171541963387135 0.187235778936751 0.112678985176023 0.0628620466678221 0.126444996170883
"ufb91" 0.691038170754195 0.171245023445896 0.717310670390134 0.131676157227658 0.0618278372994229 0.0345739258621766
"ufb92" 0.657229179864529 0.166303351321137 0.478483073717894 0.123520030345066 0.0744244631012036 0.0739586968484529
"ufb93" 0.603228271451152 0.154473841369604 0.360221764692475 0.109589436238435 0.0677410164161948 0.0717451056448436
"ufb94" 0.620240480961924 0.167711921470955 0.28949021895685 0.111859132088701 0.0691123000182055 0.100187330628865
"ufb95" 0.747276536312849 0.201894946711609 0.734727097326832 0.163882075848523 0.0799517817332032 0.0691033004277783
"ufb96" 0.704642739545604 0.15494189608176 0.740930992057838 0.121604971199724 0.0555633396841772 0.0155822278421306
"ufb97" 0.621793145242745 0.163213242096462 0.246612590963403 0.11236267074505 0.0684619853864615 0.103753282824469
"ufb98" 0.622909113674781 0.164025844497931 0.246419851383355 0.113620753728446 0.0695549854127062 0.107799424213036
"ufb99" 0.694537069882937 0.154074155671005 0.547209736929362 0.112895407101875 0.0781509438445498 0.0605659360918377
"ufb100" 0.670753134733648 0.177312119041492 0.401230888253176 0.123803889044101 0.0782291113754561 0.0970404851952453
"ufb101" 0.604693690947882 0.17756850123213 0.431258118359394 0.127733087969731 0.0690884751475876 0.0692735852625313
"ufb102" 0.695156522856646 0.209085709013715 0.177816967654139 0.142362525822411 0.0827010569717134 0.163691844769822
"ufb103" 0.695630511453674 0.210466507047494 0.0960993805918407 0.140440852300565 0.0650651730671807 0.169067844454689
"ufb104" 0.619154451806135 0.170155314313237 0.175279127371424 0.110377325560535 0.0522685560249526 0.12590444768649
"ufb105" 0.631363306426929 0.170843185178652 0.326920849994241 0.114124716530698 0.0721509907144141 0.108169251032163
"ufb106" 0.616401565473412 0.164786065261866 0.304478836645697 0.109567255092435 0.0695770616337555 0.10548662382829
"ufb107" 0.588288102142455 0.151342790821786 0.316386537105808 0.104872720481045 0.0654966769228781 0.0762061625217221
"ufb108" 0.649581129751166 0.184239004454394 0.246136490628628 0.126187975382508 0.0754856971791825 0.126185636660342
"ufb109" 0.63011657606916 0.169468946830244 0.308335362555493 0.112738990960248 0.069949570722129 0.101993199888008
"ufb110" 0.632087991052543 0.165592790336611 0.210834532586854 0.113178850308272 0.0652471948799027 0.116143433176637
"ufb111" 0.691691208722351 0.192061811265863 0.329031448057472 0.135140821055643 0.0774859354378314 0.120710484092041
"ufb112" 0.701776295796752 0.212361440563462 0.143983848923547 0.142652891877728 0.0780260030788954 0.168407123313655
"ufb113" 0.643773046684756 0.172243629471071 0.189775007858762 0.116099269517425 0.0658213993361762 0.124755859192241
"ufb114" 0.634932375316991 0.143373543001895 0.729091810823887 0.112551353606567 0.0510540412706502 0.0021061221002718
"ufb115" 0.616980919947921 0.163480686015533 0.292883213507753 0.10675877529684 0.0647147636642082 0.104088563824432
"ufb116" 0.604696851181489 0.1577639962263 0.260720939798864 0.103674124230383 0.0617028251158948 0.101161027836298
"ufb117" 0.637060212235592 0.177355289663456 0.175634330378867 0.116392809532541 0.0547753850224663 0.134821884817932
"ufb118" 0.695338750076364 0.16536694742992 0.515999468868993 0.124350243505085 0.0786337233925649 0.0725208461538604
"ufb119" 0.675202322851671 0.168325371592172 0.541099853437034 0.124820899582051 0.0667549247748617 0.058992532040002
"ufb120" 0.624714508955403 0.154046655150568 0.437432738138529 0.108633329745099 0.0647407342839919 0.0600964985374638
"ufb121" 0.628913923957296 0.162967420561483 0.293206942606043 0.109880443738153 0.0653537922772005 0.0948726415047785
"ufb122" 0.544184813035919 0.154983292405271 0.431326183771573 0.113381012447417 0.0547065737775135 0.0437144347812919
"ufb123" 0.688051507226594 0.204647059067642 0.143863463604016 0.137453118311366 0.0742251546556802 0.159018998316714
"ufb124" 0.673224471066551 0.197200621069034 0.105296450038663 0.131936097026275 0.0619952364545435 0.154388422772631
"ufb125" 0.56110361120486 0.152979039548824 0.396872471434018 0.109455505665559 0.0653384783751624 0.0587958118610751
"ufb126" 0.624655208996393 0.148252559514065 0.714194950968165 0.114932777876395 0.0513132748414502 0.00637212511746837
"ufb127" 0.620040157851811 0.163148642174545 0.284714914213315 0.108161092814376 0.0677892021295431 0.103742022546633
"ufb128" 0.752235211927076 0.217638721180117 0.350647228153571 0.159431133873803 0.090223849673356 0.14109310352285
"ufb129" 0.632837028333686 0.173474462339252 0.303690121228218 0.124225344196389 0.062500382715744 0.0924229596388476
"ufb130" 0.804878048780488 0.223021687104874 0.705877774757572 0.182111702957948 0.0809412921017502 0.0948891487475726
"ufb131" 0.697115576932892 0.207540278520912 0.14567160317782 0.139085441044982 0.0750154828597275 0.163319043367391
"ufb132" 0.648861720664693 0.166295905062769 0.365366165339306 0.11362635629206 0.0746971176967687 0.0926373460049653
"ufb133" 0.668735939250086 0.199730828393827 0.117077162961378 0.128279736359407 0.0607598868160445 0.159584235525408
"ufb134" 0.653026563331652 0.177741010871176 0.187225669110054 0.11711674830417 0.0568226785595452 0.134637489390254
"ufb135" 0.631996268656716 0.151468649542523 0.493508359368964 0.108588869114494 0.0587920120642603 0.0576225141876367
"ufb136" 0.704526468182633 0.201402502315285 0.315972349061988 0.13765876832552 0.0809751865161873 0.136308759667805
"ufb137" 0.618901169612779 0.171282339966639 0.325173679325096 0.121015670714208 0.0601028866282624 0.0900158713585795
"ufb138" 0.580023187998454 0.161277619943495 0.302291841703996 0.106590289708515 0.0599890516539948 0.0868615703318282
"ufb139" 0.671023573980645 0.188814300239303 0.187211689581399 0.123143969926184 0.0598615150871171 0.146873407303498
"ufb140" 0.782885684884783 0.219835846965901 0.468389124624847 0.164961466319225 0.0895501696667465 0.133117951909208
"ufb141" 0.669937134343544 0.154119687992292 0.59494541535588 0.115853510877107 0.0702202501126239 0.0432501285345973
"ufb142" 0.625942367162652 0.16747046828057 0.225808938765526 0.113770421238869 0.0644141737357143 0.114100952777436
"ufb143" 0.69750858050547 0.200953036123748 0.198106824655169 0.131489212314252 0.0777795616895367 0.151800321203257
"ufb144" 0.688716680708086 0.193983399257615 0.198732916384306 0.127199768707211 0.0709277703062133 0.139737121792778
"ufb145" 0.597824382155901 0.149986860425357 0.27916747063001 0.0985892315208563 0.060803528619026 0.0808529546970738
"ufb146" 0.697208231400201 0.19231064714481 0.443069605836103 0.141299527845826 0.0856698984849432 0.102652796608033
"ufb147" 0.725551631932396 0.17875025146421 0.511719507748912 0.129992197996425 0.0866990200949699 0.0987586126313932
"ufb148" 0.548202990253403 0.143673045243662 0.209136081354757 0.0975941519049728 0.04863624360983 0.0929002631822328
"ufb149" 0.59874226871598 0.153031999972399 0.316390775880248 0.105459815506909 0.0674374659119312 0.0841449438388378
"ufb150" 0.597735671379857 0.156852809824401 0.328275409427123 0.107356699655093 0.0676552088236241 0.0822040160059723
"ufb151" 0.640001444120281 0.171195254170043 0.210742035461964 0.116595267499259 0.0617424993961332 0.123647339376192
"ufb152" 0.610153614762497 0.165786916812484 0.295333341266357 0.110964232850069 0.0675549965504192 0.102672183921819
"ufb153" 0.627927284080404 0.165613890082576 0.222528985365652 0.113719775454754 0.0623658464134991 0.112125358166036
"ufb154" 0.615173468543401 0.163065650180965 0.246191567783649 0.112272638255192 0.0649227467982287 0.106781459403773
"ufb155" 0.607245525640629 0.156739401190928 0.486794029752875 0.113328606602034 0.0582813509348076 0.0458834575308926
"ufb156" 0.618380003556169 0.161478912954201 0.293111125473048 0.10780034734063 0.0653335694011611 0.0932630399291942
"ufb157" 0.538486789079559 0.147394153522077 0.231910162811568 0.0996075239859391 0.0551350245984263 0.0899584822756287
"ufb158" 0.785911997709268 0.175113614039131 0.764435232125145 0.136911921282276 0.0652361264743878 0.0390804909321116
"ufb159" 0.606214216697192 0.157724947162448 0.280506004050812 0.107982701521255 0.0653321044900208 0.097933308876744
"ufb160" 0.653783070249186 0.185579556646758 0.165479059296633 0.122667228802716 0.0570997432131128 0.143932644316913
"ufb161" 0.667096489590933 0.16538725807051 0.451921768471864 0.120250555866745 0.0647688835321395 0.072888004981919
"ufb162" 0.743075894562587 0.183377609342309 0.535511053608878 0.137229053238752 0.0784928337630533 0.0931085788701942
"ufb163" 0.680008945258214 0.198832894213792 0.131719049223354 0.128050712300895 0.0523794347985405 0.158595656431807
"ufb164" 0.708325066768409 0.189357239215708 0.478571957780657 0.142087563076321 0.0857177870335167 0.0993715445569984
"ufb165" 0.617747314440851 0.163526708727313 0.261642716867898 0.112876311441904 0.0712996573867914 0.104089023604531
"ufb166" 0.595026542940423 0.153753018199883 0.340164281748438 0.10440255377671 0.0657090017219245 0.0788297815456666
"ufb167" 0.640937938756676 0.170369030146594 0.338740037828987 0.113937039266932 0.0736997357159166 0.107659255781797
"ufb168" 0.622881054131054 0.167699310709583 0.199358029494503 0.108736213385805 0.0626840905949764 0.120000585039045
"ufb169" 0.666218796407609 0.139683446498043 0.693960816227592 0.110737296003982 0.0679266281239802 0.0272357776471205
"ufb170" 0.593508767390311 0.153366987943942 0.260630046835534 0.100678990835374 0.0599456113999575 0.0893302449835602
"ufb171" 0.624588730292689 0.162310595313114 0.284737578496263 0.106949457925006 0.0684435597167874 0.106019995060393
"ufb172" 0.63449719618121 0.176116750022432 0.338486582654336 0.118643394614206 0.0725322307826868 0.109164762824613
"ufb173" 0.608666563071929 0.164796355792606 0.316294760668465 0.109764836927564 0.0687802258471806 0.101665356613348
"ufb174" 0.703649870801034 0.18549484604416 0.710523547808926 0.150133243717505 0.0715603925640566 0.0484827056501347
"ufb175" 0.601264266036993 0.153447797444405 0.236743188464985 0.101798794998478 0.0602882651768825 0.0933031216967806
"ufb176" 0.590736673986824 0.134696247258989 0.74104839287964 0.107619999521681 0.0495967031925052 -0.0080021581516769
"ufb177" 0.693751561217571 0.152266700609349 0.606800970320387 0.11335413797266 0.0697073966921814 0.0411542700363077
"ufb178" 0.648667639225344 0.182447187173771 0.174976701092368 0.120565288940762 0.0691648315288708 0.130001825035609
"ufb179" 0.631200103186658 0.166505568556158 0.210733067707441 0.113449396028786 0.0563408331719842 0.117113187023247
"ufb180" 0.623287286612758 0.162999337605253 0.213523753055656 0.112308413143245 0.0559286677119801 0.111536961204465
"ufb181" 0.630340894796428 0.173728928809192 0.163814908442008 0.11329674789977 0.0525609178751853 0.130415141600177
"ufb182" 0.617561939411875 0.163338338967931 0.295126060414419 0.111737734795337 0.0658703506852304 0.100097131865612
"ufb183" 0.605604119706049 0.157161249508121 0.248988950678242 0.10462813344278 0.0610940191552729 0.100524626296712
"ufb184" 0.708641238088129 0.219496724978699 0.0960853704702948 0.14245896110349 0.0619734311890284 0.179915147284099
"ufb185" 0.704274965011537 0.213501490112136 0.107850553908564 0.139794247654298 0.0683773256484729 0.171546382942705
"ufb186" 0.699245439614712 0.211544227831695 0.105415245028879 0.137737871419532 0.0673283084512397 0.170198776655045
"ufb187" 0.619483310926322 0.16458814326709 0.258452526885014 0.112155750598917 0.0681477785750279 0.101387946222721
"ufb188" 0.610539353833093 0.16649486117906 0.282497318956856 0.110985861774432 0.0698346748119303 0.0926997350380511
"ufb189" 0.624987787482658 0.168282692750085 0.318516208989312 0.11750738874644 0.0700121392942959 0.0869372426660694
"ufb190" 0.657380678792635 0.189764613878113 0.466386134415312 0.141130477499379 0.0751166811203858 0.0830756395536622
"ufb191" 0.539120470466142 0.149993439324545 0.279769144436441 0.101228580871681 0.0617398407333162 0.0855277797454922
"ufb192" 0.621715810139305 0.172426985094341 0.325256245148265 0.123764616489922 0.0632897520514925 0.0912727637229751
"ufb193" 0.657919105118898 0.14252435360902 0.547438342434138 0.106922480146122 0.06881173102867 0.0477394246887824
"ufb194" 0.704355045663824 0.175726896549696 0.722604404627499 0.142632741365915 0.0683276601162841 0.0370950031413797
"ufb195" 0.739388930361523 0.184596699057275 0.595371436577303 0.140316570118355 0.0883182489303675 0.0774167196929482
"ufb196" 0.701922305779873 0.213799699706152 0.106470484904237 0.137170492447461 0.065927251095494 0.174358890927305
"ufb197" 0.738177494255459 0.182136036639677 0.517227814211484 0.134260928406649 0.0774064618956785 0.0916816625425779
"ufb198" 0.601933991427639 0.156687504726291 0.278475677311386 0.106241515284256 0.061341176140289 0.0822397724994345
"ufb199" 0.573983801982537 0.152103406931071 0.232130802310468 0.0966088510694892 0.0594772288212567 0.091928958768255
"ufb200" 0.627889328596483 0.165149130779347 0.23759632796116 0.114639693612426 0.0702128726406464 0.108998261115417
"ufb201" 0.640456396555302 0.176282200583165 0.209570413557243 0.117129546285215 0.0713513843554409 0.117812727090874
"ufb202" 0.648623764525786 0.186787862601947 0.108310041725778 0.123190808747293 0.0651689505638679 0.140114498648953
"ufb203" 0.640276832366049 0.187222377077894 0.186745223395743 0.122252762493687 0.0664993553092768 0.13515545721875
"ufb204" 0.632882271262342 0.186299249155586 0.151438419462306 0.118803297932201 0.0644665402386178 0.139646076315061
"ufb205" 0.614245205050016 0.164314689375218 0.316829999364722 0.110117305958028 0.0656060366250298 0.0904131627138317
"ufb206" 0.692048050158595 0.178371439583915 0.361149157237308 0.126056933880198 0.0756615529859972 0.0983708296650345
"ufb207" 0.691905853792921 0.212783093103716 0.0825929889899511 0.136165642302008 0.067000619684644 0.173244380113179
"ufb208" 0.698628645401697 0.203978136890721 0.227044442079765 0.140487999787219 0.0795353802044274 0.147526820958926
"ufb209" 0.709324655478695 0.214690121004612 0.119705868900561 0.142448669227465 0.0745572598163287 0.172802245279037
"ufb210" 0.6524259338772 0.145318141538843 0.717310670390134 0.112159366748651 0.0523104125431355 0.00437140699678748
"ufb211" 0.638113785532944 0.170000238811696 0.210733067707441 0.115956314195007 0.0655790513662389 0.120814949348128
"ufb212" 0.62941272596381 0.166416694585258 0.308382469337016 0.112851019852653 0.0712298272989763 0.103420320752221
"ufb213" 0.614060018390036 0.148404932165058 0.473010284603692 0.106327036389021 0.065185363506263 0.0538282152797067
"ufb214" 0.647507808018357 0.164978568319884 0.365072785608063 0.112980795272684 0.0801421737063094 0.0971906167553474
"ufb215" 0.593968155713745 0.146486642386929 0.437432738138529 0.101840227858206 0.0638662964140815 0.0516968834630522
"ufb216" 0.613984643384055 0.144722523186973 0.436585603002466 0.102187098627126 0.070942259198107 0.0612710441452636
"ufb217" 0.617034081245503 0.161219935760499 0.308382469337016 0.10759129653737 0.0691477161154364 0.0978308273806947
"ufb218" 0.772162240092269 0.224378727751667 0.469868293866198 0.171586003620399 0.105371718328864 0.148857771159674
"ufb219" 0.70088023903739 0.179848743272806 0.662288094612533 0.142176156971234 0.0656248293504441 0.0445964966948888
"ufb220" 0.733979265315595 0.215235236128663 0.374436318976765 0.154327512160676 0.101019692349759 0.151539039143514
"ufb221" 0.550421012623069 0.141936331503596 0.197650717921995 0.0959054413385782 0.0479960562221022 0.0926877866145575
"ufb222" 0.633465011286682 0.167935459424647 0.474891197883871 0.121760494857903 0.0639556832807522 0.0585513616003168
"ufb223" 0.616079507843292 0.160192464541053 0.292232307870237 0.104110294587033 0.0607696722088134 0.103752702799353
"ufb224" 0.630382741988454 0.17815884088009 0.244893843718692 0.125419925970361 0.0749922245101195 0.116103428538182
"ufb225" 0.639005034151035 0.17937678220254 0.0934556557395537 0.116146815203851 0.0492043511117763 0.134691078543262
"ufb226" 0.64110641867179 0.161577397586396 0.333471632897961 0.11183417891274 0.0598695117981896 0.0799415796580419
"ufb227" 0.725081488499692 0.179502713680833 0.475734164861784 0.129416908297768 0.0931528952973878 0.107095555463013
"ufb228" 0.635309927767512 0.157653877397044 0.64691403178861 0.125317952233497 0.0558967775375713 0.0187414456428316
"ufb229" 0.640530765776424 0.175682457926354 0.187532629715583 0.11318584836835 0.0627133805636256 0.129743656089483
"ufb230" 0.574845522323112 0.150330159584969 0.316297107430101 0.102812898147745 0.0566695565056789 0.0751038770687822
"ufb231" 0.68673200119146 0.205964924881115 0.106737904178081 0.13219087266703 0.0584086865080582 0.166131073953105
"ufb232" 0.676660095723435 0.200341436746058 0.180488332672463 0.132929399659907 0.0816303260794619 0.149035365359662
"ufb233" 0.641344161340221 0.18338774499859 0.237936445009529 0.126536715770817 0.0774025446702635 0.121558140135967
"ufb234" 0.632801505469785 0.179588303015058 0.0934060511282959 0.118072814783096 0.0551595731278119 0.133807184996416
"ufb235" 0.714414500707118 0.206658652362947 0.30471073052873 0.144185015261403 0.0864261354605029 0.136432563775953
"ufb236" 0.600019395349965 0.158816975091083 0.237776792959072 0.106460015036469 0.061702453711955 0.0990537612871122
"ufb237" 0.613490458183097 0.168192998496865 0.61413045425998 0.130074166719285 0.0570531385843903 0.0304418894521246
"ufb238" 0.697292701176791 0.213899491557922 0.105437138458126 0.138624879628107 0.0669371078569793 0.173244031862605
"ufb239" 0.605178200551852 0.15772665903239 0.280771198199702 0.106291906456016 0.0617853924495691 0.0940108723230838
"ufb240" 0.55356721381826 0.146861601092622 0.313213638855469 0.097798910353539 0.0584272497699249 0.0635670862440428
"ufb241" 0.660894674646438 0.185889552585772 0.396668270471629 0.129656660429321 0.0833689951923208 0.106330962137361
"ufb242" 0.532800273964578 0.140001862513199 0.197179163864427 0.0956932034530744 0.0468825120862288 0.087085142620448
"ufb243" 0.585412903565228 0.147829369358814 0.401855191673366 0.104502516384209 0.0621120921410974 0.0531887314355987
"ufb244" 0.613341390363092 0.159630423651811 0.305141545817972 0.107361251046224 0.0674932374542822 0.0912641712106059
"ufb245" 0.538335336733699 0.143457623991788 0.397023331673148 0.100531462337952 0.0591179373712336 0.0482156767549499
"ufb246" 0.540766324241351 0.158234798073284 0.407399140646224 0.112259605561364 0.0540338862690469 0.0473940873936035
"ufb247" 0.627393370483629 0.173094604506695 0.175253072828185 0.112460774689531 0.054598412089995 0.129746969874241
"ufb248" 0.794511762145819 0.221055540989879 0.635241951913563 0.1787256426208 0.108599259995951 0.11924361115604
"ufb249" 0.550722972640286 0.14578687059917 0.396947901553583 0.102873736655911 0.0598210378159582 0.0508039204519045
"ufb250" 0.721724422722284 0.206441089626618 0.349465168258811 0.145117032816235 0.0856578642385745 0.136113655710724
"ufb251" 0.655859050427741 0.186527877715728 0.163776528059845 0.122542716259322 0.054090277516178 0.14492973660874
"ufb252" 0.694561656478803 0.199168591853744 0.234059063835796 0.133888079681594 0.082254741115209 0.142221575886908
"ufb253" 0.669072315947857 0.174292667547804 0.31028957611768 0.120037690718221 0.0717724949629711 0.101497364056683
"ufb254" 0.650255222186561 0.183842938854015 0.16379811928208 0.120828458689771 0.057257651911941 0.141644966554339
"ufb255" 0.737189145265867 0.205332657114983 0.402153428705333 0.151253337580349 0.0809825085620408 0.12779368080132
"ufb256" 0.66257993930626 0.18969195605883 0.163776528059845 0.125625569217682 0.0593894708744162 0.148255614937095
"ufb257" 0.660757829309108 0.19161951610781 0.198215418960911 0.122974758204982 0.071984695090188 0.141987641437474
"ufb258" 0.6983751364253 0.173480991385054 0.480930070105266 0.124304026069753 0.080919253873484 0.0929761143443484
"ufb259" 0.637887477809641 0.142400130730898 0.621357087553884 0.109152642099974 0.0667050184862166 0.0299944885293862
"ufb260" 0.609981859081344 0.157764662795055 0.234577155769844 0.107694527738144 0.0561312778758821 0.101117124427036
"ufb261" 0.740004683475139 0.179345973043065 0.587943018662443 0.138311013016552 0.0804927461129427 0.0885830226207724
"ufb262" 0.618354481272414 0.170645167414653 0.163834330680665 0.111499678836458 0.058622126347259 0.124383837458564
