0.6417166 1 NaN 0.9673782 NaN
NaN 1 NaN 1 NaN
1 NaN NaN NaN NaN
NaN 0.4993596 NaN 0.7847046 0.8914649
1 0.8672999 0.996365 0.7970043 0.5034223
0.7885651 0.9551081 NaN 0.9036197 1
NaN 0.7591799 0.8475536 0.7120829 0.9228835
0.8103746 0.494604 0.5817845 0.7595873 0.9264618
0.6437071 0.7114792 0.9663892 0.8653992 0.7362627
0.5971477 0.9862332 1 0.8257168 0.3700093
0.7323223 0.4718871 1 0.5717694 0.6731468
0.4209934 0.6366539 0.3335334 0.4597949 0.6505078
0.8718241 0.9283398 0.4734582 0.6321314 0.4923824
0.6045151 0.627804 0.4075234 0.5511186 0.7161942
0.7926093 0.4704337 0.4436313 0.6120023 0.6913771
0.8515011 0.6088877 0.5553753 0.8069987 0.6296303
0.3047822 0.4644697 0.5431307 0.3695838 0.3763647
0.5630054 0.4014904 0.4347635 0.5108139 0.3837965
0.4065408 0.4115791 0.6377156 0.3648486 0.6250599
0.4139008
