0.8429386 NaN NaN NaN 1
NaN NaN NaN 1 0.8962095
1 NaN NaN 0.4798158 1
NaN 1 0.5096972 1 1
0.9874041 0.5172175 0.7735231 0.551387 0.9082896
1 0.9435918 0.9665648 0.9929593 0.5783632
0.5957846 0.8754964 1 0.7241105 0.7238751
0.4354964 0.452819 0.9864147 0.5440876 0.5799385
0.3742945 0.7263882 0.9718555 1 0.9719209
0.3594164 0.7674242 0.8863369 0.6176651 0.3864339
0.8346644 0.4756866 0.7116426 0.8736262 0.7960481
0.542526 0.4160044 0.5405559 0.502826 0.4672666
0.5197413 0.9415522 0.7310094 0.9008069 0.5819331
0.7096283 0.5760424 0.5477145 0.3528734 0.4410391
0.4510586 0.7401522 0.5004684 0.5652307 0.6551881
0.5141131 0.4216692 0.4766388 0.5086443 0.6740013
0.4630064 0.4752076 0.3448887 0.3358569 0.3152617
0.3425414 0.4557427 0.4225592 0.5767222 0.755014
0.3142496 0.3983009 0.4964944 0.4488784 0.3687944
0.4804531
