"quartet" "wQuartet" "cluster" "phylo" "mutual" "shared" "clusterNorm"
"mb49" 0.882352941176471 0.881117318435754 0.207605203378826 0.882374577568641 0.179772824961282 0.0893388528281111 0.0788860436359536
"mb50" 0.736564197904976 0.79339000495559 0.214379006788027 0.522948598266407 0.165076295586361 0.110553141261379 0.128752925536262
"mb51" 0.652632188167796 0.711803574332215 0.226000903779859 0.173215769214218 0.145827710709358 0.0840665872900716 0.186946695664703
"mb52" 0.790697674418605 0.859196300231235 0.236959181150017 0.790517395721575 0.196140813011637 0.0966548261647174 0.113882053430396
"mb53" 0.640536027504308 0.68165497366121 0.193937879604653 0.268561798694602 0.14674725658778 0.087775181860082 0.105830336372921
"mb54" 0.791032110143434 0.82848976792043 0.223365562731195 0.672547763509551 0.18057961119063 0.112245790697227 0.123133358434128
"mb55" 0.651162790697674 0.781859353377783 0.220842187432066 0.51206858823615 0.174884336491506 0.0830014903813516 0.0951654172748748
"mb56" 0.645621399402779 0.701871601568207 0.224132282495762 0.138866604719835 0.145502050147748 0.082177181131728 0.184979731215004
"mb57" 0.885042629527714 0.90435908682666 0.240395475838031 0.790489450097791 0.198097631777661 0.128577758883063 0.142648569533497
"mb58" 0.837209302325581 0.881628343500704 0.226536315895208 0.837126420785775 0.192582747382898 0.0952068306181241 0.101777998537392
"mb59" 0.717204999438758 0.736158701532913 0.21230664517242 0.555494913944718 0.16209648428837 0.0986164232632672 0.110701843313331
"mb60" 0.774588953828048 0.808224579111304 0.231881743605614 0.5102239786507 0.17565907536622 0.120271956077822 0.157952444278564
"mb61" 0.80952380952381 0.816851474692615 0.193337680694706 0.809378216250046 0.162582608190012 0.0792611308464969 0.0625004149299153
"mb62" 0.703629050872185 0.742762605150971 0.220109313873202 0.323620399686936 0.153867854335529 0.0995024874964195 0.162274856296539
"mb63" 0.682352941176471 0.751918158567775 0.20722222368865 0.682210575882999 0.16886855064371 0.0781091501993933 0.0782416831024897
"mb64" 0.650251034647267 0.678807323017981 0.198100286202184 0.163336604050806 0.135399570986782 0.0742393227245601 0.152432312307023
"mb65" 0.67931221237407 0.709319045680664 0.220455055537619 0.208104425448762 0.141410696714787 0.0876810116654527 0.178188025745352
"mb66" 0.839312805127609 0.803049169374677 0.190464868136852 0.719394579948841 0.154813291516328 0.0936176054674809 0.0859633255934233
"mb67" 0.799354427773458 0.784526547427985 0.212496544656006 0.522042838171297 0.162165628829893 0.11131594233746 0.136703346009093
"mb68" 0.76754607834015 0.754285400839253 0.21532003372972 0.581177565528084 0.159971203096957 0.0944615450003096 0.114346386651083
"mb69" 0.780027018877238 0.729530759874528 0.175150717651937 0.623938218410722 0.132172237799474 0.0776778314478614 0.0684686480256749
"mb70" 0.814060400219138 0.786282570760995 0.17992741795227 0.689419032045285 0.140861081143097 0.0840324873271709 0.0741735949519185
"mb71" 0.811600812905441 0.794010192803635 0.185347794758282 0.618043668616657 0.142963624019253 0.0906880269715442 0.0964190524076202
"mb72" 0.658507233679172 0.70315520065293 0.217598773259239 0.173384004716672 0.139602386635946 0.0796543828209112 0.177144703378113
"mb73" 0.650850333622287 0.679593212380098 0.192093299371162 0.163340264033457 0.130516603193411 0.0631139816574477 0.142932258587739
"mb74" 0.682352941176471 0.735462042715162 0.211185630241275 0.682094561924128 0.169170992091568 0.0815024716017153 0.0837009478568762
"mb75" 0.619250069515366 0.625585831704388 0.165749316619999 0.210272929113479 0.11897392990858 0.0703771786474356 0.0931758831277345
"mb76" 0.752941176470588 0.736814530213063 0.170655004100668 0.752914235768184 0.136877886332425 0.0656684562139627 0.0363558329688444
"mb77" 0.790277294188948 0.821648927017527 0.226976816406041 0.603153932223345 0.177964248928592 0.11832134752644 0.142543235839699
"mb78" 0.682352941176471 0.754228362554984 0.208283393090561 0.682384596821305 0.172972309511981 0.08117690944212 0.0798843539990391
"mb79" 0.613048574694757 0.636056197736346 0.172470451137281 0.224278606989124 0.126539160313372 0.0724101495321248 0.092620486521787
"mb80" 0.712294878532901 0.654313704180963 0.187277110599895 0.453325223233328 0.135906078257251 0.0805844086644147 0.0986971505883552
"mb81" 0.699575964143757 0.745237299827758 0.218072344469096 0.358261107439166 0.154974491015913 0.0987882087863689 0.155731127937934
"mb82" 0.741176470588235 0.643282594308405 0.152244455684561 0.741023946325022 0.122439622456581 0.0573612443258694 0.0141513538188765
"mb83" 0.692704629750755 0.647500854550066 0.17416261187125 0.335438691770765 0.114745308326734 0.0733655869466479 0.108053370127819
"mb84" 0.643347237463029 0.694312165184376 0.217272349140805 0.127552317977008 0.140978710292891 0.0807742538829316 0.177541552122775
"mb85" 0.648920097710943 0.701243130723513 0.215905140254788 0.154260406757498 0.139322946479647 0.07382127393058 0.175790151424091
"mb86" 0.649343213431312 0.705243840736419 0.21900121908966 0.173178448621021 0.141383817349729 0.0751128060279516 0.17936896713547
"mb87" 0.645901331826987 0.671463427742248 0.189131270003346 0.176999747740845 0.129042298300273 0.0693419120634713 0.137764098336994
"mb88" 0.779069767441861 0.842031124228602 0.21476256171107 0.776302036776794 0.179665210916745 0.0875873252316623 0.0881051587320623
"mb89" 0.823529411764706 0.856125222607555 0.18102028788357 0.823501881694498 0.149943772368481 0.0733303397003145 0.0478400251788092
"mb90" 0.701053452609107 0.708245283090195 0.191587396176643 0.348729223797692 0.132084567127796 0.0809537288262678 0.131581122275313
"mb91" 0.8040899782596 0.739540811932689 0.176024081672984 0.610375391444405 0.135804265272617 0.0850113801190504 0.0857460633335161
"mb92" 0.825581395348837 0.878503503503503 0.214368433206028 0.825431163101312 0.182482716893722 0.0905483141369124 0.0876474579997488
"mb93" 0.797154992228337 0.831091355714119 0.214671487884347 0.662653890490054 0.170249227817524 0.103267541949537 0.113614385075833
"mb94" 0.692427458456582 0.648503041201292 0.176844712869128 0.328449832488405 0.11622353289764 0.07355402375315 0.105273409441506
"mb95" 0.686046511627907 0.771030993042378 0.198828005403356 0.685833428806912 0.157637656823388 0.0706949984920626 0.0696003868167531
"mb96" 0.895348837209302 0.920608209627982 0.222229393973473 0.895258697860787 0.195388047339752 0.0960241768354257 0.0967763777655501
"mb97" 0.776470588235294 0.848325229605619 0.220500923236804 0.776360040315144 0.181894072718813 0.0865168725704999 0.0937357147642006
"mb98" 0.807071343769935 0.802225962867121 0.210148331027767 0.564548750519355 0.167482584659871 0.104605869521025 0.123879382637205
"mb99" 0.657263245628439 0.688215652521402 0.206837890923356 0.219466258736249 0.135082309567958 0.088077553821645 0.158620229324285
"mb100" 0.906976744186046 0.873206893231925 0.162099822348235 0.9068966203207 0.139493198255229 0.0685191342092664 0.0269480131218741
"mb101" 0.75823253568142 0.77402115762256 0.221260823209602 0.405575305034682 0.161328593980712 0.104770797141136 0.153651180359137
"mb102" 0.731106044928839 0.782900734059396 0.209548886625848 0.557898615538949 0.163756389601785 0.0941459481749347 0.107832600769679
"mb103" 0.848837209302326 0.893883753324047 0.210935280875822 0.848707008021138 0.178932667279929 0.0879689180852905 0.0836605443013602
"mb104" 0.67389727517684 0.62445403311025 0.162700054282581 0.300695834578785 0.107794411071684 0.0694518082429753 0.100396336673521
"mb105" 0.768442845010781 0.749732322450874 0.199220926855311 0.42423354767935 0.145392307028018 0.0890437693092502 0.129723575000977
"mb106" 0.692697100573258 0.700882413053443 0.202936528081738 0.277807700790979 0.133521611639975 0.0844147238768643 0.154452949750891
"mb107" 0.645681306701195 0.701115887410199 0.218402162150679 0.161572369559223 0.142169463479193 0.0777170988387589 0.179097875851755
"mb108" 0.623040453917506 0.621144420695755 0.160155665319158 0.188989434367748 0.109618350341246 0.0621568329658272 0.0930397480975014
"mb109" 0.649083395277818 0.677015733053146 0.192406448020803 0.165206931754043 0.130860110111191 0.0622069410404252 0.144964517576677
"mb110" 0.821384994736031 0.814244465832531 0.215405359820648 0.576325776029304 0.171224679120633 0.106084326366929 0.129891142417893
"mb111" 0.647193878079354 0.672022362769637 0.193687536672807 0.151626054434153 0.130507056287255 0.0638684037418508 0.148968372859682
"mb112" 0.614372148152472 0.667525358235389 0.193131294657458 0.30616972966759 0.145049881452966 0.0806212849023166 0.0888854653171878
"ufb1" 0.642000503160669 0.663427578669133 0.189831773491055 0.187581091924954 0.128834984857806 0.065031828314873 0.142228436486995
"ufb2" 0.651162790697674 0.702219302087896 0.206519212546922 0.646771735471254 0.165243238390768 0.0769591099919538 0.0785321720008934
"ufb3" 0.825033527934125 0.752374193112305 0.158300271427252 0.725967750107914 0.124863216008713 0.0786966428695224 0.0493689962040797
"ufb4" 0.810682982640272 0.819896871436363 0.212783342628923 0.658593390261087 0.165628528138301 0.10216516969663 0.111483270812853
"ufb5" 0.648767193220238 0.702987167215433 0.222463884655274 0.139006908837931 0.142211101576944 0.0727638305993159 0.183361852340994
"ufb6" 0.711793857568969 0.752234900166568 0.220559124728088 0.339810744343094 0.159293651594937 0.104824264715555 0.158416173222462
"ufb7" 0.655016330451641 0.70014183581546 0.214422149752318 0.173375396871968 0.138281437099294 0.0714068975218603 0.174232063415124
"ufb8" 0.657193024881406 0.705938567949741 0.219773311725087 0.15424704766392 0.142787492261378 0.0755327518363466 0.180180871092671
"ufb9" 0.629927493865143 0.637345016642236 0.171749020722273 0.315851755688238 0.125409956598878 0.0705538351126992 0.0919952199524826
"ufb10" 0.651162790697674 0.566862013851891 0.166956502586905 0.651034331876274 0.128839365977331 0.0572038114469929 0.0325880672499366
"ufb11" 0.819323033823068 0.810117302052786 0.208482284696927 0.588104539528781 0.166460013878065 0.0974749093460392 0.121993652908813
"ufb12" 0.765816672047418 0.753460576864443 0.201041756063532 0.457777994866319 0.149683623785807 0.0921422044693137 0.131559029743516
"ufb13" 0.632272230221328 0.623319409802566 0.162854218937899 0.272268051360613 0.112508102887586 0.0589973062897872 0.0901792165919379
"ufb14" 0.62553758807805 0.632476024770968 0.169142422385112 0.268717159159349 0.119146676200143 0.0593207248924999 0.0890568738485453
"ufb15" 0.673534360951642 0.582844987164933 0.15983150489808 0.406822419680785 0.114741380351341 0.069107605988776 0.0791055009245731
"ufb16" 0.797619047619048 0.725778980062118 0.150914030551224 0.797476511996495 0.123651188317925 0.0595086634625026 0.011445170691173
"ufb17" 0.638198193442882 0.681363106058551 0.205303161866058 0.150224809376002 0.134018370881395 0.0721916864181529 0.16463065858481
"ufb18" 0.633750996947305 0.671895908663839 0.198643475307318 0.140429235806693 0.129495953054278 0.0706281285230078 0.157188187072985
"ufb19" 0.626927688925825 0.678902191100068 0.191455473372188 0.42318880862246 0.144572225278989 0.0843083871197637 0.0874109033710746
"ufb20" 0.741176470588235 0.693421902389519 0.154294704592956 0.741081953304457 0.124778815370792 0.0584915972262826 0.0179812865305033
"ufb21" 0.731275129058022 0.757401460884294 0.198256165061677 0.441425192835717 0.146573562849461 0.0917422233132167 0.121222122030684
"ufb22" 0.646734702349779 0.646625416264978 0.173118868313302 0.278390972723825 0.114750059175313 0.0675064497792009 0.118337174942449
"ufb23" 0.657194935407283 0.700353534005748 0.215753656260756 0.185058551803705 0.138582313450266 0.0786481127424845 0.174667971453233
"ufb24" 0.722653143363994 0.635048556784462 0.147850780371229 0.60964184470212 0.113160558413899 0.0665704740930803 0.0376604224527452
"ufb25" 0.625626851094995 0.625018988303205 0.166051714995428 0.444084325550056 0.123716073429131 0.0627970750634141 0.0579652173103506
"ufb26" 0.639990433889749 0.670833161610155 0.175296139713282 0.324993288298533 0.125730275455417 0.0750236463637951 0.103553206866237
"ufb27" 0.63728285563891 0.667502254283138 0.17215867999341 0.290180929476966 0.122709970960332 0.0671363609120233 0.105960014237253
"ufb28" 0.649925063455225 0.687837343065349 0.185019836748897 0.267266173046738 0.132693088068336 0.0730958475376773 0.128111832132551
"ufb29" 0.647071269491191 0.68911573280647 0.186628283341516 0.246913974499773 0.131853737889832 0.0701400959744912 0.132744261070693
"ufb30" 0.664546682871068 0.698295359617778 0.214312956708309 0.189836430334992 0.138131733063662 0.076441215362845 0.17250630912987
"ufb31" 0.623529411764706 0.674894917844861 0.192584023299956 0.623281191482106 0.149244752640203 0.0666657890014721 0.0612219288209415
"ufb32" 0.714524370054856 0.766670781523545 0.223130448239156 0.374928126447313 0.164636313173498 0.107607497271955 0.155695483808133
"ufb33" 0.767441860465116 0.74135896138931 0.168712387915909 0.776404779757331 0.137515185197314 0.0646625701377421 0.0346271737612944
"ufb34" 0.649872956253974 0.676632967835555 0.201211242309964 0.173575166702654 0.131255215737585 0.0749095878771992 0.159350312786632
"ufb35" 0.663035757230565 0.638435897435897 0.166210185969708 0.462380759257953 0.123875986821503 0.0622370179473187 0.0584862030174161
"ufb36" 0.634815111104497 0.609473931056046 0.170103139603288 0.423322802927483 0.126559476131485 0.063932514602938 0.0629732414944587
"ufb37" 0.705882352941177 0.622956041622425 0.147322283119604 0.702329546876258 0.112652692226189 0.0520245861198349 0.00875584284306272
"ufb38" 0.671124921899225 0.681558071629844 0.191829163394384 0.301510898060522 0.128643036936459 0.0866636539584364 0.138323417130457
"ufb39" 0.628824684493518 0.648149549025313 0.174538376834177 0.232023267706518 0.119754984149826 0.0662752993556237 0.116899063867349
"ufb40" 0.656416931590878 0.688442289240982 0.206251855787433 0.219550292614904 0.135592710102719 0.0883666173026965 0.159661523805481
"ufb41" 0.63210445636828 0.669242447071574 0.196893773346774 0.161833404796987 0.128857724007377 0.0666097650043928 0.15413037102792
"ufb42" 0.626416059858907 0.658349746080172 0.187558039224649 0.161977889183887 0.122209078423379 0.0615049416034392 0.142475954152756
"ufb43" 0.694995665836665 0.729927308285913 0.206812843072733 0.381138338159218 0.145899143937684 0.0902226977484501 0.137961454067593
"ufb44" 0.695264618755679 0.720341692521761 0.203429174871247 0.346586255550223 0.141287886901994 0.0860174620669557 0.139920493549519
"ufb45" 0.630952380952381 0.539951573849879 0.141397429569669 0.630728988646318 0.107977401411653 0.0468949415094769 0.00195584783877679
"ufb46" 0.644196358230565 0.663119619968591 0.182302434465082 0.185085112971131 0.122177347425229 0.0564289362315416 0.130521195949814
"ufb47" 0.645109865840819 0.650193002446759 0.179653406430947 0.220355629570957 0.122690716826199 0.0657336160259025 0.122430635308247
"ufb48" 0.714013218792322 0.624863136307548 0.147464706710343 0.496505870853172 0.106873900810156 0.0628784955702261 0.0541881829644886
"ufb49" 0.680629240368457 0.604405568886776 0.139084755700792 0.449555049056443 0.101145114208056 0.0667438292204734 0.0560008163457008
"ufb50" 0.699714975467727 0.640489350951601 0.147926086796644 0.461033934276126 0.106958042005721 0.0737563757034252 0.0737821656518799
"ufb51" 0.644649224944156 0.692256228765862 0.214112231013887 0.127593951297368 0.136688994358371 0.0655044189622617 0.174454038667482
"ufb52" 0.630594558170384 0.65593097774694 0.184486649789953 0.150763771214264 0.12517494607721 0.0559340393797255 0.139257192528006
"ufb53" 0.823529411764706 0.847654190827623 0.174967106472312 0.823443874715062 0.143433338879745 0.0699807106736808 0.0413662114224704
"ufb54" 0.645093625787049 0.65236723509751 0.178138921360214 0.20187570094759 0.119462618692139 0.0606789615235673 0.123741759940309
"ufb55" 0.649563119687274 0.665459727556099 0.185158814395317 0.210742871893053 0.126181904727328 0.0645674744636063 0.133598994110996
"ufb56" 0.645321876657166 0.658190666550795 0.182925470844871 0.213817183913847 0.125412575800688 0.0692746459154958 0.128822930336951
"ufb57" 0.609045359539692 0.61334278607563 0.157896932238679 0.248390320769913 0.109266808042398 0.0521794996686527 0.0846660642363448
"ufb58" 0.766996176393359 0.754568307067582 0.202181418788566 0.452567051425161 0.151591929446267 0.0984433756713591 0.132916677459633
"ufb59" 0.643103932930161 0.659157355120349 0.182643505739364 0.189934217981333 0.123218650448722 0.0626094348710234 0.128473284467306
"ufb60" 0.766712965782489 0.68116736392313 0.160564996149341 0.544306493606101 0.120000471741114 0.0758372352384126 0.0795824587395866
"ufb61" 0.697323004578964 0.660916786455838 0.177148582234686 0.400764123896385 0.12602657362051 0.0699973753422349 0.0870376379752504
"ufb62" 0.652998019045638 0.677488382491496 0.188921995228933 0.231199972193125 0.124738265290426 0.0713261355725771 0.13758635679603
"ufb63" 0.623529411764706 0.650066733400067 0.176763484836647 0.623339198461542 0.133997892137763 0.0595961305656699 0.0428274766275378
"ufb64" 0.636000013478139 0.659583535342904 0.186239326499405 0.186957765655148 0.126042667142064 0.0657277168642757 0.138466309866301
"ufb65" 0.747626429006854 0.738868934432002 0.19883646707357 0.388794513861306 0.14437004078078 0.0938299616326665 0.134995206610453
"ufb66" 0.756751199956397 0.743165554768738 0.199972799582841 0.422660860471299 0.146245184233384 0.0941600077278622 0.136089829993017
"ufb67" 0.605898058258685 0.547224495362793 0.151167292844715 0.186261249598997 0.096478667381391 0.0570197830347623 0.0973945333915533
"ufb68" 0.60683755542741 0.550616130324107 0.15015743321805 0.186201082269544 0.0953823421542997 0.0561909997406496 0.0984274066673688
"ufb69" 0.618816104488464 0.650647603256364 0.165022377594518 0.293580759065916 0.117373727437684 0.0687099143602315 0.0982953822774657
"ufb70" 0.638031256254295 0.674522188621907 0.177690382481552 0.254918403270552 0.124454359698387 0.0660898118339158 0.120297651583488
"ufb71" 0.75385049674083 0.737570589216866 0.185869759366454 0.459705732700784 0.139398286998894 0.0817187665630331 0.107404168373515
"ufb72" 0.629231669083154 0.65056651144559 0.173677170010677 0.211318559511493 0.117985843131607 0.0613044072914572 0.118936669223024
"ufb73" 0.569767441860465 0.611366838891498 0.192518920724672 0.569568874656887 0.142364054239717 0.0621869317824639 0.0622736579942579
"ufb74" 0.650498059028089 0.676618298811672 0.19304888873811 0.187581091924954 0.132549514894761 0.0614987292749574 0.145647484244697
"ufb75" 0.668351621583999 0.69384456879659 0.2100178027472 0.208077171617587 0.135353997301937 0.0826596386794067 0.166216567312134
"ufb76" 0.686581973138089 0.695979403638451 0.199434507345009 0.277736807847915 0.133192982480401 0.0818497817712449 0.148761803156798
"ufb77" 0.776470588235294 0.671619759889786 0.142819505273247 0.776346772777896 0.116156942884921 0.0553937605224318 0.00380897578267265
"ufb78" 0.775331118998664 0.753405184668269 0.192349559331433 0.489381523624552 0.147942671704235 0.0889971750579632 0.114586972828196
"ufb79" 0.618182957394168 0.611279799635138 0.16521759956997 0.254902311927373 0.117839369351862 0.067029685030628 0.0926204929133925
"ufb80" 0.703749778901487 0.702420288627185 0.179545174486026 0.520602062906653 0.132104220882069 0.0751788062164178 0.0736693050913656
"ufb81" 0.775965182846737 0.749406099518459 0.166213724007112 0.672870778564754 0.131685070935167 0.0822624198333464 0.058610240630309
"ufb82" 0.623690583888553 0.639316440085739 0.168095940384248 0.207976796352752 0.112719105785034 0.0538840710746508 0.110034159736347
"ufb83" 0.843471908947871 0.832528856243442 0.178903148239089 0.731023999832499 0.139910559866801 0.0888543491472578 0.0730172388352621
"ufb84" 0.755642630577967 0.783774087740877 0.211823612542621 0.521493879989004 0.162141301231079 0.103639488190414 0.125734920866555
"ufb85" 0.631113167814702 0.668271775489604 0.196086428700235 0.161894254862064 0.128149606470059 0.062717784217534 0.153955477855229
"ufb86" 0.668440731943656 0.604509388011627 0.162669402673767 0.361084433028391 0.113365166313929 0.0572137301929771 0.0712387774301137
"ufb87" 0.63742075919371 0.623742767820515 0.155891452595669 0.386138659025584 0.111388925448678 0.0618468640274814 0.0633894808394006
"ufb88" 0.710706837001315 0.637206351444231 0.148712832765833 0.496537807592778 0.109104615357758 0.0659443742346044 0.0554223363110612
"ufb89" 0.630058720143412 0.644832795174529 0.174379037440683 0.211133521343379 0.119291543853195 0.0606803635203072 0.113004172665262
"ufb90" 0.752941176470588 0.688739922094393 0.15778696584978 0.752914235768184 0.128336420582536 0.0598225530740137 0.0209211139735657
"ufb91" 0.64214156539671 0.634879167019704 0.168472908618234 0.25503104409573 0.111267207315741 0.0626692390868122 0.115811319000556
"ufb92" 0.672200421846575 0.699173466886142 0.213668877500481 0.20812218164875 0.137990911945084 0.0769768524434715 0.171828875180392
"ufb93" 0.661074757188638 0.694057854831242 0.212440525059102 0.189835446231401 0.137440302687583 0.078095664612769 0.171190474573132
"ufb94" 0.621711098171733 0.629870230306405 0.164365643872173 0.21974443319146 0.114597147701037 0.062132176070281 0.106042918819835
"ufb95" 0.613754348270256 0.621580194851319 0.163752556055891 0.234901591088884 0.116378660599541 0.0717921030423433 0.101588791316147
"ufb96" 0.719046702716632 0.626436974789916 0.157965927460763 0.486675546687997 0.116190424824552 0.0675968181035687 0.0659769496825327
"ufb97" 0.712333577363387 0.624451513821852 0.153608580662578 0.45742138100588 0.110312386411857 0.065304583570762 0.0719549392664395
"ufb98" 0.635185074726894 0.666323590431882 0.194474033655518 0.13937627301013 0.126752468478788 0.0614661755501624 0.152813673526214
"ufb99" 0.616279069767442 0.694395595993577 0.18931769954229 0.616063229271987 0.147753963102975 0.0624249605822645 0.0585560855255621
"ufb100" 0.715131933390167 0.765946286193873 0.19610018070945 0.557898615538949 0.149135191699431 0.0891655245655174 0.0926532977395035
"ufb101" 0.614205236302857 0.621657196205668 0.165432575192761 0.207808121079242 0.111924024633808 0.065647539785332 0.112588128552892
"ufb102" 0.656339052542821 0.702733695813902 0.216352882998265 0.154260406757498 0.14042317687926 0.0744770704139665 0.176261572785963
"ufb103" 0.649718302853093 0.680639398897721 0.204266813894766 0.173670685762628 0.132558970065248 0.0699399970535388 0.163112918818706
"ufb104" 0.738796310045689 0.732960032339444 0.198205422591278 0.369434041074564 0.142267717042041 0.0888829363930674 0.138702850461937
"ufb105" 0.612160272900829 0.60637100119361 0.161948614445618 0.25385533051655 0.114071648522406 0.0544727885626013 0.0812511146411066
"ufb106" 0.62891468557883 0.595656589328959 0.165641463353418 0.383505155952944 0.118766868313553 0.0578873679872918 0.0582751126909358
"ufb107" 0.644641014024004 0.612572093761575 0.163093075733565 0.420481347878101 0.119569782304953 0.0573938035998704 0.0547386889245497
"ufb108" 0.626988678822987 0.660404759673944 0.168847745578435 0.270169648329471 0.119510092679911 0.0645768499610523 0.107095346662506
"ufb109" 0.589863037966072 0.551745152354571 0.156091510410659 0.364444008760639 0.116488743639116 0.0555023226249767 0.0471958477368325
"ufb110" 0.717647058823529 0.669955930254838 0.15832307086118 0.717766748706301 0.126407249792192 0.0577726321008479 0.0215443400174184
"ufb111" 0.635219889937346 0.654591409003953 0.178076741472026 0.223004357428281 0.121814505295356 0.0674236846445378 0.123603858347281
"ufb112" 0.636726498603652 0.637045318597431 0.172776132408232 0.231930920786235 0.119838150995093 0.065532705272152 0.111358252915619
"ufb113" 0.764509182621196 0.71895446767104 0.163726358199106 0.642950146977976 0.126692357978285 0.0768582000991367 0.0555747958612463
"ufb114" 0.622729063954071 0.53400557385356 0.151475134952002 0.321334019461551 0.107611287347856 0.061786887205468 0.0698400216433815
"ufb115" 0.635067862662457 0.673313616584274 0.20385540084268 0.139039073886206 0.130522464895085 0.0544858136768018 0.16386398311177
"ufb116" 0.635078348928316 0.673980950645071 0.201237809567891 0.152150497917029 0.130121586891073 0.0723531282228505 0.159366662026847
"ufb117" 0.600795202965711 0.58404254912966 0.151296897700808 0.230695375187441 0.101697835043933 0.0595753328789537 0.0882184181453725
"ufb118" 0.658736699529728 0.661650005492695 0.180873488376223 0.220355629570957 0.125278246714768 0.0681192904213129 0.123817315719621
"ufb119" 0.797270896423041 0.740108376072884 0.18883043878645 0.523171745696778 0.146065203370167 0.0766666345577023 0.100419778483881
"ufb120" 0.620719793223168 0.583151576571615 0.153217759854602 0.232056518787132 0.102463619872716 0.0648180907010073 0.0995748955720198
"ufb121" 0.625137001940683 0.6556136207927 0.191610035678958 0.140555610259824 0.124536595016866 0.0695893641842578 0.149227447503456
"ufb122" 0.74047433997128 0.720997949762902 0.183915918692847 0.412434490119844 0.135834675900289 0.081250522263481 0.113068242259749
"ufb123" 0.652452841216197 0.685320610587514 0.200688332492409 0.207694227197502 0.133995488230604 0.0809068617952906 0.150127997206398
"ufb124" 0.713632349463149 0.681388363555457 0.170595257937614 0.454571269411247 0.121190139651781 0.0710204187763356 0.0800561049877999
"ufb125" 0.726103646263858 0.720866704525427 0.178990539257561 0.442467125986373 0.127395469946713 0.0797003348696374 0.100005047630992
"ufb126" 0.622594193926541 0.6201960466217 0.16475443558356 0.231006856686074 0.107696948176144 0.0610295097656577 0.117178931313445
"ufb127" 0.682804519833297 0.652073519903944 0.175191391345445 0.396114232858121 0.125311270885623 0.0713188320292445 0.08512807939143
"ufb128" 0.796861810078136 0.780809178902147 0.199487339837998 0.511804018892482 0.151171153310284 0.0823077149311809 0.112117985351369
"ufb129" 0.647918915899982 0.702037142170326 0.216311236992105 0.15424704766392 0.138875172962981 0.0718305653681171 0.176542480281636
"ufb130" 0.628285137796984 0.568028161144326 0.159475704690667 0.383372712397942 0.115349372388895 0.0541358463481907 0.0513159361177673
"ufb131" 0.714740749199801 0.61935033181977 0.144128879034439 0.543580874979397 0.111607572108602 0.0714589381830801 0.050699338652295
"ufb132" 0.633931438994925 0.685568465586197 0.209097973285644 0.140528590155098 0.13597032172919 0.0712510639707123 0.168956895975422
"ufb133" 0.57823308674007 0.563330575196831 0.147728928709081 0.210084422053097 0.102255188271921 0.0538945408412161 0.07373808345226
"ufb134" 0.62135331804345 0.61701717786799 0.162938657410714 0.25804964107972 0.117169811052396 0.0681316746434208 0.0961029057848545
"ufb135" 0.848837209302326 0.862351318738149 0.171425642315036 0.846992425683645 0.143228498700051 0.0697173778092426 0.0377780712719921
"ufb136" 0.645342894805139 0.67898960331079 0.180134602649645 0.258644233547448 0.127636130948912 0.0691984244861376 0.119188623025759
"ufb137" 0.68109857632667 0.705056303044665 0.192075793773424 0.398285333109287 0.134716423781276 0.0882683214603634 0.11432240573292
"ufb138" 0.695541542356344 0.692661807420398 0.185929977922139 0.497140506458837 0.13318687821475 0.0766391825700699 0.0808780376381268
"ufb139" 0.652915183876556 0.606041874692914 0.16714971561344 0.34184559186799 0.117104836911796 0.0633190268161361 0.0760825442979035
"ufb140" 0.639187196255995 0.559862732863892 0.151688938383248 0.291259854453926 0.104364556159795 0.0647486560730035 0.0886332150639865
"ufb141" 0.644916070506297 0.69356814563098 0.21151852355695 0.138715289667214 0.136316364109225 0.0609392431211311 0.171868079056244
"ufb142" 0.620693544079276 0.608555536988852 0.15929395073848 0.22270972117801 0.109540490072085 0.0583421882544018 0.0922097439640298
"ufb143" 0.720930232558139 0.681396179253705 0.159844155309018 0.720919201860299 0.128682476245311 0.0594465630572534 0.024328510998844
"ufb144" 0.684450595196911 0.682360235908232 0.181174351757531 0.34884478514669 0.126762997307088 0.0764727670187772 0.115817258699706
"ufb145" 0.668119568070533 0.692254822994759 0.209461568680774 0.208077171617587 0.134735906726007 0.0816753543143389 0.165629492374376
"ufb146" 0.701124215365985 0.704451748695326 0.1873182524178 0.352457351790284 0.131389743384843 0.0793335361800039 0.122514300890632
"ufb147" 0.692443467311515 0.710633254317643 0.201372733126339 0.277156770724701 0.13857860138502 0.0807571618992619 0.145719646495971
"ufb148" 0.627731709667404 0.623062711883539 0.162529185973917 0.225477617952112 0.113595577111241 0.0609959203372262 0.100384380611656
"ufb149" 0.61139518556128 0.621345594539616 0.169691494696291 0.268882994890327 0.124233915651386 0.0649648537819183 0.0896046435613565
"ufb150" 0.679561360457322 0.571486146095718 0.139687828411556 0.56243743783078 0.106375155632269 0.0651742001477539 0.028352665465402
"ufb151" 0.636019177728475 0.676911860678444 0.202965658490837 0.152213933664038 0.131333507948516 0.0703079152224093 0.161735057332472
"ufb152" 0.639941658970119 0.664519099011115 0.183087931743138 0.210742871893053 0.123447308041467 0.0623973472115715 0.131358398102869
"ufb153" 0.667083293753128 0.687863102125327 0.189970448725771 0.335676914436158 0.132594293414596 0.0791479962573161 0.119756926312293
"ufb154" 0.690766371122108 0.635019649429231 0.165087805800141 0.376828984189203 0.113798225038644 0.0691197507189662 0.0845675294675167
"ufb155" 0.802325581395349 0.854396423248882 0.199057415615988 0.802269988630587 0.164349469181467 0.0794598964997012 0.0698668004888899
"ufb156" 0.650996100268416 0.679899893967576 0.182859449460408 0.305489002092845 0.132383372827245 0.0839152901985419 0.122190213685485
"ufb157" 0.59229070398994 0.543682360788921 0.137860991099713 0.275531986945218 0.092319474278831 0.0528422842740391 0.0549743176250762
"ufb158" 0.681251167165641 0.696727890106498 0.197990046478799 0.277641833523799 0.134603837686145 0.0804859885292264 0.144890486887608
"ufb159" 0.655350770590127 0.693694944157203 0.203621189828807 0.207553217892931 0.137263481405974 0.0814801832713107 0.150932207101674
"ufb160" 0.716348942838741 0.727790937765223 0.190015093344864 0.406546761453788 0.138289289357143 0.0898234971632369 0.119792576292716
"ufb161" 0.704153435370564 0.714222828297328 0.18800507613858 0.387798662394609 0.133185091055303 0.0902599627497642 0.123193198402213
"ufb162" 0.679101367667163 0.705853165760466 0.200228363660661 0.280507200580867 0.137932636725828 0.0818886250066689 0.14449553057578
"ufb163" 0.687532418465938 0.693267510729885 0.179655141123243 0.393901619193662 0.130527397772121 0.0840602132446283 0.108456731506872
"ufb164" 0.664340788328276 0.681283574259069 0.203348192824893 0.184788710034052 0.129579807505002 0.0615121980889657 0.160959035755086
"ufb165" 0.669370621706046 0.694906547368088 0.210318077331404 0.210425370503588 0.137660751811129 0.0862525144458859 0.166546132531783
"ufb166" 0.682377868028963 0.60414391631703 0.166936588472191 0.511473159115682 0.125327295761201 0.0649527671755716 0.0597368962084022
"ufb167" 0.637922939815771 0.686696801487293 0.209713372026362 0.127610975964117 0.131656426416329 0.0564736629157774 0.169970120678008
"ufb168" 0.626303458581758 0.655276792219187 0.188296139637403 0.139415576855129 0.123033172239192 0.0551474888459488 0.146761263009027
"ufb169" 0.615781805047936 0.633177254920503 0.173391036577372 0.150830672671917 0.116504394529493 0.0500453199840251 0.128552484059324
"ufb170" 0.708422737231142 0.75589799977362 0.213273995972619 0.421773742202264 0.157298754704691 0.0952106402162152 0.137431052936641
"ufb171" 0.642500606623702 0.668709550268923 0.194553761637645 0.164065199296899 0.128491986175986 0.0717948794583815 0.151679828868261
"ufb172" 0.602961298189495 0.58504364918772 0.145688880483751 0.354863308908174 0.10261402744938 0.0534836036307316 0.051938715146631
"ufb173" 0.663127204385147 0.655162713912189 0.182282299993055 0.256041373555705 0.127125529600892 0.069812518641312 0.117080570781135
"ufb174" 0.730475653395014 0.6973381928058 0.183268099596007 0.382680759814866 0.130296361668309 0.0816843410663249 0.122742734439481
"ufb175" 0.648114785209063 0.682262732552695 0.18703197388329 0.222820596741252 0.131509181832728 0.0627027987422882 0.135555191781512
"ufb176" 0.633050452851484 0.64974339854922 0.175055163716021 0.198785236296584 0.116382133617189 0.0553765509212547 0.120405949363615
"ufb177" 0.651899526314699 0.675567692658359 0.196179864043769 0.175630035928797 0.131936193519917 0.0687223066767174 0.15158122750837
"ufb178" 0.772359776486336 0.758419517369398 0.196185253227841 0.488042014734222 0.151509952790141 0.0908320184286819 0.118661370018899
"ufb179" 0.650649659616306 0.67375293435184 0.195522361524996 0.175736300499096 0.129517659366235 0.064815867635772 0.151869410115329
"ufb180" 0.629907710086501 0.569751834397184 0.158800028984753 0.314675903772315 0.109089369212486 0.0611184758589369 0.0669227313396333
"ufb181" 0.635272746845354 0.603705774299177 0.169261561178168 0.376219767594008 0.121817106762892 0.0606433251319285 0.0621372869565064
"ufb182" 0.63005937574649 0.653703607251236 0.18309535846765 0.150830672671917 0.122965132944103 0.0515631865878375 0.138783206903358
"ufb183" 0.610040133295986 0.575034456665676 0.168646933951822 0.364512546614343 0.123181862262348 0.0594849992727569 0.0613574661367717
"ufb184" 0.629562386277849 0.670802367287649 0.197291991358479 0.116213397811 0.126636576698083 0.052242283619816 0.156970884710883
"ufb185" 0.642283356657747 0.664920688204903 0.187513919903105 0.178350296279969 0.12675694169642 0.0658209340750476 0.138058786160284
"ufb186" 0.616279069767442 0.484023787924604 0.141964967489514 0.616120564496537 0.105739732504541 0.0460543878671939 0.00356544196561939
"ufb187" 0.704807923218538 0.617638627894385 0.169188940205462 0.453251413385277 0.121804817985262 0.0712125604241549 0.0786375217409635
"ufb188" 0.649532296482323 0.611160547945205 0.157626413417152 0.270054601609401 0.102981148271874 0.0634118976859368 0.0949793074573871
"ufb189" 0.621355597163784 0.585484903365156 0.147540109383361 0.254026519636764 0.0962578102032686 0.064569295395621 0.0910736727789676
"ufb190" 0.639837180013502 0.559829496518401 0.150109996946208 0.291151518735094 0.100169154127522 0.0650320457392602 0.0907691356504813
"ufb191" 0.669634368202979 0.695761652222653 0.192918640822447 0.392229766931372 0.133637773106765 0.0846186085575512 0.115113375410917
"ufb192" 0.675322525835597 0.704137359378311 0.215561648279069 0.196455445841401 0.138872850233619 0.0774403805301449 0.173822358663211
"ufb193" 0.647610778602084 0.632748444427709 0.169828199863655 0.289286470969749 0.114316247838686 0.0693201946164327 0.117287100196431
"ufb194" 0.645553534963648 0.598252738676764 0.150882943794363 0.245418763799695 0.0998673591200508 0.0593045019383017 0.0915484639234522
"ufb195" 0.639642702389111 0.690558078016837 0.212260461072762 0.150290128140576 0.138039808765446 0.0718688537589738 0.172275263552476
"ufb196" 0.605839350233108 0.606559237940282 0.160172763835825 0.234425961783751 0.112519838561315 0.0623988610007599 0.0930195462943086
"ufb197" 0.605478621798273 0.620376362821725 0.170247310034494 0.268882994890327 0.121631973461684 0.0643291642627404 0.0903489067975729
"ufb198" 0.729411764705882 0.768903304277316 0.197428043217311 0.729265732268153 0.163391170494578 0.0786169340378088 0.0669106321662517
"ufb199" 0.789007519101379 0.780536246276068 0.198940880324393 0.552922810192668 0.157427317971908 0.0907027014473858 0.111632173121473
"ufb200" 0.633739452540538 0.681110266159696 0.205848081843552 0.140481633033076 0.134565492774537 0.0763037580688426 0.165209816363983
"ufb201" 0.66069047783123 0.591799868622728 0.160834557618554 0.278127909739282 0.102934009931949 0.0579020284527266 0.0937505468212517
"ufb202" 0.665066951759045 0.601524388907638 0.161255545437188 0.281465261585281 0.104821845272546 0.060401246124569 0.0988443415304787
"ufb203" 0.688982927625281 0.710302412665308 0.201719378333933 0.300491695105174 0.140273589447997 0.0843968135137814 0.146090447998458
"ufb204" 0.64737154532292 0.679879784225071 0.18318556217187 0.273456241273001 0.130724700056663 0.0798850580647932 0.126236038099137
"ufb205" 0.745324509887753 0.718269949945343 0.189812984440881 0.387884278165304 0.136354677520401 0.0805304512973661 0.125268570205701
"ufb206" 0.61434058849259 0.602130367158411 0.155870895919773 0.246044291789427 0.108282428613899 0.06145905989472 0.0883697709268746
"ufb207" 0.588130663583813 0.586952472748777 0.163462466903334 0.196398262371684 0.110914156399685 0.0680256860593108 0.11043120234227
"ufb208" 0.704806661805466 0.636154461784714 0.144443727319241 0.506922935616919 0.106938503956419 0.0737804765726454 0.0618769636976503
"ufb209" 0.684745115958741 0.633641287034087 0.168187754624132 0.382869767369673 0.111161652104522 0.0694110680685242 0.0879912109550607
"ufb210" 0.635245000335706 0.669513983825412 0.197745704237586 0.104782689640638 0.130840941326426 0.061817593636647 0.15740251533969
"ufb211" 0.603029673972928 0.606767066336644 0.157500705353857 0.198052725311953 0.106943667535478 0.0582401317503397 0.101744348379154
"ufb212" 0.643255532616412 0.70058562404636 0.220074950893981 0.139039073886206 0.138889576897572 0.0660771959685827 0.180898263052837
"ufb213" 0.697470758795157 0.717598011182653 0.206840014409994 0.304005874384022 0.141272521977685 0.0861014389129559 0.151524435603217
"ufb214" 0.720542298665478 0.704020181519873 0.189256292214541 0.34789832227174 0.135072705824179 0.0845705083680163 0.132792722652039
"ufb215" 0.618280151494329 0.627622270880896 0.174129197051641 0.116350850038364 0.117263247717027 0.0479788650160226 0.131425826877685
"ufb216" 0.782532589083062 0.73860631035119 0.168322252456138 0.6351524676231 0.127156048436557 0.0731105081579399 0.0610718660483106
"ufb217" 0.636165545734348 0.688452445935549 0.208174874746226 0.152127291978679 0.133018595252129 0.0602063923709963 0.16835633635702
"ufb218" 0.648766063801515 0.571006444001736 0.1601916352746 0.306221692351632 0.110608743211461 0.0680653261719216 0.0931363274294588
"ufb219" 0.625818154504399 0.631288793210281 0.166645276131346 0.233556081187824 0.112653643590516 0.0569397862882706 0.104804862024588
"ufb220" 0.755908636116311 0.734813770414757 0.189474307732007 0.436032605238857 0.141752115821905 0.0883998295669943 0.118985599118498
"ufb221" 0.725673035921255 0.648243207363484 0.151177215619831 0.485464472271181 0.105786231706809 0.0726734284990038 0.0693673901913733
"ufb222" 0.649872332932589 0.68252244600825 0.187279099451447 0.270372559756639 0.125143036465014 0.0826223722886076 0.130600197540671
"ufb223" 0.673878166267916 0.682452755732889 0.195384962222819 0.289858691245233 0.12709975384439 0.08553517178838 0.144458066899365
"ufb224" 0.8 0.703504043126685 0.138147699368147 0.799895323746479 0.112201630063869 0.0529452862803332 -0.00162046543557409
"ufb225" 0.626675785586211 0.646162795871876 0.183844961941656 0.116200925767351 0.120090061898703 0.0484152412859262 0.142662792593544
"ufb226" 0.633565534125716 0.675257989365606 0.200404182532688 0.15034040939644 0.130460354959894 0.0652616071207265 0.159480676160001
"ufb227" 0.730720106024824 0.717821108203367 0.193026841499418 0.352615581253438 0.138149231748067 0.0840710827123815 0.133224665209251
"ufb228" 0.604437101817197 0.595765217979379 0.15550888126031 0.245392840654469 0.10810130906015 0.0516318471685408 0.0820446081567465
"ufb229" 0.641739100100617 0.698646508180115 0.21504122578517 0.127365608669232 0.139621218246093 0.0732558491741596 0.175611687138052
"ufb230" 0.747157679456137 0.713792240300375 0.164939553782586 0.566606665851255 0.126367475485226 0.0874917687911565 0.0736066666474966
"ufb231" 0.653468435064734 0.65606355989764 0.179909386340172 0.223786484553154 0.125019239160152 0.0691764543397541 0.119090172078391
