"quartet" "wQuartet" "cluster" "phylo" "mutual" "shared" "clusterNorm"
"mb49" 0.939759036144578 0.956367506207875 0.245238876793591 0.939732375440692 0.207995499962892 0.105322878163196 0.124156085837369
"mb50" 0.728395061728395 0.808996496496497 0.24091825549884 0.519153803811905 0.192701637430401 0.0946928438500353 0.119291116040814
"mb51" 0.807692307692308 0.881510574018127 0.248077838057171 0.807599613342916 0.202293104703447 0.100728211746949 0.124826403635367
"mb52" 0.740387875411169 0.74935670984343 0.203179431673217 0.513083997137243 0.144609501509555 0.098034461767132 0.115801472720049
"mb53" 0.750319046812086 0.774006465107435 0.226420847947696 0.599970373680377 0.17035717111322 0.103423518992409 0.126974841107496
"mb54" 0.771084337349398 0.859808751086642 0.252430513931755 0.771055707281256 0.20564786856471 0.101371650218955 0.132501443628941
"mb55" 0.641249777617557 0.711689670873344 0.198896595162474 0.3367280457207 0.140430765908396 0.0970329626820613 0.139838331153957
"mb56" 0.749649581309976 0.787993083053481 0.240591955668006 0.504383069618317 0.174752071522387 0.111065043744597 0.157750239108352
"mb57" 0.845641016063452 0.84549562270545 0.202045347841201 0.726445042778186 0.155964436386071 0.0950404786916112 0.0994511240150061
"mb58" 0.64657761497697 0.718610964196415 0.228015416287125 0.133106902081126 0.149832188841894 0.0618478104282945 0.189522603241529
"mb59" 0.780487804878049 0.854565422026985 0.207288060578694 0.780303778863355 0.167123331611584 0.0800733902691447 0.0796821240392025
"mb60" 0.719512195121951 0.820625415834997 0.230081847830054 0.719243626538206 0.180497165316479 0.0876581560394927 0.105718200408463
"mb61" 0.72289156626506 0.697164948453608 0.181747861076811 0.722614379662125 0.1491420586635 0.0702051636318511 0.0504795039232011
"mb62" 0.754637723810139 0.735972296517357 0.225208095503901 0.29627390544506 0.160225415953505 0.0941548566750774 0.139503285873394
"mb63" 0.703615752597694 0.757484873774254 0.19627900068244 0.52971493208332 0.147871720522252 0.0974796787737811 0.108853324104528
"mb64" 0.817073170731707 0.860949868073879 0.191877184037418 0.816890973539173 0.153663092685846 0.072079050547226 0.0613210958814936
"mb65" 0.79627706538989 0.778573754477369 0.183919604946794 0.646078194950758 0.13532692261972 0.081355003712548 0.0784517705891403
"mb66" 0.661954838609753 0.716202451211646 0.225038183691564 0.133410045513765 0.146993451095057 0.0532387413240363 0.18638801690466
"mb67" 0.707009961438043 0.742743698838834 0.213024296344168 0.278412076468522 0.137961907055265 0.090283040613274 0.154752587757255
"mb68" 0.642581772540235 0.720938291537008 0.226147205902511 0.145226119064356 0.147407778298538 0.0732093687009266 0.187015019109113
"mb69" 0.643373924804526 0.724084573713737 0.230085974000666 0.145225846133909 0.150660509923896 0.0699772332645912 0.191472743422622
"mb70" 0.633928870752031 0.714248822837742 0.220610757110199 0.145230268224344 0.142103186885264 0.0649377444811096 0.180766759809574
"mb71" 0.829268292682927 0.866650274567658 0.194181065851547 0.829151900723474 0.154154409411053 0.0747359421513373 0.0644521466728691
"mb72" 0.687095796741751 0.736475367684871 0.188624190110657 0.565960923386225 0.142239151023124 0.0842381436082649 0.0845433177180181
"mb73" 0.838464700646845 0.820096730713323 0.211486824091382 0.662644498181832 0.162517818294483 0.0898812452344709 0.110338702294589
"mb74" 0.664165564718468 0.688086229577036 0.199192601466814 0.194660028229955 0.134588119908574 0.0783726127474785 0.148609848452478
"mb75" 0.646066267648506 0.681007280648097 0.199482817303409 0.158039481241558 0.135182712611951 0.0748141974821118 0.150954906345201
"mb76" 0.716422432994147 0.771107067691869 0.201720529345813 0.517603847351469 0.15212082135335 0.106722666283647 0.125345791550383
"mb77" 0.651479476596561 0.702341544828899 0.215103486126602 0.145556814579475 0.140113070385369 0.0560650062374787 0.175725260237008
"mb78" 0.701115813068822 0.679030536586287 0.19913240608998 0.233046371214269 0.135500873527785 0.0802983205134314 0.121632736408911
"mb79" 0.765378219800826 0.733850055566637 0.180198808853568 0.554064834052085 0.131559929112628 0.0944047331032218 0.101484724809792
"mb80" 0.695121951219512 0.752319908160337 0.173280582710863 0.694819565608146 0.130636108167833 0.0583663500817278 0.0396299842644136
"mb81" 0.680610766603827 0.661518728895636 0.187797405692169 0.235048459095448 0.125848282672436 0.0751509845868936 0.117028616039553
"mb82" 0.793511376544944 0.804531554072838 0.205788543832336 0.617855922357083 0.152995072343497 0.0964965451118989 0.103332047962135
"mb83" 0.701909310545295 0.669140285781953 0.173939203063453 0.57802900778883 0.133175441828198 0.081389322799762 0.0679745842683228
"mb84" 0.686746987951807 0.717054263565892 0.187408085123228 0.686477581444241 0.147847336957329 0.0670000779782533 0.0570477711953554
"mb85" 0.63330252194916 0.704486950808565 0.209738721948739 0.157288113049168 0.135118319172613 0.0641365219733437 0.167261481277013
"mb86" 0.795238532241283 0.765859572206723 0.174983222669187 0.634798491763696 0.129831032186216 0.0887034698478753 0.084613584587667
"mb87" 0.621817922323731 0.664884242850459 0.19808716039187 0.145718407508943 0.125821667628377 0.0691362696559694 0.153883295789779
"mb88" 0.789114185059253 0.758494285802298 0.182577680668389 0.599235409799674 0.13631142073957 0.089210624479426 0.0935100402446874
"mb89" 0.771084337349398 0.747202536367027 0.158608595507667 0.770935473639226 0.124750873895994 0.0586567476854341 0.0236281143857655
"mb90" 0.75609756097561 0.784399773499434 0.203943938731527 0.756000045167186 0.164449858689805 0.079338281171231 0.0764380004286298
"mb91" 0.645672149502085 0.678625065619793 0.201677135836386 0.157789305919545 0.131735109568565 0.0571867451570915 0.160273931330341
"mb92" 0.787925517513188 0.81871798486771 0.234188725846837 0.609619154941898 0.17913958259726 0.101453018772953 0.135952736394736
"mb93" 0.664870692178627 0.691767974166588 0.19679750132312 0.216384586198975 0.125513157773738 0.0835663818505852 0.146241984956393
"mb94" 0.6513142208782 0.710661308382012 0.192836128336327 0.396858576887699 0.139615770538933 0.0974208865557837 0.128972544923301
"mb95" 0.766473470253088 0.721274509803922 0.161151629183941 0.649856988624063 0.122521722393372 0.0766344313118374 0.0527530550300686
"mb96" 0.710843373493976 0.74651045056773 0.188071072454961 0.710608407785665 0.148698278778941 0.0684787980832876 0.0578171184786377
"mb97" 0.8375 0.810881329725551 0.1668772979573 0.837422699326126 0.139101412894721 0.0667677931079061 0.0315757288057032
"mb98" 0.660943016116456 0.677992071281979 0.191394197108491 0.19707145991548 0.129651328890058 0.0794212732354717 0.137907095325613
"mb99" 0.77869993649801 0.752695698796616 0.181846028706491 0.586823654996826 0.133391560567933 0.0860922531650088 0.0924605356959237
"mb100" 0.734130134937699 0.768292972178079 0.231395289362506 0.524394559311189 0.172438314310935 0.0966687239183528 0.132461382806789
"mb101" 0.643251114974105 0.671873350667377 0.199086430779237 0.159708702464331 0.129377535429671 0.0561364523976973 0.156831946175218
"mb102" 0.662650602409639 0.717635798037808 0.181193966862152 0.662525078985574 0.142984134935911 0.0625753187693756 0.0498367510546675
"mb103" 0.708860759493671 0.75040315355671 0.183928468496842 0.708621238813304 0.137600648327585 0.0665728416823195 0.0510030813531575
"mb104" 0.804878048780488 0.748400073139514 0.157012117781984 0.80478800341036 0.125700887636447 0.060828744324883 0.0218848314542419
"mb105" 0.716920884105011 0.741711101310989 0.211097607975473 0.313644119151067 0.140181175785847 0.0950606857630566 0.148354378537321
"mb106" 0.698234029351765 0.687290640394089 0.173163616060038 0.517644566205121 0.128257850885389 0.0861098140067947 0.0832235369199325
"mb107" 0.643813997940589 0.686533740072255 0.206316703553243 0.147316546722092 0.133878109713513 0.0543476714711301 0.166161360968691
"mb108" 0.731727647130267 0.712587820388215 0.189704344642512 0.554274013403533 0.138023201987082 0.0844917269829669 0.0846005454352207
"mb109" 0.678884344118163 0.653519812924083 0.191011595107909 0.335855582883193 0.12620912967713 0.077044197509637 0.121198346592902
"mb110" 0.657504353687526 0.66909614529179 0.194923235043384 0.157933214027363 0.128200142159355 0.0651496338303924 0.149319405802041
"mb111" 0.727049764096414 0.706442469985032 0.163576450399066 0.595156383840376 0.120116732562218 0.0702257255575863 0.0558165784647091
"mb112" 0.631655243999824 0.661849698192696 0.183594160255475 0.204711075626884 0.119075858733802 0.067069656911767 0.132323612197771
"mb113" 0.737727951232209 0.752844893394166 0.218805698808725 0.388848092029278 0.15121657326039 0.094502368221043 0.14380058275678
"mb114" 0.777777777777778 0.754992012779553 0.161639474987534 0.777675970313926 0.129895837805756 0.0614079391862731 0.0262348222160339
"mb115" 0.648294790260126 0.674796106861648 0.195194155374793 0.147565116456771 0.13097306435756 0.0628079093514996 0.148153165494527
"mb116" 0.813881782992915 0.773470701867354 0.16654454303663 0.699785851439001 0.126408683796225 0.0777936307754988 0.0594013585577069
"mb117" 0.631664099394537 0.670172627795983 0.19822664941391 0.147429490147176 0.127209343906186 0.0548315303347945 0.155069193603421
"mb118" 0.692697470520752 0.726556674823478 0.204202631513584 0.281691886601752 0.13437463498973 0.089095654073565 0.14096617527495
"mb119" 0.619787048572515 0.663023057216055 0.192353376674758 0.147429490147176 0.123642417260296 0.0553563335717929 0.148876972009943
"mb120" 0.707317073170732 0.702638762511374 0.17132867822445 0.707153290778415 0.129683245203573 0.060320100641187 0.0377744998236823
"mb121" 0.835006860652688 0.803655992317118 0.173609455918425 0.741013618988855 0.133322195238677 0.0850835853083546 0.0665882447727788
"tnt1" 0.684551926994646 0.643657681475947 0.190107225539567 0.359230301574795 0.130265171261266 0.0727910444836863 0.101881992928393
"tnt2" 0.675326729849161 0.614958237697502 0.176341624446982 0.327528638070922 0.115109070656195 0.0713004076245754 0.0972814009287262
"tnt3" 0.650193082753246 0.620685144370273 0.167056737713869 0.28889597546813 0.112736372097122 0.0699916086893009 0.105544170701769
"tnt4" 0.658766734930792 0.635724844908947 0.171318380299504 0.276798776723991 0.114316586002875 0.0710282880355688 0.113782583916914
"tnt5" 0.708391445174955 0.678137615177133 0.196715495214789 0.260753663158226 0.133956858835083 0.0751402280915613 0.118882458976393
"tnt6" 0.633603147482607 0.662790805307004 0.197382277063031 0.157933214027363 0.126078301637961 0.0716075070019516 0.151914276741306
"tnt7" 0.618904576299169 0.65659673769318 0.192646151935749 0.133526088792733 0.12367659954809 0.0534618591399069 0.149180361204404
"tnt8" 0.646244201848428 0.672342064272125 0.200519720865484 0.145619421447663 0.1311264622632 0.0540917412012148 0.159053209912405
"tnt9" 0.652209407702418 0.683894229461168 0.206208983004047 0.14734465603361 0.135392266372397 0.0544420444713591 0.165605521037144
"tnt10" 0.71145323226187 0.737828081655879 0.215639512140214 0.356497103328925 0.149333020218153 0.0948153635002263 0.140105083546249
"tnt11" 0.829268292682927 0.825068332682546 0.163595528650881 0.824845608869073 0.12907985322653 0.0622733574564575 0.0287003995067692
"ufb1" 0.617576812536419 0.677926427346783 0.179091478681453 0.324692727036919 0.124621323040391 0.085120123963257 0.114140405341621
"ufb2" 0.707043183081383 0.736172177849468 0.20566660034325 0.346309891250202 0.138767205426355 0.0907505630099913 0.13704578968212
"ufb3" 0.768292682926829 0.784009445896939 0.181560085244427 0.768031584781379 0.14105025489511 0.0688891665102974 0.0497993123778393
"ufb4" 0.702917072720043 0.679866619122423 0.179227748103784 0.383839781895668 0.122401692915615 0.0748297354415292 0.100618827546879
"ufb5" 0.686746987951807 0.624393203883495 0.168082777723953 0.686655905326998 0.133875728143216 0.0622125440773484 0.0346221952686689
"ufb6" 0.706878392388043 0.672453885330328 0.183057691209561 0.473444109953274 0.134027100799125 0.0718899257610411 0.0939345476395456
"ufb7" 0.669627701164798 0.644651841121312 0.181676548135772 0.340142383831584 0.120538851885994 0.0739392910012779 0.116882002725418
"ufb8" 0.746269189293223 0.766768593410929 0.190016866795072 0.650231533264458 0.146912238589148 0.0912855489272479 0.0861146428197358
"ufb9" 0.597560975609756 0.543110330512534 0.161748461826521 0.59736397635569 0.120735170720798 0.055206026803666 0.0262335369528495
"ufb10" 0.681650761612103 0.628310702492361 0.177451750611245 0.431421010468118 0.130781020067853 0.0695277277930378 0.0878479006638438
"ufb11" 0.680946519887199 0.613117949378028 0.164737036668031 0.437153421361981 0.119169322738187 0.0687501590380689 0.084649129963536
"ufb12" 0.713406473181584 0.734451948323384 0.211937158795632 0.36129223762288 0.144810887402396 0.096599523640075 0.143562211042801
"ufb13" 0.632407041381524 0.705739701902356 0.213764862912042 0.146895857735317 0.137958563042333 0.0642175197036831 0.173022156187712
"ufb14" 0.660839197674318 0.678773113982832 0.192610188473685 0.280957117250292 0.130900515345902 0.0803871305583626 0.139216780192632
"ufb15" 0.703900630727159 0.682076702321941 0.185476331441982 0.48434006949953 0.133054255705014 0.0699587556854324 0.0790373910182731
"ufb16" 0.656274190884801 0.667901109592662 0.194227746148535 0.207378643741408 0.126890506486136 0.0638975039078082 0.149820613092933
"ufb17" 0.638302020858232 0.665510178762268 0.188263308554523 0.220051329299022 0.12838634447553 0.0744654624041777 0.137022802662372
"ufb18" 0.653151873090606 0.657685213648939 0.182961916476704 0.241738232540595 0.123249604096823 0.073264740068443 0.128917041980841
"ufb19" 0.678740098460657 0.674640430411763 0.188674196066314 0.301566213960488 0.126653483053341 0.0819338420076832 0.131984917147874
"ufb20" 0.67846264522595 0.672809392739126 0.188723438586289 0.313815146486233 0.127518800475193 0.0793827002972605 0.128369952484759
"ufb21" 0.725074670201462 0.709314506946026 0.198504659589382 0.424225962931761 0.140290332128268 0.0942116594566035 0.121386378196005
"ufb22" 0.664252679099104 0.671236041586446 0.193160262157314 0.498751559790038 0.145114676151141 0.0771911136199376 0.0889727097496581
"ufb23" 0.759036144578313 0.748019695996575 0.17855719555012 0.758751177880009 0.142927080735705 0.0686888947450833 0.0467769748742634
"ufb24" 0.627597923704237 0.675829476779006 0.200373528086809 0.157137407259605 0.129383570262057 0.0523699195782256 0.15946900287139
"ufb25" 0.671479457381055 0.651024863790095 0.180848974841014 0.303890410333973 0.121300091127517 0.0716549817123056 0.115358746353396
"ufb26" 0.657780893461939 0.680562311828664 0.201242858047993 0.16850809908722 0.131158904502809 0.0490340385380399 0.160382803007795
"ufb27" 0.658108319262711 0.666104908087755 0.195340177201409 0.204459544794525 0.128458510103916 0.0652110294029912 0.152027349805086
"ufb28" 0.655032766489106 0.661044202741286 0.192567517810298 0.195088162725933 0.126814889591793 0.0640236159265171 0.148062541705978
"ufb29" 0.640928737317031 0.659798959586774 0.189466002977073 0.192610005262129 0.125852807732429 0.0601248362019497 0.143553047090775
"ufb30" 0.641758426710402 0.668569392264953 0.190804671507477 0.231674167490452 0.129924566264209 0.0762877467741625 0.139733994422092
"ufb31" 0.644500525769859 0.630307255028055 0.175724395524798 0.263581927018647 0.117841842668404 0.0720293386588788 0.109923965054835
"ufb32" 0.658998703024565 0.630156097310086 0.179539550536035 0.287766604094195 0.120212696277571 0.0725785966627788 0.108051237923728
"ufb33" 0.669244971355807 0.639856207945433 0.188841455409131 0.30500970754351 0.130640380305099 0.0748498976704717 0.110345934123459
"ufb34" 0.721929494368798 0.714921241679299 0.179902558745756 0.483179419855544 0.128448835943605 0.0912266149819081 0.108980007772888
"ufb35" 0.649188371973346 0.665493337164613 0.193091707144273 0.158602579978398 0.12579062480098 0.04839856249863 0.15123661839325
"ufb36" 0.646482464401548 0.662091673250274 0.190643225311437 0.180779330580945 0.124085485715103 0.0549878838510136 0.147939134368128
"ufb37" 0.614687138659064 0.647672097941676 0.181720177726908 0.156427401832084 0.118682314149443 0.0528794018816302 0.136607684317675
"ufb38" 0.707317073170732 0.666354264292409 0.166347943444215 0.707031596073176 0.129217741979489 0.0584138472570744 0.0327171493128337
"ufb39" 0.795180722891566 0.670681579198929 0.140324444455606 0.79506629998065 0.112952194350572 0.0537278430698051 0.00241072264128103
"ufb40" 0.726984335478224 0.723261792874834 0.180927788036969 0.519946169154704 0.128892920965643 0.0874235654413767 0.102283697705484
"ufb41" 0.667863741644507 0.673548910771147 0.197956649518714 0.204475049464677 0.130685841191731 0.0579328171553883 0.15564256007503
"ufb42" 0.634876159272673 0.660110832692447 0.189303390763021 0.194873749111014 0.126967721008401 0.0602213915631065 0.141904616820737
"ufb43" 0.631043299802119 0.704776281148815 0.209663923922306 0.159155160596646 0.134256360272305 0.0651881205059294 0.168018846341562
"ufb44" 0.631320280995472 0.672367482752379 0.196977353517103 0.185475241204657 0.127920436171889 0.0554662516624402 0.154615726811195
"ufb45" 0.643426845339921 0.667169115338012 0.190434175177275 0.195101895498518 0.126576233800825 0.0613438583213823 0.144583887473073
"ufb46" 0.634660023860573 0.642374818365144 0.180088047886687 0.263528066299351 0.117907575512802 0.0773336475171056 0.123323612967429
"ufb47" 0.632136206306781 0.713343047502694 0.220479422978824 0.145226119064356 0.142613890999876 0.0590059639777175 0.181060627748051
"ufb48" 0.780487804878049 0.720040560471976 0.15518472277039 0.780303778863355 0.123892541917089 0.0594106906212474 0.0189331007041098
"ufb49" 0.782517781531101 0.730604627216269 0.163030319980865 0.689547064019478 0.126777843171761 0.0780123944154866 0.0546390641886285
"ufb50" 0.731707317073171 0.732948429396223 0.172652646613146 0.731532339727489 0.132719607231487 0.061842378272069 0.0389907429139117
"ufb51" 0.727289585047863 0.753171157840315 0.213988037943188 0.372160074149537 0.147600051087743 0.0940639349274114 0.138610872716929
"ufb52" 0.674667514605305 0.631090579479677 0.16624370014616 0.311805673723288 0.112154231215751 0.0678520918678686 0.104671090595593
"ufb53" 0.700749013620171 0.676461100059143 0.168395229669073 0.577823026848828 0.127027106580235 0.0758172754550075 0.0617194464783869
"ufb54" 0.722797458260488 0.703183213615093 0.184916676489857 0.451093695696106 0.130221521614517 0.0776765318648169 0.0962550500227699
"ufb55" 0.632808648160073 0.69381774414682 0.209240770394599 0.12124222664361 0.137777157009294 0.048223288415755 0.169946386569671
"ufb56" 0.668893335302914 0.65134245920166 0.179043197865686 0.288590976766314 0.119493555982773 0.0739435611713904 0.117976499588796
"ufb57" 0.718425289257564 0.672701522827817 0.186296211988021 0.443761990605053 0.134048099175952 0.0746188115584509 0.0976558286708866
"ufb58" 0.673576333170943 0.621612344641741 0.164724282514056 0.316396938210812 0.111963206295545 0.0697729513672618 0.0985415142904713
"ufb59" 0.686746987951807 0.584022508312729 0.155995279046891 0.686596464032746 0.12445505745064 0.0575090435498368 0.0205955558085195
"ufb60" 0.671632833382277 0.592505710229026 0.152171716806941 0.431574565735532 0.105422641805089 0.0677999582134248 0.0598155682719602
"ufb61" 0.682603137003363 0.623109521402745 0.155608993987857 0.400667843197748 0.106499979081577 0.0716606874381093 0.0746494846438828
"ufb62" 0.619259602876792 0.680366476103762 0.180224457281722 0.336769239262673 0.127781245186758 0.0871141943715078 0.115363026300627
"ufb63" 0.664028142688827 0.697153596382297 0.214369101566511 0.180978562454269 0.140191816542738 0.0544361776459025 0.174623081611818
"ufb64" 0.651210175863876 0.698395866027818 0.213393342728874 0.157102811278259 0.138567435579568 0.0436036034143437 0.174345880805986
"ufb65" 0.656405517913551 0.711361846782071 0.221849942589793 0.157109407700693 0.144180660643696 0.0508096366924485 0.183177675358615
"ufb66" 0.685474533155211 0.742999263080324 0.195131240861821 0.433315560493698 0.141311214193525 0.0996809748907328 0.125733805153323
"ufb67" 0.768292682926829 0.671019957693369 0.151446836808948 0.768031584781379 0.118270217939006 0.0566828472465172 0.0143814018557082
"ufb68" 0.745240552576949 0.661129263749351 0.157795284401883 0.624300339715959 0.116371975255541 0.0719370610883789 0.0495272478525271
"ufb69" 0.639473537306512 0.675328326286238 0.191321631732576 0.207186860593828 0.128770856947801 0.0570394012779614 0.142314976003595
"ufb70" 0.660697459599201 0.677080249635998 0.192418333222522 0.289708900292309 0.130124473832845 0.0788188535020135 0.136009248351737
"ufb71" 0.656828847092405 0.658943996338882 0.196676702983798 0.450046874463749 0.141008780487697 0.0753107751989075 0.0929432300490715
"ufb72" 0.602624840527616 0.595944346974581 0.170219685782556 0.181134919771556 0.109526210229343 0.0685134664763145 0.115407408997769
"ufb73" 0.665685329082393 0.637984802565116 0.179908673717193 0.395324762541505 0.129628633748871 0.0743040843920945 0.0905724673633214
"ufb74" 0.691358024691358 0.653584413163046 0.157563507187836 0.691187241317538 0.120675599614325 0.0534075502987685 0.0204160511916471
"ufb75" 0.651118126001623 0.696406697020183 0.21274930000084 0.159007365728797 0.138447985297865 0.049674528173293 0.173251575863004
"ufb76" 0.613190647211966 0.589816614826335 0.168683989029984 0.193413303877835 0.110312731165489 0.0682277239636855 0.110691209072002
"ufb77" 0.695511656216023 0.668878972201694 0.183401331931893 0.436908259656487 0.133123484095084 0.077496313157053 0.0943059781268829
"ufb78" 0.651684048714706 0.672848001180251 0.195783419881284 0.170881490558061 0.127823994597843 0.0524675974972245 0.154071251991112
"ufb79" 0.780472559310212 0.737706656968374 0.191790556147441 0.512023236674065 0.135340242942106 0.0824117762978992 0.103748696248217
"ufb80" 0.703569764766532 0.684697945415517 0.180441415416902 0.364512757509606 0.120206256108797 0.0782869293226741 0.109742219579111
"ufb81" 0.714711428858734 0.724377001252958 0.218400673245462 0.421837648810489 0.153301567607837 0.0862846625371713 0.116605814470202
"ufb82" 0.795180722891566 0.705658105939005 0.144238228821598 0.795125741274903 0.114887055786897 0.0539322829528816 0.00695237709711216
"ufb83" 0.70397533204995 0.681341195037912 0.181859721903847 0.362998639826851 0.126028807073683 0.0840671816425255 0.116771675881315
"ufb84" 0.677644916824263 0.646118526529489 0.166844725432069 0.404751590868789 0.117136675421261 0.0729460214146031 0.0866159003118475
"ufb85" 0.650597887499407 0.598862289642095 0.153308524756524 0.361440736966605 0.104226795232125 0.0690682242937007 0.0798471584310828
"ufb86" 0.630352775755044 0.662901351733139 0.196928655677553 0.156873696626783 0.129210416757589 0.0476328653468092 0.157012909052508
"ufb87" 0.867469879518072 0.882779558104233 0.176494853411462 0.867339896416418 0.145894199987866 0.0706532454712581 0.0443837808483288
"ufb88" 0.722320356928539 0.69233009143323 0.182504775855547 0.3949489249411 0.122054328904676 0.0779093039561939 0.104206207272617
"ufb89" 0.712825184138112 0.743424635873289 0.214375058675033 0.362317894546652 0.14786041143012 0.0919177274673481 0.139035008056513
"ufb90" 0.61790646133362 0.664144138022802 0.194527541484808 0.171041982211533 0.124960566445054 0.0519311008060978 0.150136930531232
"ufb91" 0.688732540960284 0.674701172755977 0.191120895074984 0.412395600767128 0.138178861847975 0.0728239148728339 0.102878895261556
"ufb92" 0.684663939302083 0.674214297424226 0.177574183328092 0.349662758824027 0.121349732426784 0.0837868614739855 0.112006521433407
"ufb93" 0.670721705186687 0.634023835253649 0.17757426486883 0.404831308452433 0.124877589640889 0.0719085672461738 0.0874969061084172
"ufb94" 0.644963311723054 0.63128021581773 0.167495579250831 0.347242037501005 0.113416330409201 0.0706209459264055 0.0956170684036957
"ufb95" 0.667494620678285 0.670112730272202 0.18945332765359 0.310203876657609 0.125089979818994 0.0849442111856944 0.125029786102488
"ufb96" 0.652088376456607 0.666870072896395 0.184009359992468 0.23969631625761 0.118620618731012 0.0820588365717276 0.12725529710611
"ufb97" 0.651831195645706 0.674075042489214 0.188160791293343 0.223810434536006 0.120206370124362 0.0840317871580879 0.134588751438249
"ufb98" 0.719512195121951 0.686301121968874 0.165096287259396 0.715911751199569 0.127389872605301 0.0579403707316337 0.0302356262013212
"ufb99" 0.676107847266105 0.647902811266262 0.182432357545216 0.319288128203524 0.122405393386993 0.0728066951767029 0.111144762613413
"ufb100" 0.611869789310819 0.671037354540772 0.195662450989597 0.145005190301513 0.125773277038184 0.0517133532831897 0.154515181424259
"ufb101" 0.607963789576747 0.661726969685447 0.192485173964867 0.148534791702456 0.122789167765247 0.0507619965161201 0.150596515299735
"ufb102" 0.751868826883355 0.75293871246433 0.220197984026287 0.498031459850089 0.159394631820935 0.0873737251931955 0.117948252218569
"ufb103" 0.817509354418354 0.755736007411848 0.196953676001135 0.609688649145654 0.147356523377841 0.0805444673058787 0.0937195725257239
"ufb104" 0.651219806618978 0.678141347148358 0.202492099482787 0.193174394724493 0.13089779690977 0.0566933055190168 0.161127889564109
"ufb105" 0.62589780202393 0.663699413652676 0.195055004092029 0.181085124696523 0.123295607705378 0.0551109483512853 0.151718899574453
"ufb106" 0.674800217832012 0.659532147359574 0.186587040194806 0.419388927825914 0.133799153858199 0.0765765600169465 0.0979783380915337
"ufb107" 0.660131859619161 0.674501008922276 0.190533890474072 0.289383908391391 0.127893875693336 0.0778935063455648 0.133974552862163
"ufb108" 0.665975495213551 0.677620917594386 0.192048208067841 0.308951583670588 0.128897972225366 0.0826655442344492 0.132019096632745
"ufb109" 0.716914146594254 0.649847094801223 0.160939576540155 0.465827971933925 0.109754268463934 0.0689514609080654 0.0691801188813515
"ufb110" 0.717071614967213 0.743202989736502 0.209413916640195 0.325407573375984 0.138685179589025 0.0891034880847077 0.146707867950386
"ufb111" 0.664845434183924 0.6181009884445 0.153626283426283 0.441903563960226 0.108099457973201 0.0718635761167029 0.0612939325406564
"ufb112" 0.625240530509603 0.605282683852238 0.178851610404138 0.229960220585125 0.116350577357272 0.074869190455473 0.121568125853999
"ufb113" 0.708865511788841 0.713891126711935 0.18527469073598 0.544118191491333 0.129897143340777 0.0797259014401787 0.0792533750035321
"ufb114" 0.655495891536337 0.622911068877384 0.169017159152534 0.331661196781656 0.11630647671402 0.0722213267957389 0.0889975288971407
"ufb115" 0.725346283864808 0.74006989974234 0.186538457901747 0.602027855967372 0.141473726781593 0.0864355988296064 0.0821900339932316
"ufb116" 0.647198987026626 0.686004164108431 0.211076959257652 0.156823135036258 0.137803391905702 0.051084219828575 0.171914511153862
"ufb117" 0.657314756963543 0.59602868119821 0.17309955917277 0.28701500421694 0.114225435222359 0.0701677832681242 0.107349615118864
"ufb118" 0.706205990773785 0.677818766924375 0.170104202262897 0.421063400127802 0.120734887721854 0.0827678059117451 0.0983342831577225
"ufb119" 0.631102731717975 0.65529272573211 0.185951206042668 0.170625236472196 0.121614917170521 0.052817509804094 0.142127804705595
"ufb120" 0.63292157054309 0.703876306014964 0.21498809874784 0.133104915523705 0.140024564060899 0.0453211739199427 0.175617669679199
"ufb121" 0.717263602749006 0.710355452844723 0.184471604981129 0.440049750754691 0.129745507474308 0.0948315162983348 0.119719528941046
"ufb122" 0.628323379584953 0.667141317075436 0.194814094863824 0.181136414868183 0.127679100255256 0.0542179097754655 0.152338350385596
"ufb123" 0.629038779791865 0.657103904762853 0.189297369461515 0.195622944242484 0.122835840605414 0.0508893410388489 0.144615356462874
"ufb124" 0.678254567032227 0.714131638875082 0.199616306702676 0.254298383944204 0.12863119873256 0.0841818971868396 0.14392239586549
"ufb125" 0.627080938980115 0.691414565146546 0.197547056528636 0.181413615264245 0.12709107508107 0.0760440503412976 0.150780880855626
"ufb126" 0.617020851447915 0.694257391449561 0.198523781619078 0.169421754702881 0.126967482923616 0.0681494084054843 0.153235563093818
"ufb127" 0.658536585365854 0.615867250061917 0.158166265140628 0.658303801446948 0.121643262267458 0.0566733857382462 0.0224907447566307
"ufb128" 0.703703703703704 0.748769294952023 0.187923318802166 0.692063586915245 0.145378702161269 0.0678348702158918 0.0572419915397508
"ufb129" 0.672141297991726 0.699104218787106 0.199870824612446 0.220431107861561 0.128171131159925 0.0847545776132296 0.147038382224312
"ufb130" 0.657452646779264 0.627083294011061 0.168705404290333 0.37703560097566 0.117630681094437 0.0706604292399443 0.0889979984219301
"ufb131" 0.608147448029637 0.674642160874508 0.193198769846855 0.169047738472875 0.125029377073401 0.0640644436886325 0.14454483721944
"ufb132" 0.632945763072479 0.65502628060165 0.185677281058954 0.182726281022357 0.124360142831666 0.0570765884397558 0.139546196996527
"ufb133" 0.715043694469557 0.670444638186574 0.17850277227727 0.455870850880964 0.125336572166077 0.0749843115727568 0.0890149343640367
"ufb134" 0.608328122441002 0.689803078837601 0.186426353019017 0.240826486956291 0.129150118623562 0.0762930509874683 0.130026833746295
"ufb135" 0.625929709833091 0.683499142604032 0.186220645318484 0.204624743192939 0.120218813269423 0.0642299817650734 0.138823108736792
"ufb136" 0.698528657221535 0.728222128062611 0.20879926178424 0.302871781281374 0.139075335307608 0.0918990019443899 0.145873239564797
"ufb137" 0.710147262856812 0.66791454574973 0.191119826218214 0.372364744560418 0.131203978118018 0.0755692177992242 0.112844782058171
"ufb138" 0.74390243902439 0.77362546506821 0.190962119709313 0.740514453660141 0.15132626902192 0.0718725974791781 0.0612185522958713
"ufb139" 0.677589696064377 0.69447266052409 0.1923687433664 0.254071357004023 0.124627283976403 0.0718490883682816 0.136170517974061
"ufb140" 0.626925507820196 0.69575128884757 0.204849260598836 0.157285055158465 0.132491327890374 0.0561888720177586 0.162950484580553
"ufb141" 0.678730629791062 0.675131716954899 0.190753311137099 0.301891205861406 0.128130564920378 0.0826861783235122 0.134227925493288
"ufb142" 0.684115309019915 0.675178680048662 0.189519936798635 0.321440336286594 0.12820939228801 0.0840930844579971 0.129302980148921
"ufb143" 0.697958318164593 0.705511811023622 0.177665017531167 0.481386419017278 0.12588349552546 0.0870829853873835 0.098988788246957
"ufb144" 0.710843373493976 0.708077709611452 0.170965275643089 0.710608407785665 0.137559869956248 0.0631425968907409 0.0379671188245306
"ufb145" 0.633847139163559 0.656306218050336 0.164983773461181 0.385058056029775 0.117552376718483 0.0770372442441823 0.0850942764851799
"ufb146" 0.718021461964679 0.702206800832755 0.197959115458719 0.466129845226093 0.137051156433583 0.0726213533213615 0.0935019648712476
"ufb147" 0.71438683798415 0.688446725724516 0.184775112826233 0.39191131191578 0.128714039320143 0.0828391381965877 0.114153615887798
"ufb148" 0.637758501067063 0.666802935984391 0.189573316845782 0.197417362040613 0.127575366439826 0.0619234887669583 0.142199962141875
"ufb149" 0.693046151739359 0.682294372294372 0.190843294170801 0.441483664028324 0.138017475357718 0.0855344942584671 0.102206802717818
"ufb150" 0.682659722512466 0.698832984696686 0.201524474124418 0.467983663078274 0.146498635813298 0.0768533382930359 0.0981777584865068
"ufb151" 0.642982266940865 0.710613042378018 0.218962634806195 0.133104915523705 0.143121771829444 0.0522138229267228 0.179791539263219
"ufb152" 0.663115646866697 0.712865297776263 0.182027169243389 0.433347960475363 0.133213689403484 0.0905138413106776 0.103768285269302
"ufb153" 0.660947576937589 0.672504968274131 0.187904810780313 0.296488250300088 0.127676165497847 0.0808892204164935 0.131224040356413
"ufb154" 0.636742329752278 0.69461577944618 0.186822544262658 0.28008535240947 0.128815048019167 0.0763486025582468 0.130411551505968
"ufb155" 0.622329442706826 0.673073825368221 0.178715119191884 0.233698873020067 0.120434760013337 0.0682703893301395 0.124639635600775
"ufb156" 0.641703568527611 0.676755971964231 0.182617383202019 0.251334852370297 0.118634869249632 0.0649887139529431 0.133302813164979
"ufb157" 0.665203415853409 0.631161732912802 0.169473640697812 0.412744676416165 0.121502651942893 0.0744049542927989 0.0898398959977233
"ufb158" 0.678329271479994 0.680808355902541 0.193206360689079 0.272547051855031 0.12889253303824 0.0796089988503567 0.139801842014968
"ufb159" 0.649416579470856 0.712044155332151 0.192403944626949 0.348845751488428 0.137270497723138 0.0938717397067763 0.12850616642233
"ufb160" 0.62199523162121 0.564297239242549 0.162160625174489 0.261129638257039 0.103907554191374 0.0696342885130732 0.0955658468104648
"ufb161" 0.616117038146369 0.69236599800857 0.200873940187506 0.145184032844224 0.128688045676424 0.0609387561092658 0.15691563492937
"ufb162" 0.632615370150019 0.688024038307168 0.205897888733883 0.160937621560778 0.133168572247116 0.0536854370044464 0.165723299848211
"ufb163" 0.727961590044671 0.672740818924037 0.159835765561196 0.593078828911198 0.115282894360211 0.0698143483403812 0.0517072751388341
"ufb164" 0.712171297816807 0.741216935549914 0.220231498289532 0.512757030114537 0.161722067665487 0.0912268544510512 0.11857317962938
"ufb165" 0.772302680368846 0.730382145953014 0.178305610186562 0.562623655546405 0.129712997803527 0.0817866324819417 0.088631929442817
"ufb166" 0.75923847246913 0.713568550479839 0.176790011178289 0.525508735236212 0.127982112692949 0.0899770466313713 0.097820535609639
"ufb167" 0.641289927409993 0.678388802129474 0.188677463078683 0.193798100736598 0.12135577519272 0.0748428159032506 0.139687658753152
"ufb168" 0.600366483004417 0.682368840384419 0.197149691924198 0.145269553630564 0.128332108098038 0.0762857344727379 0.15399311772227
"ufb169" 0.621862430092287 0.697711605389338 0.207853368068895 0.145238578828639 0.13448197938814 0.0663941339299538 0.166804327667354
"ufb170" 0.692022927839494 0.685362211315299 0.195518893405527 0.342177879578381 0.133057191959459 0.0843328221954649 0.1312905556897
"ufb171" 0.706293637761544 0.731522168135772 0.206474106163633 0.323748949196419 0.138683285464009 0.0930567211963118 0.137694508738238
"ufb172" 0.707317073170732 0.748728665970045 0.208552689568988 0.707151923307067 0.163272998216521 0.0776316679886182 0.0807114716553692
"ufb173" 0.68476932435356 0.708684069975851 0.197092577365661 0.24497562668809 0.126138112350897 0.0787328844576774 0.141223055308694
"ufb174" 0.652911125934785 0.610830673649717 0.162870559987059 0.351850353306115 0.114129342995462 0.0707324047301661 0.0825904136305426
"ufb175" 0.67249146858605 0.63235971002263 0.165926645175132 0.384999819969202 0.116917323739501 0.0724653050240423 0.0855206202815632
"ufb176" 0.640326340489875 0.634247086827325 0.176812848790375 0.267467095152425 0.114707190446108 0.0738409428678122 0.116185907081833
"ufb177" 0.622600735898293 0.648603761870493 0.18223936041826 0.168628239973016 0.119447781514082 0.0517330784294667 0.137165105262039
"ufb178" 0.731379682441545 0.724454951405306 0.186905347773125 0.559705999462499 0.136217239847832 0.0827052857258283 0.0813601988468424
"ufb179" 0.684938057377149 0.680759516992024 0.184380181597645 0.338446326823726 0.128209325249241 0.084568669677983 0.123967952267391
"ufb180" 0.654052785739441 0.637964117349125 0.184920901426339 0.303621081543411 0.122916419275851 0.0805616382088734 0.120450087099037
"ufb181" 0.700325969557424 0.624739742804654 0.152757450633097 0.563716978111695 0.111572952261282 0.0653277810210155 0.0438392788247089
"ufb182" 0.707317073170732 0.656399726214921 0.153130561140973 0.707031596073176 0.114952014406578 0.0531607508160855 0.0163370954854997
"ufb183" 0.658870714718944 0.670927724655485 0.191399597971334 0.220179962816076 0.128043256182485 0.0738148784920714 0.140324602288194
"ufb184" 0.608864481270136 0.559501255436428 0.164286490821674 0.203169544766916 0.105128599539876 0.0653592201919862 0.109237576038424
"ufb185" 0.74602715603213 0.714006464224196 0.180198210586848 0.48210415312473 0.128397396807217 0.0911791485773807 0.109225091378913
"ufb186" 0.715849408753313 0.660555431559481 0.157454858754909 0.51815663503289 0.114005341747011 0.0738313303525789 0.0655401736754298
"ufb187" 0.690331566691905 0.667061734247915 0.179636794987152 0.414667779446943 0.125104241807461 0.0763337305919152 0.089232642140388
"ufb188" 0.612874639532325 0.680942231022035 0.19510548527092 0.171095880667493 0.126626621185445 0.0649161639434082 0.148248460797553
"ufb189" 0.646576378106465 0.656333759476482 0.188925121947433 0.206843862224857 0.125286581778163 0.0607425407729679 0.144216218035741
"ufb190" 0.649447270893652 0.659366413770762 0.183575338442877 0.251459290282906 0.118053136443152 0.0796609105589443 0.123154748249441
"ufb191" 0.617658492330229 0.66367196154716 0.192693959798465 0.157153995412475 0.125236618896619 0.0519155427883638 0.150821551394916
"ufb192" 0.647082312588738 0.661457073993362 0.189852676830649 0.219106960396096 0.125052214918174 0.0633192516259456 0.143958127410886
"ufb193" 0.731261260633961 0.747780462819469 0.210896513737428 0.36129223762288 0.141878493126712 0.0929885834119345 0.14265912066885
"ufb194" 0.660317879215345 0.68069915619942 0.195044462799886 0.260088124152811 0.130933393502187 0.0771947356369483 0.141761614592321
"ufb195" 0.66422431728466 0.61805121595584 0.158631496728769 0.303513988811107 0.104865965129776 0.0567328053888619 0.100238699914823
"ufb196" 0.622284707975423 0.605012852690571 0.161912001123635 0.228223224537501 0.106703798455787 0.06061987331399 0.111363241790189
"ufb197" 0.608302490743875 0.625360077417651 0.171372349728141 0.203811547422851 0.113153685325102 0.0670388496367509 0.124595563267492
"ufb198" 0.634964088707919 0.703567842065936 0.209215759736805 0.157285055158465 0.135350210126043 0.0641329753882205 0.167547067098063
"ufb199" 0.614021765340082 0.682537209208377 0.183924774626889 0.264764196640791 0.12687241787508 0.0758759307215 0.12735183796379
"ufb200" 0.703656616731441 0.664768708445325 0.200421893161455 0.383755777377149 0.13216753323878 0.0814140681242016 0.123839401439589
"ufb201" 0.683106954665084 0.64072280923432 0.182801167937827 0.37657078430336 0.12246322047546 0.0722042714681368 0.112217972838938
"ufb202" 0.669019482099373 0.646703751333353 0.177551481423659 0.316349511909279 0.118275731218616 0.0737555606596001 0.11189690391598
"ufb203" 0.645993430054744 0.665193967907795 0.189264459830308 0.21694098907037 0.125007663759566 0.0590559980933973 0.141876878595165
"ufb204" 0.63699656321393 0.68160254342901 0.203793860722658 0.133389284434809 0.131091794878326 0.0371450376314946 0.164223903840406
"ufb205" 0.641233308213248 0.671432025177524 0.19369190700003 0.228914345631805 0.130428791188689 0.074025612184662 0.142761704311615
"ufb206" 0.602531005039984 0.666520323418578 0.192244720973761 0.144976091740193 0.122031064752881 0.0607178277041823 0.147844127164199
"ufb207" 0.633168410343257 0.687006752824224 0.207403953496989 0.157146641387097 0.135493953472459 0.0556625770941546 0.167305558254219
"ufb208" 0.620158198538102 0.660607268727828 0.192053097615965 0.157153995412475 0.124722799784545 0.0504783891899398 0.150145340138108
"ufb209" 0.618428175915315 0.653921342508026 0.190186521816505 0.159034340099628 0.122283708668928 0.0487426925093027 0.147455868915574
"ufb210" 0.746829033058207 0.709287740779453 0.189490621160694 0.463233126314119 0.131750644180797 0.0752673971381454 0.10119971831518
"ufb211" 0.643741369916306 0.623627656310446 0.17757949239092 0.267808813950622 0.11951831563495 0.0725860700799249 0.105997983675234
"ufb212" 0.684735611086677 0.678513095724202 0.184616135259008 0.350855940107945 0.128232738727787 0.0818943457281385 0.119747378720346
"ufb213" 0.723653997798311 0.660354567094184 0.159423112703409 0.477321558962939 0.111809936616998 0.0699033318313665 0.0669938839903148
"ufb214" 0.688001836837311 0.626320691339929 0.153517752493606 0.406719380233948 0.102289721618858 0.0743549127119571 0.0800319089467417
"ufb215" 0.639728053035154 0.690479268522001 0.208305071902534 0.145247068594516 0.134695271230851 0.037447143753683 0.169005026227006
"ufb216" 0.694197056898631 0.659427828348505 0.158509643085182 0.527256536698993 0.112051484881252 0.0643192123810992 0.0503309505277343
"ufb217" 0.702261694422107 0.661986921343333 0.189437930430914 0.352036349985852 0.129627353167419 0.07145259059943 0.110828166355381
"ufb218" 0.631626758331889 0.699488579372255 0.210168768057132 0.133106240286663 0.136224655835569 0.0438779685605133 0.170228583645581
"ufb219" 0.702579262710746 0.713152395094319 0.17625912220237 0.505650733882434 0.130338561600096 0.0802803573622151 0.0866557603050325
"ufb220" 0.645804869331247 0.674586532082267 0.175364505429302 0.372852194657984 0.12559754126822 0.0827577629005368 0.104262741237718
"ufb221" 0.666775389699016 0.707615941997182 0.190709979299624 0.372803293604106 0.13559450973571 0.0920992678248287 0.126678172925784
"ufb222" 0.640120530265737 0.663452898339792 0.188807848086653 0.243885010978558 0.127674722600686 0.0753237000556547 0.135162987644809
"ufb223" 0.773146060970933 0.717376263970197 0.195843225875716 0.56083003631952 0.143758664995232 0.079808696972909 0.0924639919710953
"ufb224" 0.715075812149507 0.670950931876294 0.175120923629292 0.425333670193511 0.122504743051281 0.0748060232692436 0.0960322019167319
"ufb225" 0.566265060240964 0.548399318052662 0.164913128043252 0.565884242084897 0.117743724047049 0.050724141498032 0.0309440535394343
"ufb226" 0.642115236158955 0.631620970114187 0.1730197042388 0.254676685060237 0.116275087708342 0.06742897519741 0.111504949661103
"ufb227" 0.637657964331093 0.651954052382644 0.185764909645926 0.168644196243644 0.120111285129874 0.0484196771611067 0.142803424136531
"ufb228" 0.619629971133375 0.643321830181995 0.180326555092919 0.156497853974002 0.117397518812338 0.0454061969045216 0.136200356997493
"ufb229" 0.651206979630073 0.640947545221638 0.180827110663635 0.307505942689858 0.119555283909149 0.0767208660492376 0.120530290816403
"ufb230" 0.62766472461192 0.662959949371666 0.19369434752295 0.183337250417552 0.125909514675414 0.0522836020801956 0.150292929228005
"ufb231" 0.634700318024047 0.673200599522177 0.198815772614056 0.168941892885199 0.129509998780827 0.0516045370538097 0.157264169994943
"ufb232" 0.69121415018241 0.673546668066731 0.177421236405451 0.390571119943796 0.122345273488557 0.0838882449030344 0.105990292714059
"ufb233" 0.660679240343818 0.611987723975448 0.172361053708919 0.404595600827091 0.119609463513211 0.0690698270389542 0.0816130805571351
"ufb234" 0.721256708895244 0.676399494588804 0.185400248070632 0.49097266530439 0.135741175483786 0.0699396905442875 0.079307440838655
"ufb235" 0.612815538761386 0.664955152232677 0.195578586064819 0.146739426759372 0.126561720152057 0.0506497147098277 0.153855794093084
"ufb236" 0.612885464836441 0.646853567937439 0.187386483918471 0.171022534174678 0.119113547878128 0.0688829477256204 0.141376861152734
"ufb237" 0.61963326689391 0.691296159343375 0.210720383334176 0.120987900541394 0.137113682306761 0.0579196411904343 0.171499524390885
"ufb238" 0.595350490015015 0.664758868137225 0.195111860705211 0.11017380839623 0.126053831739592 0.0463257808380175 0.155156898869101
"ufb239" 0.746973145350614 0.651872721246271 0.143758044659694 0.662574258920398 0.108336269538678 0.0680844159739066 0.0339218767523064
"ufb240" 0.679131612922462 0.675363037708541 0.191538091918494 0.306511332083834 0.128938549732528 0.080115025441823 0.131419954997231
"ufb241" 0.72289156626506 0.725271269067463 0.173746852253701 0.72273326225063 0.138584252975437 0.0639783403097652 0.0411949307391551
"ufb242" 0.600592143845744 0.649539704999785 0.187564066326044 0.120999040103909 0.121550828304209 0.0450166868570632 0.14718240694288
"ufb243" 0.707785664665174 0.677932589522692 0.183616054745601 0.355041223679784 0.125690424190344 0.0840608338012072 0.118704104876339
"ufb244" 0.707490199658476 0.680005345653793 0.18559133759927 0.367620928650314 0.12787406604397 0.0791696852599473 0.114964604672443
"ufb245" 0.683066723697878 0.664754997470586 0.175751037810349 0.335155114908698 0.11865727204 0.0762857681730692 0.110554909123216
"ufb246" 0.6375 0.622652681441381 0.176634864369872 0.640846247114742 0.133288766041181 0.0625279404990227 0.042498300395393
"ufb247" 0.621951219512195 0.716889058330156 0.211544072763278 0.621908364519641 0.161613214337133 0.0724891573016461 0.085255463575873
"ufb248" 0.7110223343288 0.764529567161146 0.214157080825272 0.551724533297254 0.157307788963133 0.0940715262783098 0.11300429206781
"ufb249" 0.626864003871236 0.563861801371486 0.153779429643377 0.263463474400592 0.101032894365744 0.0604033705225155 0.0949607255672712
"ufb250" 0.688245847683313 0.687192705657885 0.190883686104147 0.305916729329675 0.130055035395571 0.0856796643662216 0.134520570572891
"ufb251" 0.662650602409639 0.713324652777778 0.205018341362333 0.658243637830002 0.155591668568277 0.0754929560251191 0.0774831583392257
"ufb252" 0.708565932758436 0.634453563714903 0.154888501758406 0.441442335672249 0.103624359817898 0.0620066601785641 0.0624672999335063
"ufb253" 0.671497312655055 0.641204722271634 0.172946677110641 0.405600701901986 0.120781564845298 0.070141598197393 0.0935624575774935
"ufb254" 0.650856596359637 0.667559372227863 0.193481130714175 0.20986573540326 0.128177156595021 0.0648014583236535 0.146326615535624
"ufb255" 0.642384018344056 0.672988807545382 0.187968400638482 0.193798100736598 0.119348895961999 0.0703466595561586 0.138935781244198
"ufb256" 0.606413003320912 0.691274618680418 0.202551787517132 0.145251474467775 0.131792918348859 0.0676217325356873 0.1605298645724
"ufb257" 0.634181745911379 0.611902786830203 0.161979358980729 0.323288963257932 0.109967086090394 0.0659605080509407 0.0956693621134347
"ufb258" 0.678520810464516 0.650924297725829 0.174589894889191 0.435941005263956 0.120192155365137 0.0717141130132271 0.0835293811555338
"ufb259" 0.60777964572576 0.610178645026505 0.15486403616414 0.397170508089669 0.112169080481718 0.0686642155298624 0.0629333991627265
"ufb260" 0.635401234247264 0.658615230985407 0.185617505174112 0.232369447450232 0.124938596492522 0.0736027195069636 0.131748290737134
"ufb261" 0.634146341463415 0.547588992678616 0.14901852644863 0.633941271605181 0.111964881623873 0.0512126496129422 0.012609902242047
"ufb262" 0.671595311496477 0.617883431228751 0.167194946793799 0.336615606627407 0.114385219616096 0.0685704101530506 0.0952396729703931
"ufb263" 0.666951862574699 0.616620699739325 0.162447951406546 0.316396938210812 0.111114468930899 0.0658020733015673 0.0959850780364682
"ufb264" 0.686746987951807 0.657169350080081 0.165284051199356 0.686537022738493 0.130571221326908 0.0610262691532855 0.0313744821597052
"ufb265" 0.819277108433735 0.854996679946879 0.18539443877932 0.829212064340419 0.149606778378978 0.0723138776346403 0.0547110850023844
"ufb266" 0.63184251554459 0.662559653586036 0.182997788763034 0.231235419412074 0.121931631474783 0.0736889844720316 0.129226413297317
"ufb267" 0.60819095977392 0.679258245961942 0.194633242412822 0.160846419697664 0.125312873967943 0.0621181354180317 0.149125185063012
"ufb268" 0.633980798593907 0.710551236655794 0.220141291555173 0.125719042743377 0.144918399017726 0.0604080800858333 0.181385595790931
"ufb269" 0.683247093096064 0.630994169897134 0.158807000009205 0.511832435085874 0.112350562219154 0.0686094022471102 0.0506668490991674
"ufb270" 0.632535894136565 0.703328584038532 0.210198825108166 0.146898548878817 0.134994188667247 0.0619090699208659 0.168581015111669
"ufb271" 0.727699317060041 0.712093101703491 0.178359599682955 0.505810970173798 0.125389583416269 0.0868719162155876 0.0995406927210456
"ufb272" 0.721516740978268 0.702646733985484 0.177243401626628 0.475334593554334 0.123622300204409 0.0915291340777673 0.106142102383868
"ufb273" 0.688375962864585 0.718756521285476 0.205394874965028 0.312984313777926 0.137794604458225 0.0904716146324432 0.136521734168275
"ufb274" 0.729325230166526 0.695975048269716 0.176715696046365 0.495233042213148 0.126237080445102 0.0813992765303776 0.0870093244232133
"ufb275" 0.715897254941054 0.673780254289216 0.169013487776886 0.427533650774301 0.11951324681354 0.0802373435576869 0.0893983681041469
"ufb276" 0.649550631280789 0.600873637326059 0.157139695334859 0.388420957640009 0.112838942736259 0.0620193814368311 0.0763233292222446
"ufb277" 0.626475113376098 0.599990983680462 0.1541530936624 0.299233078181115 0.103527703660113 0.0614028485355572 0.0872238284819652
"ufb278" 0.698795180722892 0.68056142724275 0.160438306510683 0.698424112026448 0.125540976229992 0.0597437580271624 0.0257513573528389
"ufb279" 0.630580853961113 0.680839647016967 0.177979992917972 0.396910384520032 0.129498307240071 0.0882670924920437 0.107103741423683
"ufb280" 0.716049382716049 0.637535545023697 0.150809537282431 0.712391694969848 0.121567534358317 0.0564594033105989 0.0136557277809257
"ufb281" 0.72586819086171 0.652038560183957 0.156727013627986 0.477828125923863 0.105277155041724 0.0672337103680268 0.0645068710442754
"ufb282" 0.694662432012498 0.62044715135449 0.150978894718034 0.428872456204799 0.0997380924202162 0.0697169565466455 0.0694044565342637
"ufb283" 0.714724303256491 0.707209366232737 0.181032179072312 0.482010933023454 0.127110237371015 0.0926066405630016 0.110131259444201
"ufb284" 0.663586294236942 0.717632581170062 0.190344559586301 0.421059400433678 0.140007593636269 0.0973894973837864 0.120534406397712
"ufb285" 0.609700611108884 0.56598605074295 0.148812074844978 0.289762874070743 0.0981258109259573 0.0653033139626814 0.0811309421534585
"ufb286" 0.754878524857047 0.778648091934085 0.192088983309159 0.589913694363291 0.147172037434249 0.093895961704929 0.104207532769831
"ufb287" 0.632746910578666 0.708363987622219 0.21430093201738 0.146895857735317 0.136899874737714 0.0624212768979451 0.173586902438678
"ufb288" 0.615610334908952 0.674624215906832 0.188396533207792 0.181452900367741 0.1212647743855 0.0742748900781955 0.139396141060851
"ufb289" 0.637617751637787 0.693396164801985 0.209099592072797 0.146732793890177 0.134497400646452 0.0461526784547235 0.16941772162163
"ufb290" 0.617729672467862 0.67847190089047 0.200193891171804 0.132864279004793 0.127910046935659 0.0431202308978284 0.15972737920249
"ufb291" 0.628426913186994 0.650324999969101 0.184730049189941 0.158360340524373 0.11948261943228 0.0456362879167884 0.141707288452837
"ufb292" 0.645435681670816 0.655144179861607 0.188567756266789 0.197413375396601 0.125322382743373 0.0593613556978162 0.142592572557605
"ufb293" 0.635015995296335 0.706675614533062 0.211572415227347 0.159153129624454 0.136574556858011 0.0664389146691563 0.170717705222714
"ufb294" 0.620253164556962 0.6216194526924 0.17781148688744 0.62801029345053 0.13303455641806 0.0607810500824933 0.0433699375848612
"ufb295" 0.75609756097561 0.665443745632425 0.153200829940151 0.756121739872425 0.121881894412413 0.0591757092789829 0.0167250470139658
"ufb296" 0.636053454618342 0.692396287378553 0.200898303888913 0.169248455042084 0.129004985509213 0.0635201469360972 0.156941338828623
"ufb297" 0.636700496081393 0.652087115527038 0.185226320502324 0.18077532466359 0.120094345721507 0.0537442718818023 0.1413638957674
"ufb298" 0.633947862886564 0.64301378664916 0.164415629175472 0.445375438046952 0.12145166094019 0.0757592946356114 0.0735239776953039
"ufb299" 0.678050175884002 0.708995219349277 0.183155557034303 0.4332247344421 0.130089184952418 0.0918783599542788 0.112725553296483
