NaN NaN 1 1 1
1 NaN NaN 1 NaN
1 NaN NaN NaN NaN
1 NaN 0.5221849 0.5877046 NaN
1 NaN 0.7025854 0.455433 0.6196682
0.9606212 0.9400479 0.8180915 0.904624 0.08473783
1 1 0.5804016 0.5953845 0.8612939
0.527717 0.6260317 0.5736665 0.9512078 0.3621781
0.7342032 0.4632594 0.3775604 0.9414467 0.8857484
0.6128703 NaN 0.8275365 0.5723806 0.6222161
0.8393682 0.6387244 1 0.5638408 0.7848931
0.5700116 0.8694843 0.7303628 0.6536882 0.8279488
0.5458113 0.4562793 0.719823 0.5375813 0.6635553
0.779934 0.4383151 0.9365797 0.6608512 0.6491957
0.7388345 0.5967529 0.8185938 0.6641362 0.3371608
0.7930493 0.8407487 0.5759072 0.5370187 0.4686388
0.2904665 0.3887068 0.5866561 0.5254641 0.4558308
0.6565464 0.3190382 0.4972089 0.4353675 0.4515798
0.3555243 0.541965 0.4544392 0.6511548 0.3459407
0.4791706
