NaN 0.872371 NaN NaN NaN
1 NaN 0.6227181 1 NaN
NaN 1 NaN 1 NaN
1 0.02804766 0.6524079 0.7066543 NaN
0.9866635 0.5264921 NaN 1 NaN
NaN 0.6073884 0.7773814 0.8956754 0.4917321
1 1 0.8779452 0.9918439 0.44981
0.8395776 0.4783751 0.5496353 0.9062727 0.5556616
0.8645418 0.6780059 0.701298 0.5116954 0.5701814
1 0.156798 0.9059229 0.7245392 0.522508
0.4698965 0.4586466 0.4179865 0.606957 0.4822831
0.4578288 0.8516648 0.7376646 0.4455103 0.8740208
0.3308722 0.763923 0.6499403 0.5308326 0.5128694
0.6048943 0.6467662 0.4134791 0.7378747 0.7233503
0.4442243 0.5569827 0.4933055 0.4476217 0.6067933
0.4100097 0.4091465 0.5405598 0.5178448 0.8300649
0.3682962 0.3693193 0.5971058 0.5556583 0.7601427
0.6050213 0.7529744 0.4595385 0.4942256 0.6784613
0.4886241 0.3829997 0.495536 0.7877003 0.5405049
0.463248
