0.6679987 NaN NaN NaN 0.6738994
NaN NaN 0.5706922 NaN NaN
0.5043712 NaN NaN 0.6527954 0.2537769
1 0.4376471 0.6893848 0.3109024 1
0.6511195 NaN 0.3785236 0.4638921 0.6285527
0.4370115 0.2525826 0.277204 0.5106728 0.4066235
0.2480092 0.7120772 0.6530128 0.2883284 0.2871037
0.3227425 0.6493918 0.308004 0.2525826 0.489194
0.4019137 0.09211461 0.4056987 0.4236104 0.6631929
0.2357864 0.4843723 0.7293465 0.3519936 0.4158276
0.2911625 0.2617436 0.3386002 0.3528381 0.3953419
0.3666988 0.3303057 0.1292013 0.4539997 0.4182935
0.2545019 0.270989 0.3501221 0.3339435 0.3139393
0.2374745 0.221072 0.2564816 0.2237427 0.3944757
0.2765324 0.2052589 0.3257177 0.2321474 0.1978531
0.3084121 0.385386 0.3213747 0.223241 0.301852
0.1233748 0.1550903 0.1433749 0.1296472 0.1618334
0.1469367 0.1548897 0.1192102 0.209117 0.2277103
0.1432519 0.1279902 0.2203704 0.1690946 0.1212823
0.146837
