"quartet" "wQuartet" "cluster" "phylo" "mutual" "shared" "clusterNorm"
"mb49" NA 0.836222637537325 0.245509235933152 0.596472781396591 0.188960638902722 0.119157122556966 0.149096841816591
"mb50" NA 0.852172828729971 0.227431790197951 0.788160100329899 0.19096245082967 0.0943760145311585 0.105181404595932
"mb51" NA 0.793489664558936 0.199367783985042 0.64475969758651 0.1541210607721 0.0962642719343564 0.0980410761584781
"mb52" NA 0.716826708962629 0.205826229403347 0.339496008464944 0.134244101731626 0.0838249501055209 0.147050316619836
"mb53" NA 0.838397945622057 0.21880229179841 0.704182893526626 0.176210288937616 0.11109381989776 0.119550506279398
"mb54" NA 0.801633424366757 0.227997090344261 0.552626897124397 0.171209124522674 0.109818671350126 0.144364873952239
"mb55" NA 0.733858162652612 0.20153286993409 0.466808959464491 0.152533853343615 0.096177309134464 0.114939013490657
"mb56" NA 0.831344952931308 0.227803324835647 0.62866657914063 0.177365602147091 0.108759708003912 0.12978847062632
"mb57" NA 0.863223232099313 0.194858216405906 0.83505402513057 0.162410433013418 0.0795362231666284 0.0674534225510122
"mb58" NA 0.798344487495597 0.186207574139714 0.79733242270997 0.150648527170098 0.0748665635698288 0.0566712533514975
"mb59" NA 0.729500884037048 0.190617346811501 0.335215726166457 0.13659840236433 0.0884420489769506 0.101944247161821
"mb60" NA 0.859652558256637 0.200273865541783 0.776161237687248 0.164113852305782 0.105462907593096 0.0989863444266426
"mb61" NA 0.929296053445503 0.217320673173409 0.904751544564972 0.186207847273156 0.0926073047837044 0.0925567182564251
"mb62" NA 0.891121963436013 0.234537836506198 0.82135320073618 0.194938322312236 0.0952033831415114 0.113022242871569
"mb63" NA 0.689442567567568 0.182494679348269 0.674510776116045 0.143315057158926 0.0654119800580285 0.0511596792914649
"mb64" NA 0.707415446606368 0.203970760874362 0.268334776125984 0.141231357067632 0.0898947032884373 0.144907825683767
"mb65" NA 0.788635807004653 0.205067702309972 0.743577513542071 0.166208979134893 0.0803667534250561 0.0770052856489965
"mb66" NA 0.785493296665521 0.220413273638433 0.478562836045904 0.167239860393771 0.1016825332873 0.135391822734544
"mb67" NA 0.699407719521406 0.179703041468814 0.274147630430715 0.127517576291356 0.0792686793362747 0.100585673928966
"mb68" NA 0.791700133868809 0.222630834125617 0.588012800942899 0.169784132464109 0.102457226476226 0.124174884757272
"mb69" NA 0.778248587570621 0.192287899578284 0.554944532129838 0.157398058714019 0.0760999594948633 0.0636111692431047
"mb70" NA 0.668282609531086 0.199529603171438 0.176862571996263 0.125611204245644 0.0554276597449315 0.158951925525842
"mb71" NA 0.677779556142794 0.201148781937482 0.129503021899224 0.125766445834377 0.0528855409530874 0.16065599861473
"mb72" NA 0.658257561324812 0.192313919294224 0.165033566557653 0.120984576406702 0.0556909078774267 0.15113711204875
"mb73" NA 0.702919414045868 0.194677349208224 0.236163248489522 0.133850625732642 0.0997515018977583 0.14356390339548
"mb74" NA 0.684678571197756 0.181543363927426 0.236197846485312 0.125384052870413 0.0915026530469706 0.124337794384318
"mb75" NA 0.739832323284868 0.207394440902079 0.384362230370813 0.14859898229266 0.0898782718143829 0.131238175677084
"mb76" NA 0.673617044360362 0.185259797887161 0.385641266339885 0.135973896257841 0.087939142795863 0.114779778778419
"mb77" NA 0.6953278201048 0.193134853046374 0.224318895592408 0.132788102798094 0.0894030855020555 0.143910496643403
"mb78" NA 0.767358785443179 0.199765005710635 0.585424111385988 0.151719427156014 0.106783847638436 0.112642072978279
"mb79" NA 0.856145072408048 0.244219664992266 0.728202867127197 0.195479552653704 0.0934359293586974 0.122262908653496
"mb80" NA 0.851199851755768 0.170104322762418 0.858791868793055 0.1443667698732 0.0672735955877744 0.0387824986638859
"mb81" NA 0.675203858964052 0.202966672927882 0.129505830774723 0.125169190684597 0.0612275937600381 0.161564364904592
"mb82" NA 0.69670739817949 0.200010971155039 0.26804527158384 0.135873436266187 0.0876731357512786 0.13618961293665
"mb83" NA 0.659748150220395 0.19054831654363 0.153412873543953 0.120328402459786 0.0535019993254358 0.148942665719918
"mb84" NA 0.612762237762238 0.155626823113996 0.706987859069316 0.123662696840573 0.0561707464708439 0.0207398025319942
"mb85" NA 0.732958183104761 0.174200411147145 0.657881227314508 0.135500440108552 0.0783204274316793 0.0691207587096392
"mb86" NA 0.834272456082201 0.198579569481951 0.761581877392887 0.159028650322177 0.0733736481661848 0.0703908349213783
"mb87" NA 0.675147154528585 0.200239685903584 0.13253680230841 0.123905147827711 0.0491598451829452 0.159131860049556
"mb88" NA 0.670591188716851 0.191687478010305 0.221279485359973 0.125412959048998 0.0754761650611172 0.140379158437974
"mb89" NA 0.778035657769807 0.150417410909872 0.835170113775138 0.125840723360978 0.0586905119463581 0.015980350467479
"mb90" NA 0.670903527591179 0.197671024917007 0.132528719954908 0.123198510242698 0.0479217808660906 0.156771269414316
"mb91" NA 0.675461447377586 0.169120423199869 0.264678818501842 0.121422735119392 0.0766755741962143 0.0968038187917321
"mb92" NA 0.664314876568421 0.19806391143741 0.152513050808612 0.122360996821751 0.0614313436667586 0.154351887062253
"mb93" NA 0.673299564388673 0.1762924850684 0.227978583085687 0.121023128812847 0.0871354593331781 0.115049885079897
"mb94" NA 0.765944696515709 0.188260922375311 0.725877888369727 0.147921607740012 0.0683520241034569 0.0584217004243404
"mb95" NA 0.687216998146175 0.193444170301563 0.165364058200951 0.127715435619382 0.0691114066289835 0.147262990878358
"mb96" NA 0.674399852786189 0.18392462063118 0.288424320714384 0.120075897897278 0.0597630268397119 0.126963954123264
"mb97" NA 0.806904892165049 0.198618072294384 0.678940955335202 0.153718264058243 0.0960671095447644 0.0964195589637196
"mb98" NA 0.790081639742922 0.185886830731735 0.758898071806611 0.147360766099848 0.0698186913950232 0.0558679997586473
"mb99" NA 0.695888216447134 0.175578452472043 0.714133170343093 0.135768273276446 0.0658308243400161 0.0439133107142301
"mb100" NA 0.828080229226361 0.191541751914418 0.807155468975348 0.159064263763519 0.0761803529626958 0.0629273350704989
"mb101" NA 0.690806333224659 0.192475880270725 0.195677940478184 0.130377346909259 0.076523987432626 0.144858133551091
"mb102" NA 0.810319273760267 0.188470539714943 0.666311448568499 0.148868581286915 0.0978449507700827 0.100605609447385
"mb103" NA 0.73041146030544 0.202877193110181 0.361335210493698 0.144253548346337 0.0926013927668245 0.133706027813478
"mb104" NA 0.674716329790591 0.201110024351894 0.129497572816067 0.123704150882526 0.0483313381479321 0.160052652641937
"mb105" NA 0.741600687957774 0.182714790058352 0.62881448307003 0.13772599196071 0.0874121713570234 0.0789105513425698
"mb106" NA 0.688788033158894 0.1949073720247 0.212055213378959 0.133031859195153 0.0707034404205791 0.138568203472692
"mb107" NA 0.678285831214008 0.201484527442956 0.132528719954908 0.125102006472799 0.0435174567962965 0.160774913406531
"mb108" NA 0.773283160865475 0.18545295606893 0.771022868660365 0.149553771802011 0.0710901635604683 0.054649914142948
"mb109" NA 0.755701934952655 0.183895724807145 0.737798794500083 0.145291052889538 0.0692189115871148 0.0547562377457436
"mb110" NA 0.634785872012705 0.172057698001501 0.327090836542982 0.11996526828065 0.0730065566348129 0.106215283655495
"mb111" NA 0.680660287687726 0.1639165721445 0.571807879766592 0.12678381258447 0.0717086403862776 0.057506279566283
"mb112" NA 0.845794683433979 0.227055328954194 0.752799725224146 0.183201325857164 0.089098563311219 0.103122666429055
"mb113" NA 0.665729409261913 0.197139393397261 0.130986030172567 0.121280661958941 0.0580106464491798 0.154187176301353
"mb114" NA 0.636416754728701 0.175715254822621 0.141486460328539 0.113365035532338 0.0550755982354395 0.132340405030922
"mb115" NA 0.619734646084104 0.166112066900262 0.315703496665717 0.114484693259664 0.0723281949670574 0.10427403623329
"mb116" NA 0.71539322939099 0.175420857603866 0.714074440975186 0.137973927094261 0.0661572984622548 0.0449403164188521
"mb117" NA 0.728689248895435 0.180114681146546 0.652853685356351 0.143822568604184 0.0916166664948183 0.0755564701467574
"mb118" NA 0.757930655562303 0.187604401552323 0.626284402738962 0.144209415533332 0.0917324895708369 0.0842949117427282
"mb119" NA 0.697187364777153 0.172719439758257 0.710702810820165 0.136681923121473 0.0657314805565478 0.0411106559110304
"mb120" NA 0.66924231989168 0.194548337114608 0.129519062413189 0.121613184495157 0.0413617091238147 0.153485104844279
"mb121" NA 0.709363970428038 0.184251329512665 0.515927643544829 0.138383181976592 0.0873079002549358 0.0956735468470387
"mb122" NA 0.691672456090836 0.185404829757955 0.236174252770384 0.128083931884748 0.0951024712244476 0.131327803030941
"tnt1" NA 0.665392230773692 0.168061538598595 0.237437471986 0.11685483496801 0.0810192882820676 0.106219263205305
"tnt2" NA 0.646513550073643 0.183825016653147 0.155197325554323 0.116204987931584 0.054712027256333 0.141880194863027
"tnt3" NA 0.672308171529436 0.17420471795564 0.46764632320372 0.128462265061496 0.0769712447860195 0.0843937067376261
"tnt4" NA 0.616412349499369 0.16649863347633 0.323338847457347 0.1141397901808 0.0696185722468323 0.10474899871924
"tnt5" NA 0.659895274746073 0.16522761175638 0.536096854577055 0.127134582316876 0.0708700388717496 0.0589841782547018
"ufb1" NA 0.635608081637222 0.173898637923899 0.321694765339606 0.124999613692472 0.0734721653978539 0.0945760499643899
"ufb2" NA 0.58991009681881 0.159145185443304 0.293908019913544 0.113844209002565 0.0601590803493608 0.0862136504308069
"ufb3" NA 0.586230876216968 0.139381081990536 0.740915270992607 0.109899655462587 0.0492656807036584 0.00319764440124375
"ufb4" NA 0.737143905683747 0.19988615445769 0.404572657516102 0.141845539350679 0.0835638691198154 0.123243141520421
"ufb5" NA 0.695656415860131 0.198472295849206 0.303342190053432 0.137266508355289 0.0843972237951455 0.128873127018977
"ufb6" NA 0.654791871211414 0.185649549269995 0.117638958020571 0.114999318679739 0.0365724442554797 0.144555044226599
"ufb7" NA 0.711584071901136 0.186630875921541 0.558886096501788 0.140910946720765 0.0781235684129818 0.0823586027674947
"ufb8" NA 0.704387121069478 0.175677207917907 0.510248907362941 0.133777097234524 0.0815127336661557 0.0859541960982186
"ufb9" NA 0.784447300771208 0.229015319666052 0.654042784694441 0.1795754804059 0.0831323789722174 0.106235377133447
"ufb10" NA 0.653530428843986 0.182603382041522 0.164891053777108 0.121498542257551 0.0604826165276147 0.138861395019514
"ufb11" NA 0.683163266705241 0.183375995985504 0.321476799141017 0.125677110333643 0.0888532922112488 0.129157610988949
"ufb12" NA 0.675479276493982 0.176778798908069 0.357226527793378 0.121521250979326 0.0833183621192787 0.119231206200299
"ufb13" NA 0.788379262614823 0.185995468017075 0.634833740302914 0.141774745866567 0.0883260846622553 0.0978131537907726
"ufb14" NA 0.609971352000739 0.156098504543015 0.392633453164396 0.110333455953825 0.0679944012099853 0.0750343019351691
"ufb15" NA 0.66215489847129 0.18583130120015 0.187381744566686 0.115758818593877 0.0594418634481696 0.142266875013676
"ufb16" NA 0.680178310089781 0.183044632886329 0.316435193053499 0.12576854268956 0.0848010608241945 0.131192864098576
"ufb17" NA 0.672730092733685 0.177700452027274 0.351550450240109 0.122508029250391 0.0831966032330844 0.123111968989595
"ufb18" NA 0.652474527752803 0.181387433200403 0.226724416939862 0.118242671261207 0.0657235897365679 0.131423114205708
"ufb19" NA 0.712777588272852 0.202141875991599 0.332982062676228 0.145303642739138 0.0901481333884249 0.125480926284086
"ufb20" NA 0.705736831421902 0.197674591756934 0.337773888333602 0.14128332991202 0.0937469954156988 0.128051965286284
"ufb21" NA 0.630145339973575 0.161732319755536 0.638259307022789 0.12325962868006 0.0536841309559538 0.0270617762723997
"ufb22" NA 0.654639574659128 0.192854033706977 0.168602109429138 0.120956713515143 0.0550135290699347 0.152075418874359
"ufb23" NA 0.627541459724322 0.169284422449214 0.176443086180641 0.113050540532979 0.0580950213302872 0.124004102243236
"ufb24" NA 0.630740202924555 0.167747407786043 0.350248959427672 0.122408165359999 0.0691484060300203 0.0879818655523757
"ufb25" NA 0.59295747765455 0.158859041529934 0.257311638334616 0.111456488898539 0.0586035201602162 0.0964935218405424
"ufb26" NA 0.662855235887168 0.161612313782032 0.468406519280076 0.115264741848159 0.0628319489288957 0.0708411653789133
"ufb27" NA 0.698528290189093 0.197731167492606 0.299492128638788 0.138081602614418 0.0867776826165353 0.133727931572198
"ufb28" NA 0.626669673545098 0.171108240564062 0.093968567374028 0.110262735534637 0.037417600329379 0.129088338964109
"ufb29" NA 0.667327849667865 0.182665212071019 0.211239122623687 0.119763406682811 0.0650467850615934 0.135886701203619
"ufb30" NA 0.688416195379984 0.171695243240393 0.535959847298246 0.126715902659109 0.0690534339115254 0.0661259597351671
"ufb31" NA 0.657248847134684 0.16949440133505 0.33347140403849 0.116519167743849 0.0694049677930674 0.11143759003075
"ufb32" NA 0.593225407239417 0.165200024435008 0.186676210968002 0.111343797718518 0.0610662663428761 0.10989693925163
"ufb33" NA 0.745120751069037 0.203822390310659 0.408148256618479 0.149687126884184 0.0884283723292811 0.127322910192563
"ufb34" NA 0.72851183458783 0.198458623637075 0.387881793695878 0.138935331493616 0.0797738676944211 0.121848078731291
"ufb35" NA 0.706897497121266 0.19696153931464 0.344004634132575 0.129243453553566 0.0794985868309574 0.133174466481518
"ufb36" NA 0.665213053718541 0.186521276850017 0.187763814420283 0.119058687681797 0.0512123402530631 0.14214905280416
"ufb37" NA 0.656971883361686 0.177911942149655 0.23473701864412 0.116815272185557 0.0540229426875882 0.130888242268693
"ufb38" NA 0.729570974232492 0.191095310302363 0.539668648994581 0.141950983987143 0.0821746964569903 0.0874796739665717
"ufb39" NA 0.719614308553157 0.172544992161208 0.46900012510306 0.124937391573897 0.0766645891993632 0.0934909546125669
"ufb40" NA 0.698587157878258 0.192303636440644 0.356891657924531 0.130739813562918 0.0783395080318003 0.122532113960568
"ufb41" NA 0.697528467908903 0.193933661118571 0.344200380550645 0.130600834393692 0.0822819833264427 0.129816747229322
"ufb42" NA 0.631632719252724 0.166767266591702 0.31480639075544 0.11781825867694 0.0737345342734838 0.100427273064221
"ufb43" NA 0.630031814977806 0.150469830005648 0.506902126530218 0.10509500529967 0.0646130106528737 0.0583051414906784
"ufb44" NA 0.641937907368678 0.179814222931384 0.210336835887907 0.116949268633581 0.0663059110178451 0.131481455599953
"ufb45" NA 0.694986932274196 0.192091884832865 0.288415096813756 0.128566565817777 0.0812251501526949 0.142767426671526
"ufb46" NA 0.473793461338869 0.147314377895097 0.61154967805868 0.110033221260623 0.0462437155749983 0.0123862967534591
"ufb47" NA 0.483236477425123 0.128590265377901 0.517307245119366 0.0928301924544609 0.0509127230275263 0.0182238185501147
"ufb48" NA 0.623771620859565 0.1692971282912 0.314047085473093 0.121659667204972 0.0655979164453928 0.0898244941909004
"ufb49" NA 0.57141361548877 0.152911153541444 0.314721490075745 0.108057388516581 0.0659063052857575 0.0796554225812893
"ufb50" NA 0.647220372731472 0.183720689955172 0.164703498543931 0.115207239265877 0.050996715237993 0.141311403307239
"ufb51" NA 0.688490747713623 0.192231501209823 0.261284143856662 0.126598783754923 0.0755842413612899 0.144576367591386
"ufb52" NA 0.650161628161441 0.183763309441147 0.170574641210088 0.117490376810567 0.05312425297781 0.141364407546252
"ufb53" NA 0.581932628979144 0.157748800430338 0.203131557606928 0.107776323652193 0.0605771933925554 0.0988952331203692
"ufb54" NA 0.668219744207448 0.194375776065191 0.117927188772387 0.120111909586854 0.0418858787653952 0.153676741741079
"ufb55" NA 0.626761672451248 0.171512676971974 0.105826352009087 0.111234548250269 0.043087771123911 0.129273088021726
"ufb56" NA 0.476567419267788 0.145724528279694 0.576262156337515 0.108783491763945 0.046844953404984 0.0105448709975076
"ufb57" NA 0.689316867587964 0.167013979612559 0.44666255986477 0.121462645892432 0.073509797617149 0.0873979862244811
"ufb58" NA 0.70782878445672 0.171874862580585 0.404429924840262 0.122656675068714 0.07351534958577 0.100343657148739
"ufb59" NA 0.717381345061389 0.177944365290643 0.3635922049876 0.126339882779694 0.0741740702237259 0.112651534025791
"ufb60" NA 0.730372364288919 0.186725421263059 0.35191843936695 0.131912630861111 0.0795022543592527 0.126609691873193
"ufb61" NA 0.71922450927203 0.19680305479553 0.398647866344696 0.136509335491092 0.0813764110088754 0.127420207172812
"ufb62" NA 0.677853696404312 0.186360122668743 0.285300831508135 0.122461194852755 0.0695658810534708 0.129548747816637
"ufb63" NA 0.653486394557823 0.165918793830756 0.526328050733874 0.124086213778507 0.066834284700534 0.0590707042402097
"ufb64" NA 0.649219541860937 0.164756344277677 0.352061743980037 0.112606033274764 0.0666011132862104 0.0982152967017197
"ufb65" NA 0.598422624603323 0.152086651414345 0.410798182977834 0.105381028228776 0.0567384763322578 0.0597864583151612
"ufb66" NA 0.780707395498392 0.192259822905435 0.587879865080839 0.141816392269883 0.0984729591598132 0.115056802656746
"ufb67" NA 0.555702010036984 0.15250523608133 0.186777250475182 0.0981941316129775 0.0411096489426724 0.102553939346258
"ufb68" NA 0.436593610293316 0.148646958487404 0.553963767670676 0.110107555174153 0.043960892963876 0.0128327044421526
"ufb69" NA 0.720608081289196 0.200915792718276 0.368000421617155 0.135659841115461 0.0832786038168139 0.137354258341789
"ufb70" NA 0.607274862357063 0.157966631504778 0.398362331594644 0.112961443660044 0.0710694198082091 0.0773353564379729
"ufb71" NA 0.646252623144476 0.180808290247345 0.15301898326964 0.118342587001561 0.0570075163344264 0.137675476014365
"ufb72" NA 0.63528180332683 0.177908182860869 0.152804976190432 0.112203631666845 0.0484647365963732 0.135667651679329
"ufb73" NA 0.630529173514541 0.174562511959579 0.168340832460824 0.111364695399385 0.0564480964381704 0.131696454490812
"ufb74" NA 0.623666987487969 0.163138842716567 0.349487822161396 0.118197630658785 0.0627412517124691 0.0830770506961178
"ufb75" NA 0.70223936160058 0.200048143318571 0.285207219679495 0.13952269878065 0.0913042904855245 0.130631484267233
"ufb76" NA 0.708653911293054 0.201639929053565 0.285801263627879 0.142160531878285 0.093655932937474 0.137986638191275
"ufb77" NA 0.810273405136703 0.212040583607792 0.635016772102118 0.164332313763757 0.0949217126269283 0.112243349796285
"ufb78" NA 0.640216983448295 0.173539689876656 0.188301723478122 0.118419157403012 0.0614720256672491 0.127471532801209
"ufb79" NA 0.648008804718426 0.175890584812537 0.247070147109207 0.114920858533172 0.0555649542951543 0.123639194177755
"ufb80" NA 0.786326547432622 0.195977067641151 0.547309646857042 0.143485582385306 0.104699745237984 0.12652774537363
"ufb81" NA 0.611626090077915 0.163626321357455 0.283573782814851 0.113489022787131 0.0714564034215706 0.0971302289851122
"ufb82" NA 0.810217934976777 0.19945721998063 0.799882592053973 0.166248081655189 0.0819478050587683 0.0727801676419698
"ufb83" NA 0.655743249909097 0.190846362868214 0.144610569771584 0.116149125190467 0.0469095171013711 0.147562005267594
"ufb84" NA 0.660281431516827 0.191791122979682 0.134094750382164 0.117381690905572 0.0464867307867227 0.14923733365748
"ufb85" NA 0.588856884457246 0.153742002424399 0.164359641332942 0.0971440191620915 0.048088732498287 0.107618562504369
"ufb86" NA 0.714090716538274 0.172790986329377 0.5235090709098 0.130405774969588 0.0785262481552166 0.083178211082737
"ufb87" NA 0.625903612766662 0.170147678029185 0.164383080946392 0.10823582577033 0.0513945576951267 0.125770988090063
"ufb88" NA 0.580534771613925 0.159047859281792 0.165296900677365 0.106283450731178 0.0555252593934441 0.105736607750769
"ufb89" NA 0.660426560981115 0.188907932414195 0.129487733632669 0.117948158734849 0.044001646505236 0.147932670104603
"ufb90" NA 0.645387607460796 0.18050591957915 0.221074225825988 0.117855513365092 0.0740201714297577 0.126062652562029
"ufb91" NA 0.642783898963993 0.178323906576704 0.210278638227559 0.117406118620811 0.0639555755166754 0.128196778979366
"ufb92" NA 0.623266354284696 0.169542401491524 0.261166962864998 0.119277688154487 0.063970689461147 0.10342540519792
"ufb93" NA 0.634921376122156 0.151717238455713 0.464831908144455 0.106947067184891 0.0660214499876507 0.0704103746700702
"ufb94" NA 0.708771586197891 0.194437761952969 0.379791938705748 0.135773060497139 0.0816950522572589 0.124730350431566
"ufb95" NA 0.752886836027714 0.191816855617551 0.468849259397416 0.13869453793545 0.0947372487221601 0.127539436904572
"ufb96" NA 0.642636741587632 0.175388735970719 0.339316728764595 0.124838380978161 0.0818445416222439 0.109722820310849
"ufb97" NA 0.727470679353839 0.200401265908756 0.397400746559041 0.144855268227449 0.078942740945286 0.124003860708929
"ufb98" NA 0.686602620279886 0.189019880551492 0.267649949487008 0.127564133767402 0.0681876572945929 0.141206437778776
"ufb99" NA 0.715039540708637 0.175998068865049 0.434925052011751 0.125390019837887 0.0818400066742689 0.104799934724447
"ufb100" NA 0.73523631258774 0.183709730324752 0.392567558000301 0.129854552425364 0.0841922276287379 0.118874820629266
"ufb101" NA 0.652753762861759 0.165329873321231 0.401153206213701 0.115035594211478 0.065300000276872 0.0926597780521271
"ufb102" NA 0.62267489510907 0.165365188273119 0.327186533786426 0.114662102145917 0.0711782688065274 0.0989905496435044
"ufb103" NA 0.604255698800018 0.161273492971068 0.303838484462603 0.108436494897376 0.0673589576430856 0.0992109476515674
"ufb104" NA 0.58113261821691 0.161897166097349 0.178877211426506 0.106151501241274 0.0554104978910261 0.11078209198354
"ufb105" NA 0.77670435080507 0.20719285256729 0.702018178057374 0.163263007490947 0.0792209180387775 0.0813362972042605
"ufb106" NA 0.666558640043014 0.180498092144274 0.252319924962444 0.120401049433617 0.0651717846401776 0.132205506634737
"ufb107" NA 0.620217218485841 0.170410395285466 0.140584107427895 0.107508192606762 0.0445399251359126 0.126719314678016
"ufb108" NA 0.550575500631427 0.145801527105875 0.292829112981951 0.101797593698516 0.056858585164699 0.0719309599528365
"ufb109" NA 0.552799658612343 0.146339996283643 0.210815361982125 0.0985995803795035 0.0511943422989681 0.0868016706997713
"ufb110" NA 0.639502127917761 0.182017586231455 0.165008983254969 0.112992740555096 0.0551386042155016 0.132142263270714
"ufb111" NA 0.650402848041971 0.163857553634397 0.357743899296362 0.114545745030241 0.0761883572296685 0.096995719312363
"ufb112" NA 0.670967116112135 0.161853055915541 0.722749969665897 0.129927150639303 0.0597791494308747 0.0282845174762947
"ufb113" NA 0.665639013452915 0.16142370590482 0.698578013966411 0.12842358445732 0.0592015865777123 0.0287282700725396
"ufb114" NA 0.676145990131424 0.189238828693729 0.244814581925528 0.129506890380728 0.0725432640569463 0.132560345463769
"ufb115" NA 0.86768099837593 0.180249123672169 0.858675780148487 0.153078985046332 0.0741048172890076 0.0505326022606196
"ufb116" NA 0.749963317559884 0.203898266592393 0.416383085559156 0.146181434678753 0.0871671089888953 0.127807637467865
"ufb117" NA 0.623904024297646 0.170990702968637 0.128778586168402 0.106100958453884 0.0357266205472877 0.128726244283747
"ufb118" NA 0.715452579878814 0.194914291620074 0.356801923137572 0.12857653837632 0.0798083495119516 0.125350619383331
"ufb119" NA 0.658040411532809 0.171532520432116 0.433242066874398 0.128274169527809 0.0738643110904863 0.0815736703528836
"ufb120" NA 0.64913844325609 0.157724891980576 0.674451341726909 0.121762748525613 0.0558387073645208 0.0224105416453541
"ufb121" NA 0.647656598506324 0.177430907031835 0.170749246432877 0.119525137748353 0.0597784490793659 0.132575378864944
"ufb122" NA 0.652783096541952 0.176568423278765 0.210653445811721 0.114725266905062 0.0600322985875177 0.130676121245156
"ufb123" NA 0.646481822618991 0.16156243778295 0.393684286742836 0.112632387327556 0.0682664029640952 0.0945340414413357
"ufb124" NA 0.632417761372272 0.154369655066933 0.423971834752941 0.109792641736539 0.0628884334096228 0.0807691997933145
"ufb125" NA 0.546993524514339 0.146648864090671 0.642726527168776 0.114583872622987 0.0500655082919069 0.0102685620317796
"ufb126" NA 0.662475680345132 0.193296508879934 0.154260848260437 0.119905753287353 0.049826942811688 0.15139470429659
"ufb127" NA 0.775175078483458 0.186023494006662 0.623123426005566 0.144773254947522 0.0937373171946492 0.0978442158772405
"ufb128" NA 0.601694417664673 0.155761643501538 0.223468655623225 0.104535533643476 0.0563835515823045 0.10600824929678
"ufb129" NA 0.666999979382719 0.164063726685682 0.452417832236089 0.120040539523895 0.0714232497621076 0.083471955026549
"ufb130" NA 0.642708333333333 0.157493024841184 0.698620479811882 0.121470429146841 0.0553041188919396 0.0230899619757268
"ufb131" NA 0.701897394984217 0.161012071051192 0.626326810833886 0.121897029149931 0.0713300814627359 0.0541328309962394
"ufb132" NA 0.680708051335709 0.17481991001217 0.420940324162197 0.123109679656289 0.0839585738860575 0.10328747771633
"ufb133" NA 0.660079718244512 0.164987575912774 0.399373506379949 0.115900620725913 0.0736011512803748 0.0922876787081653
"ufb134" NA 0.688972071656012 0.185317381803646 0.339811046564121 0.12717149362819 0.0940768942955285 0.131234549830622
"ufb135" NA 0.641529248575259 0.1836109748734 0.168601625998212 0.115268845774582 0.0453445373389821 0.142223591476801
"ufb136" NA 0.681066696675923 0.187385564709454 0.292662949968272 0.119546593875079 0.0600061486798565 0.130703009429512
"ufb137" NA 0.659404752349611 0.191497189181301 0.199477792101379 0.120866578202069 0.0651344919553338 0.143844296676418
"ufb138" NA 0.651971432562688 0.190608156506325 0.164159031992786 0.118510827457274 0.0647436853032211 0.144304233210667
"ufb139" NA 0.660923976758041 0.195323881685557 0.155994496437696 0.121438077170924 0.0640546470272641 0.150467278218621
"ufb140" NA 0.508967473908197 0.139553555395878 0.662326544873155 0.10754744851264 0.048921485496103 0.00167667869688545
"ufb141" NA 0.684951120766268 0.165780072819809 0.502252902122026 0.123392809740826 0.0812255720025631 0.0753254846811037
"ufb142" NA 0.585537430945235 0.150332527205817 0.19987178174044 0.0980300218407755 0.0535913346204619 0.101728532676305
"ufb143" NA 0.435750263558627 0.120632247578764 0.662267110484018 0.0889405323070149 0.0392656423124004 -0.0202765561404902
"ufb144" NA 0.507287449392713 0.140021261237962 0.611432270112653 0.103363166186766 0.0443934586142385 0.00393912494331156
"ufb145" NA 0.665581290200254 0.193745319881145 0.13253680230841 0.120133159897725 0.0442864617777325 0.152309453737403
"ufb146" NA 0.649114721085734 0.162939445251693 0.389350523413832 0.116855764882979 0.0709628130948859 0.0900612286781416
"ufb147" NA 0.70437138053428 0.191437942125677 0.349279195581496 0.129299851455899 0.0829020152879762 0.121453174947368
"ufb148" NA 0.624558543873947 0.165554188225713 0.662385979262291 0.131771219932257 0.0576763605716149 0.0335123555964184
"ufb149" NA 0.6371851120086 0.177818624364259 0.117624178494623 0.108960375596152 0.0341616837113933 0.136281311507281
"ufb150" NA 0.612090524516458 0.167899439630366 0.163880944124563 0.106350098337416 0.0470638860593655 0.12335733478972
"ufb151" NA 0.666173611944192 0.19478856382631 0.153097451293608 0.122394833637203 0.0447660631823461 0.153737916933643
"ufb152" NA 0.662896978674716 0.18761119305458 0.175737268856945 0.115613435073032 0.0500532609801292 0.144840490159835
"ufb153" NA 0.805254613524169 0.169778839520601 0.714177330084618 0.130721030862668 0.0817182479363623 0.0643337464955729
"ufb154" NA 0.653218188094939 0.187472747963997 0.142202634568651 0.115361198401463 0.0458496911668201 0.14470423629043
"ufb155" NA 0.661865600493636 0.191231062548209 0.120472160149455 0.117268342483844 0.0454963167603638 0.149210293725561
"ufb156" NA 0.660578382129792 0.181071163373601 0.272732592942209 0.117131316321142 0.0590563595908411 0.126819489280131
"ufb157" NA 0.645244849949506 0.177331612192565 0.176770739692029 0.117285478288721 0.0562287472032403 0.132456190247416
"ufb158" NA 0.634613072813931 0.169349138778536 0.200166451548361 0.114126308926214 0.0563897460811416 0.12183296191234
"ufb159" NA 0.699936026970217 0.167667244620918 0.470074721956751 0.121550207658981 0.0755276881853283 0.0881136896667552
"ufb160" NA 0.650544455016386 0.166821781379046 0.432936967390789 0.115557912636027 0.0657181252994178 0.0766146552822223
"ufb161" NA 0.69273241276548 0.175979024942256 0.444261593495147 0.129076470350963 0.0800158055024552 0.0968168987217939
"ufb162" NA 0.639593230618168 0.179174760633483 0.158329640463494 0.114434452795925 0.054916798410336 0.136992869004976
"ufb163" NA 0.658174621684717 0.185681183965942 0.221438397630326 0.121330813631627 0.0667309901967425 0.136002894037622
"ufb164" NA 0.624113619071773 0.160564878808665 0.433722240902003 0.113922111146807 0.0703825082431461 0.0801824062250992
"ufb165" NA 0.699556398882023 0.190537123547252 0.497102716889805 0.144632908063999 0.0779003312330646 0.0875054380980776
"ufb166" NA 0.655257862572664 0.1570221860801 0.53569856097065 0.114020474110753 0.0765205790615793 0.0650691481375513
"ufb167" NA 0.68407164485112 0.182303494642115 0.432319162944146 0.135948294224747 0.0876681842560237 0.104039389137778
"ufb168" NA 0.650106769337286 0.185520607895987 0.141347995732855 0.121296334798112 0.0505986339675505 0.143202766189563
"ufb169" NA 0.571762637284172 0.16177725994028 0.192120171512381 0.104942463586136 0.0507622099341522 0.110684558731567
"ufb170" NA 0.706819355949716 0.160887542327909 0.749838494238256 0.129507589931768 0.0596681357071746 0.0267828278404166
"ufb171" NA 0.656430525995743 0.190038884026498 0.199422751289966 0.121636301354681 0.0635071895472572 0.140614234344993
"ufb172" NA 0.645871062687015 0.188565161955394 0.152482940768593 0.118326572957177 0.0596413582482738 0.143334398411293
"ufb173" NA 0.642159504243567 0.148791960845489 0.576228284664479 0.110003814080851 0.0648319987661179 0.0409841144786223
"ufb174" NA 0.589618773672085 0.156748835409157 0.268482628952597 0.105440995958181 0.0604168356027991 0.0943514827804342
"ufb175" NA 0.661112801105834 0.181510286256596 0.206642831300833 0.117516532945924 0.0513335082965086 0.13586600368957
"ufb176" NA 0.637901518437588 0.17443780855427 0.158469906939469 0.115515433314791 0.0562841307941878 0.130271095035657
"ufb177" NA 0.587263599734502 0.159079797298735 0.266933657678153 0.110670312885627 0.0581631052172563 0.078629679870641
"ufb178" NA 0.609515539064761 0.163059945866535 0.279988652962204 0.114138204744806 0.0656706806266247 0.0965019819915063
"ufb179" NA 0.678935913165701 0.191640044074146 0.2231580859583 0.1246759776687 0.0593426134279817 0.146543918857988
"ufb180" NA 0.673468862951269 0.188757965500995 0.21152582380743 0.125496331812452 0.0716246090293993 0.134862924944924
"ufb181" NA 0.678187040159538 0.189747446725955 0.226526195665363 0.128214068330175 0.0732827039755949 0.133111769749462
"ufb182" NA 0.669048191529557 0.173304659863295 0.544619925404206 0.126979849983108 0.0756871701253161 0.0678674229231519
"ufb183" NA 0.669313908058568 0.168260348171784 0.489087335507148 0.120508716150006 0.0722213605103937 0.0777582905723608
"ufb184" NA 0.655497667911854 0.181953200648441 0.198874653578075 0.113528396949304 0.0609335815467249 0.137335733015981
"ufb185" NA 0.651854692426622 0.186709178495428 0.153075821657843 0.117090993164339 0.0410557577158853 0.144906196761963
"ufb186" NA 0.555129434324065 0.150950524161896 0.208432039334404 0.0991784637360997 0.0488726374093589 0.0916404104281059
"ufb187" NA 0.710353908407733 0.182199115830939 0.548852428271441 0.134507332739723 0.0757938569654255 0.077311783809708
"ufb188" NA 0.663698712549633 0.163393285576652 0.412812041456232 0.111554286299909 0.0787598154782186 0.0830525576092944
"ufb189" NA 0.744367746339983 0.205488600485727 0.682122082898092 0.162635949446454 0.077485737199574 0.0797659474908461
"ufb190" NA 0.667327663281447 0.196678047528048 0.107279982892411 0.123042217222849 0.0490930616932813 0.155961616348447
"ufb191" NA 0.676106876192815 0.201252953690042 0.109832170764451 0.126857787286587 0.0526657189741454 0.160901394846806
"ufb192" NA 0.668826390347866 0.195780739250356 0.107035836104709 0.121473773792924 0.0413790156398042 0.155197483678696
"ufb193" NA 0.657815090575455 0.188052978230332 0.107018615560909 0.117182186303806 0.0356782163564833 0.147032663071343
"ufb194" NA 0.641384469590873 0.180018711965288 0.107000571037296 0.111328950331264 0.0326196756932361 0.138451060188313
"ufb195" NA 0.61059812831538 0.170697811467776 0.236233836526446 0.117424099750818 0.0674785728072635 0.112863370944944
"ufb196" NA 0.676922066110844 0.188616196834725 0.246585194657484 0.122522513657895 0.059614951130329 0.142158580864026
"ufb197" NA 0.608471480974197 0.15127661950804 0.385154735153589 0.104774517895355 0.065776700158132 0.0777195038592037
"ufb198" NA 0.667738252003755 0.185134315371478 0.201747606338014 0.119553295167777 0.0590088631454322 0.139675253874214
"ufb199" NA 0.630525489731555 0.160102222249425 0.282191159177606 0.105799929825962 0.0649632321139248 0.10425287256748
"ufb200" NA 0.599264705882353 0.147866265111191 0.316760453621768 0.0983807332350645 0.059624905425917 0.0843851082156722
"ufb201" NA 0.653846285360625 0.189726872442003 0.164735928297383 0.119353473866503 0.0474311783782345 0.148791582414971
"ufb202" NA 0.682033658368491 0.182932383714498 0.351605411030238 0.126154083014602 0.0857748883876306 0.13107349052517
"ufb203" NA 0.759399491633129 0.20028680730409 0.540311392912417 0.153756050198313 0.0813711624305632 0.098384756942716
"ufb204" NA 0.714224325335436 0.197719907871158 0.337195986423848 0.129576869402177 0.0839811094173855 0.133892725569148
"ufb205" NA 0.71216508241409 0.186378537615717 0.462283985397382 0.139456193559392 0.0865865178784417 0.0980317370942899
"ufb206" NA 0.623370866211544 0.169924798056542 0.618743021389617 0.1290306460342 0.0583154667500053 0.0372755731713501
"ufb207" NA 0.663128612326473 0.177880788580427 0.469381506826869 0.13110745297524 0.0746433925419804 0.0732381539930342
"ufb208" NA 0.60902564298398 0.161351401557563 0.309712277561103 0.115832690601306 0.0599254420600322 0.0810230662283114
"ufb209" NA 0.712711856070666 0.198823713420649 0.299393874130111 0.137672847959472 0.0883559895108409 0.134907638401865
"ufb210" NA 0.585613947592627 0.163774100899665 0.169308452964215 0.108689505856578 0.0608527322319363 0.110751144423232
"ufb211" NA 0.585724692216389 0.165554832469587 0.187629961503435 0.10430847450628 0.0560439627903509 0.1209145939616
"ufb212" NA 0.659380148728681 0.182161389021894 0.206248928078351 0.116103712796423 0.0594050875066501 0.1375696683357
"ufb213" NA 0.735819901425336 0.207580453305932 0.395022317590104 0.149689220404449 0.082602331890872 0.12115945958408
"ufb214" NA 0.787924156611672 0.188541232296288 0.587062391299368 0.143301594821044 0.097457067637101 0.11101545592958
"ufb215" NA 0.614995006420317 0.13708185766575 0.618697306237848 0.103868119278903 0.0631993376484289 0.0275088739692243
"ufb216" NA 0.709989398580841 0.198591724734272 0.299162214896694 0.137070166227896 0.0842560790719959 0.129002926289361
"ufb217" NA 0.638109395382702 0.16154826305727 0.41512757090946 0.11661697264153 0.0709823336574744 0.0811140742621561
"ufb218" NA 0.647215901174941 0.170523891936521 0.279781730555414 0.11209594179802 0.0489224033167771 0.115477728420166
"ufb219" NA 0.661340103209182 0.190192307938191 0.118749438468673 0.119262436788817 0.0429469356352425 0.149327043780994
"ufb220" NA 0.633435105452713 0.157438167337024 0.389350523413832 0.111577309153948 0.0731729963726398 0.0840809850291276
"ufb221" NA 0.688778431402354 0.189614486570148 0.339192748247775 0.126611437004634 0.07819928054489 0.125154012691806
"ufb222" NA 0.643207193893206 0.179116405272716 0.158307394394736 0.114930702024194 0.0532786333610431 0.136478624248579
"ufb223" NA 0.649506417908446 0.163816683153457 0.340740557327018 0.113274825831124 0.0722513506954297 0.105372117156425
"ufb224" NA 0.614597600496965 0.157325366863337 0.370946692234956 0.110954197667473 0.0694694415612827 0.0841848408953486
"ufb225" NA 0.654255514062901 0.175071020377177 0.269135773773262 0.113493364143045 0.0534267759644525 0.117529484737611
"ufb226" NA 0.625104553903346 0.163061897075457 0.269331730937695 0.10522311552074 0.0514278739433762 0.107602436405492
"ufb227" NA 0.672981659775831 0.180166388406462 0.268892121683332 0.120405512743173 0.0732377589734688 0.128083335220836
"ufb228" NA 0.620935631557786 0.153831988130625 0.314489570026603 0.105322397891764 0.0654825290906156 0.0908439484912496
"ufb229" NA 0.72708814028611 0.158561301602477 0.764362893043671 0.129441824044583 0.0602377787354401 0.0254129219067674
"ufb230" NA 0.422635536208943 0.136734315384132 0.614129932990132 0.102290139471878 0.0455168452348302 -0.00159431285607663
"ufb231" NA 0.484653900546573 0.124156419291717 0.541680263068348 0.0905566366995399 0.0502644368948616 0.0126160702086174
"ufb232" NA 0.317040825992233 0.125220531756133 0.529772137857174 0.0912457595306857 0.0372772395947923 -0.0147662482218302
"ufb233" NA 0.651692249173884 0.181805985381321 0.175737268856945 0.112991910157399 0.0574795778725587 0.138729649505776
"ufb234" NA 0.646521821101977 0.184057367824963 0.152538540515121 0.113458955056151 0.0429474777992913 0.140420656774314
"ufb235" NA 0.642099901781577 0.18110134155969 0.152560192789146 0.11219858043593 0.0438956947292667 0.138006537941603
"ufb236" NA 0.602645342091641 0.157702771556708 0.4563130039817 0.1127714232673 0.0676392964027146 0.066239154547842
"ufb237" NA 0.615580592198381 0.15705461946194 0.414497141590898 0.110330080885525 0.0652264412393956 0.0761989555778502
"ufb238" NA 0.645185838565178 0.158000913868628 0.448908525164477 0.114555374522766 0.0647460447642128 0.0666211932538996
"ufb239" NA 0.557846506300115 0.14968395497288 0.151532894530376 0.0989669180697311 0.0476398519638006 0.0958126493849726
"ufb240" NA 0.689727865082407 0.183892745526493 0.368787038185725 0.131026340812139 0.0693460622498523 0.105757582611776
"ufb241" NA 0.666880090531425 0.174412994653336 0.386365349797428 0.121667256078135 0.0741101670749294 0.10290729084977
"ufb242" NA 0.619437420162152 0.168226171947854 0.292004020449082 0.116548171110434 0.0738080464023457 0.102079054091238
"ufb243" NA 0.597832661503517 0.161854427833445 0.292328034153333 0.110041733378248 0.0733627824248395 0.0998348694660939
"ufb244" NA 0.598810294302716 0.166288036669601 0.210672184639448 0.105331870975952 0.0653086821468363 0.115534844281307
"ufb245" NA 0.619498771420493 0.173268201820131 0.201286870513853 0.110061472308216 0.0650233566753656 0.124619278383679
"ufb246" NA 0.581966490299824 0.143918677253215 0.31977109640074 0.0968839027789839 0.0485611439186265 0.0693844279808052
"ufb247" NA 0.648780167558515 0.190519724523803 0.164741271329266 0.118930659807541 0.0547877693713432 0.149671066298168
"ufb248" NA 0.64717557756569 0.175377787931754 0.19902621886657 0.112051023082422 0.0521372011523319 0.130435498365611
"ufb249" NA 0.650168139202014 0.189511997263475 0.164744083354939 0.118725908936481 0.0495846836844492 0.148612402640286
"ufb250" NA 0.659233535086512 0.194202153875223 0.168602109429138 0.121250932882588 0.0502483418777129 0.153492956676881
"ufb251" NA 0.620545421348781 0.161215064121758 0.385872619950779 0.116840671450913 0.0611428175279783 0.0704009060126781
"ufb252" NA 0.666631024619744 0.183646421305111 0.250905406412675 0.125022933784208 0.0668735812025821 0.126537778712338
"ufb253" NA 0.729321350355216 0.198090499773763 0.385405487597347 0.136601277375314 0.0832948601812134 0.128681542075515
"ufb254" NA 0.708614291817093 0.18244601320288 0.352961678585898 0.124534175724081 0.0887451405006452 0.121817771626257
"ufb255" NA 0.613151330722606 0.165993759603752 0.117686407481706 0.107558938038967 0.0409794024679982 0.123122870410066
"ufb256" NA 0.59671927722627 0.162388418774641 0.280922089538906 0.106384899882531 0.0705862344978002 0.106843525041493
"ufb257" NA 0.65139227083497 0.173098130788999 0.385039505189774 0.126710265522831 0.0779389522978185 0.0939529531960755
"ufb258" NA 0.782973266252343 0.159739413315299 0.797638242623489 0.129450442333092 0.0595608460089752 0.0254512079118709
"ufb259" NA 0.712603465998233 0.161305832215906 0.54858729868042 0.117354411103569 0.0766966101304345 0.0700902238233287
"ufb260" NA 0.772464352972828 0.189873615129967 0.749779764870349 0.155772352529439 0.0751036458300614 0.0616800631818399
"ufb261" NA 0.653388240334405 0.188394386776426 0.158578116378877 0.117867450951445 0.0459861431443336 0.147022461940637
"ufb262" NA 0.659515502785437 0.165456458257703 0.363703547204898 0.11566487770254 0.0734571585831784 0.092797384036435
"ufb263" NA 0.668971299666616 0.190384616368551 0.267612601095043 0.129464216030722 0.0784363568188817 0.120083168918751
"ufb264" NA 0.677174292699965 0.163800531426469 0.674390556441195 0.127091147037809 0.0577227208524943 0.030645969564972
"ufb265" NA 0.693772961625143 0.1699798699036 0.474837721312506 0.121164735371123 0.0721274085243744 0.0794697204195676
"ufb266" NA 0.532138787470059 0.133404593770842 0.371519150798022 0.0926051427053643 0.0562314400607239 0.0505167675354883
"ufb267" NA 0.632970593337367 0.171804159508703 0.170736639017966 0.114890056243266 0.0568305471137239 0.12750049727591
"ufb268" NA 0.607365339578454 0.153638537078361 0.407676670207888 0.106380794567604 0.0627683447522793 0.0724857734466051
"ufb269" NA 0.678800350853519 0.187190801202239 0.260366159915922 0.122984410273316 0.0623641004424677 0.130501935749409
"ufb270" NA 0.595067232565929 0.16534209658621 0.2314580095092 0.111866272278132 0.0627287428788907 0.0990006509697318
"ufb271" NA 0.570986151469934 0.157851951527003 0.174946070292377 0.103176786509431 0.0533843385422347 0.104498124870584
"ufb272" NA 0.558595103225504 0.15274754612452 0.163194095515628 0.0989249900877415 0.0517882460967282 0.101140875543745
"ufb273" NA 0.63469557201603 0.174828673413602 0.156792479839018 0.115904678184882 0.0505614052068517 0.131394359294479
"ufb274" NA 0.625924171990219 0.170325554899248 0.166707065493567 0.112948729342693 0.0521017983882143 0.125955092877325
"ufb275" NA 0.674785100286533 0.159345767043354 0.722749969665897 0.12650762040527 0.0557640070017598 0.0261771035287587
"ufb276" NA 0.662714091923097 0.195368317415613 0.142359105019683 0.121882656845563 0.05928062341961 0.152339076749129
"ufb277" NA 0.657660751051143 0.190394522154228 0.134094750382164 0.117540605733983 0.0475847002630388 0.147781793352757
"ufb278" NA 0.651474368667776 0.160639530017825 0.540874735829218 0.120324607655245 0.0661762990899663 0.0543322109702499
"ufb279" NA 0.659393511548445 0.17293429591627 0.288426676551911 0.117950617583896 0.0736503094215154 0.120396861901445
"ufb280" NA 0.655087552283246 0.166732827029641 0.43084488227918 0.122433664603597 0.0746991459924848 0.0865018670705566
"ufb281" NA 0.638334830477542 0.168863353822816 0.252625431811714 0.109163495049942 0.0441293735370777 0.116181068913027
"ufb282" NA 0.673525709078269 0.180030372639313 0.297677108347223 0.123156981778431 0.0778526289378062 0.127982272009701
"ufb283" NA 0.662985843698922 0.172411594585727 0.333345096799095 0.118177408722361 0.0734334599363078 0.117465246495475
"ufb284" NA 0.76897261841202 0.185703998621159 0.582952491319373 0.141945724801776 0.0983117496053597 0.107907156425659
"ufb285" NA 0.642838448847509 0.174829801417826 0.183017516389547 0.118642871576377 0.0602817231634808 0.129837234923918
"ufb286" NA 0.601461163501599 0.150330001381793 0.409843055108762 0.101677695753334 0.0607706724808272 0.0691574499832448
"ufb287" NA 0.739546617652359 0.186967306863314 0.475422405367414 0.135245814708244 0.0892409572890741 0.116610186976588
"ufb288" NA 0.640672976406448 0.172614148715342 0.183033232355789 0.115389895604212 0.0547157491245953 0.126471460942546
"ufb289" NA 0.569010204368482 0.144207631020902 0.303099093292929 0.0967344772027282 0.060887648609202 0.075956979833443
"ufb290" NA 0.648993046703997 0.173584194066416 0.222139303215724 0.112986706624571 0.060761598990452 0.126318625425765
"ufb291" NA 0.768046332817415 0.198192956931632 0.493100262121081 0.145074241873452 0.103632277420934 0.13450839622846
"ufb292" NA 0.753521031299562 0.189879762413484 0.51161322082241 0.139859277511748 0.0973209859878407 0.119881080169795
"ufb293" NA 0.782375837456323 0.185265544838235 0.594795259756146 0.139571963230486 0.0955902737295919 0.107426813305562
"ufb294" NA 0.481297621796352 0.136066564201996 0.662424894052163 0.103408675348821 0.0438740804152585 -0.00175460916127683
"ufb295" NA 0.594859434132276 0.152820825525495 0.360023821210603 0.107358266174393 0.0668830240928317 0.079394412440064
"ufb296" NA 0.574232255440309 0.16018410113296 0.646834561176927 0.125376285339414 0.0534686741128988 0.0272925115379034
"ufb297" NA 0.663051825482836 0.166026597954093 0.400972195637839 0.117093230974588 0.0720520454581606 0.0934171626317488
"ufb298" NA 0.715601857293993 0.184717260429232 0.473733184270962 0.139952608829833 0.085124627479717 0.0957896495876565
"ufb299" NA 0.58297716041138 0.148201768459597 0.482493986225705 0.108738280035938 0.0569025028617044 0.0395092873896967
"ufb300" NA 0.668772637133914 0.185661534008042 0.211779002771244 0.125065917576223 0.0694253386883529 0.125171253887284
"ufb301" NA 0.662581388438541 0.19344299022388 0.187686344880108 0.121476120882828 0.0650130106611618 0.147301242917601
"ufb302" NA 0.644888512283257 0.17878925118304 0.236052650866095 0.117937503064325 0.0718541448963948 0.121387609544658
"ufb303" NA 0.77425491439442 0.191509169175967 0.726056746217455 0.154065401531288 0.0729390294978139 0.0626306999097502
"ufb304" NA 0.637889757539234 0.158885776505904 0.364524389736189 0.110724887179296 0.0699484583470448 0.0963614194051235
"ufb305" NA 0.561882668242041 0.143382617537906 0.339686511441929 0.0985107159554968 0.0588496278242567 0.0692510448822033
"ufb306" NA 0.570276400907334 0.149627077669868 0.2451830095881 0.0965592399396343 0.0554310825389825 0.0903739477984422
"ufb307" NA 0.6430844604742 0.18799459570117 0.168847524954565 0.118191108905417 0.0541129833267022 0.146974265843629
"ufb308" NA 0.664051676922581 0.166385725682208 0.474837721312506 0.122270164082918 0.0714514454214823 0.0752181658836333
"ufb309" NA 0.740858548059446 0.203660171457394 0.418891037148904 0.150637972853235 0.0841325435735382 0.116811633192461
"ufb310" NA 0.664367742349394 0.161281488089836 0.559904204703413 0.121707617425563 0.0673691041738782 0.0545358222033068
"ufb311" NA 0.670528364017363 0.183102918461205 0.25720826659778 0.117597400834256 0.0557524058312093 0.126121634384223
