"ci" "cci" "ri" "rc" "rhi" "rhiBar" "rci"
"1" 1 1 1 1 0 0 1
"2" NA NA NA NA NA NA NA
"3" 0.666666666666667 0.806762867748192 0.8 0.533333333333333 0.2 0.205170291341814 0.801546359575964
"4" NA NA NA NA NA NA NA
"5" NA NA NA NA NA NA NA
"6" 1 1 1 1 0 0 1
"7" 1 1 1 1 0 0 1
"8" 1 1 1 1 0 0 1
"9" NA NA NA NA NA NA NA
"10" NA NA NA NA NA NA NA
"11" 1 NA NA NA NA NA NA
"12" 1 1 1 1 0 0 1
"13" NA NA NA NA NA NA NA
"14" 1 1 1 1 0 0 1
"15" NA NA NA NA NA NA NA
"16" NA NA NA NA NA NA NA
"17" 1 1 1 1 0 0 1
"18" 0.666666666666667 0.67226952785023 0.666666666666667 0.444444444444444 0.333333333333333 0.340831629175187 0.664707161124584
"19" 0.5 0.958748648967422 0.947368421052632 0.473684210526316 0.0666666666666667 0.0684790796411696 0.942452906514401
"20" 0.666666666666667 0 0 0 1 1.01844262295082 -0.0185967341380592
"21" 0.5 0.884960459125897 0.875 0.4375 0.125 0.133886731824876 0.875950335589982
"22" 0.666666666666667 0.806762867748192 0.8 0.533333333333333 0.2 0.206611570247934 0.800092226315655
"23" 0.666666666666667 0.806762867748192 0.8 0.533333333333333 0.2 0.207770621234158 0.7989228469378
"24" 1 NA NA NA NA NA NA
"25" NA NA NA NA NA NA NA
"26" 0.6 0.870604516806214 0.857142857142857 0.514285714285714 0.166666666666667 0.16392099008278 0.849139605019746
"27" 1 1 1 1 0 0 1
"28" 0.5 0.716467365012107 0.7 0.35 0.3 0.31652247309559 0.699532274271184
"29" 1 NA NA NA NA NA NA
"30" 1 1 1 1 0 0 1
"31" 0.6 0 0 0 1 1.01522842639594 -0.0154597382529865
"32" 0.428571428571429 0.442041192651278 0.428571428571429 0.183673469387755 0.571428571428571 0.588494924231278 0.4244312184142
"33" 0.6 0.6091859622315 0.6 0.36 0.4 0.414164423276041 0.594800609904602
"34" 0.375 0.606829255420183 0.583333333333333 0.21875 0.416666666666667 0.441618088676912 0.58082764220133
"35" 0.6 0.338409930231624 0.333333333333333 0.2 0.666666666666667 0.673854447439353 0.331112269442148
"36" 0.375 0.841785290218035 0.807692307692308 0.302884615384615 0.238095238095238 0.243096071567483 0.788235709934041
"37" 1 1 1 1 0 0 1
"38" 0.6 0.6091859622315 0.6 0.36 0.4 0.409165302782324 0.599877647766719
"39" 0.375 0.297058223466642 0.285714285714286 0.107142857142857 0.714285714285714 0.76816715317253 0.241024995881851
"40" 0.375 0.804873070048286 0.772727272727273 0.289772727272727 0.277777777777778 0.275224307810866 0.754537146139271
"41" 0.375 0.38993058265957 0.375 0.140625 0.625 0.643749195313506 0.370425608800682
"42" 0.75 0.881684517300015 0.875 0.65625 0.125 0.12987012987013 0.876771701345066
"43" 0.5 0.76774644414557 0.75 0.375 0.272727272727273 0.266785237883504 0.750525668016221
"44" 0.6 0.507634774494265 0.5 0.3 0.5 0.51413881748072 0.49327792396376
"45" 0.428571428571429 0.737196137154331 0.714285714285714 0.306122448979592 0.307692307692308 0.306771991717156 0.715398296240684
"46" 0.428571428571429 0.737196137154331 0.714285714285714 0.306122448979592 0.307692307692308 0.310029452798016 0.712027566167689
"47" 1 NA NA NA NA NA NA
"48" 0.5 0.639620207127108 0.625 0.3125 0.375 0.387496770860243 0.626820838042392
"49" 0.5 0.716467365012107 0.7 0.35 0.3 0.317158261972724 0.698880684675028
"50" 0.333333333333333 0.717168401502217 0.692307692307692 0.230769230769231 0.333333333333333 0.344293337923911 0.679142900847382
"51" 0.375 0.640246072374009 0.615384615384615 0.230769230769231 0.416666666666667 0.413393964448119 0.610240474246909
"52" 0.375 0.804873070048286 0.772727272727273 0.289772727272727 0.263157894736842 0.270431067120991 0.759558986984683
"53" 0.333333333333333 0.599517971905701 0.571428571428571 0.19047619047619 0.461538461538462 0.467690388962507 0.558382413249279
"54" 0.333333333333333 0.56484937277386 0.538461538461538 0.179487179487179 0.5 0.511160333958085 0.512704789292068
"55" 0.6 0.725280485996835 0.714285714285714 0.428571428571429 0.285714285714286 0.299985000749962 0.710780331550058
"56" 0.333333333333333 0.750210366124014 0.714285714285714 0.238095238095238 0.315789473684211 0.322632682690757 0.711158415718812
"57" 0.375 0.297058223466642 0.285714285714286 0.107142857142857 0.714285714285714 0.735402265038976 0.275097415377988
"58" 0.214285714285714 0.651765785720297 0.592592592592593 0.126984126984127 0.523809523809524 0.515415612407459 0.531947004379055
"59" 0.3 0.750813516675227 0.708333333333333 0.2125 0.35 0.360583114407871 0.677147876250663
"60" 0.333333333333333 0.524429108418954 0.5 0.166666666666667 0.545454545454545 0.529848110208407 0.493076411260225
"61" 0.428571428571429 0.656592635717079 0.636363636363636 0.272727272727273 0.4 0.399201596806387 0.619842628902412
"62" 0.5 0.33899968758977 0.333333333333333 0.166666666666667 0.666666666666667 0.681663258350375 0.32374713345459
"63" 0.285714285714286 0.298440085047789 0.285714285714286 0.0816326530612245 0.714285714285714 0.738007380073801 0.273653645401438
"64" 0.375 0.693765926363347 0.666666666666667 0.25 0.384615384615385 0.375996390434652 0.649236065420396
"65" 0.230769230769231 0.635059587466052 0.583333333333333 0.134615384615385 0.526315789473684 0.532113020805619 0.508610875624837
"66" 0.272727272727273 0.7273132918195 0.68 0.185454545454545 0.4 0.39426346656153 0.647171754798556
"67" 0.272727272727273 0.740661135790587 0.692307692307692 0.188811188811189 0.4 0.391983928658925 0.649624239210117
"68" 0.230769230769231 0.686110792772932 0.62962962962963 0.145299145299145 0.454545454545455 0.458358161067058 0.589287675898572
"69" 0.230769230769231 0.593467440309816 0.545454545454545 0.125874125874126 0.555555555555556 0.550448615621732 0.488596257248791
"70" 0.3 0.774924872779336 0.730769230769231 0.219230769230769 0.333333333333333 0.335329341317365 0.704089246165451
"71" 0.333333333333333 0.750210366124014 0.714285714285714 0.238095238095238 0.333333333333333 0.337590727508018 0.69536435853063
"72" 0.25 0.732934578863793 0.678571428571429 0.169642857142857 0.409090909090909 0.416512402813773 0.629115605061647
"73" 0.230769230769231 0.56975239194495 0.523809523809524 0.120879120879121 0.555555555555556 0.561009817671809 0.477073862869853
"74" 0.176470588235294 0.470952247285037 0.416666666666667 0.0735294117647059 0.7 0.713957876485287 0.322709958492362
"75" 0.214285714285714 0.668014145792328 0.607142857142857 0.130102040816327 0.478260869565217 0.482837327714863 0.567974948827403
"76" 0.230769230769231 0.670371327196004 0.615384615384615 0.142011834319527 0.5 0.508776392775375 0.534105665594588
"77" 0.25 0.616017349980234 0.571428571428571 0.142857142857143 0.473684210526316 0.485987364328528 0.553779180834246
"78" 0.375 0.297058223466642 0.285714285714286 0.107142857142857 0.714285714285714 0.740960284528749 0.269317394149673
"79" 0.2 0.442954598026941 0.4 0.08 0.666666666666667 0.671591672263264 0.363415316449801
"80" 0.176470588235294 0.442091897628222 0.391304347826087 0.0690537084398977 0.7 0.690539607378909 0.349224521322156
"81" 0.25 0.538614961163905 0.5 0.125 0.5625 0.56546871073134 0.467860534499314
"82" 0.125 0.336250000263507 0.275862068965517 0.0344827586206897 0.91304347826087 0.929985385943935 0.0849356017000582
"83" 0.157894736842105 0.518146828431662 0.448275862068966 0.0707803992740472 0.727272727272727 0.721500721500722 0.320733194639699
"84" 0.142857142857143 0.472334187174035 0.4 0.0571428571428571 0.75 0.767852572306117 0.272995978576555
"85" 0.15 0.506361272000807 0.433333333333333 0.065 0.739130434782609 0.748997664889633 0.292051984223626
"86" 0.2 0.616807442659208 0.555555555555556 0.111111111111111 0.571428571428571 0.559023572160626 0.488580181661908
"87" 0.142857142857143 0.517339886093854 0.4375 0.0625 0.75 0.752413994900305 0.291233390946306
"88" 0.125 0.304485707563976 0.25 0.03125 0.91304347826087 0.918996980438493 0.0982841176279375
"89" 0.130434782608696 0.374145921381463 0.310344827586207 0.04047976011994 0.869565217391304 0.861771802826612 0.165966610489235
"90" 0.15 0.506361272000807 0.433333333333333 0.065 0.739130434782609 0.740450368047389 0.302039792972535
"91" 0.15 0.483223334997134 0.413793103448276 0.0620689655172414 0.739130434782609 0.739741525608111 0.302868281591115
"92" 0.157894736842105 0.495087355458449 0.428571428571429 0.0676691729323308 0.695652173913043 0.694896851248643 0.351520723991962
"93" 0.166666666666667 0.456762537229802 0.4 0.0666666666666667 0.714285714285714 0.705119165138908 0.336136759545655
"94" 0.15 0.372806941645926 0.32 0.048 0.80952380952381 0.799849440105392 0.232705941808825
"95" 0.1875 0.513101662482695 0.458333333333333 0.0859375 0.65 0.639732296638945 0.402737001012178
"96" 0.136363636363636 0.462336444968835 0.387096774193548 0.0527859237536657 0.791666666666667 0.800640512409928 0.236928829031299
