"quartet" "cluster" "phylo" "mutual" "shared" "clusterNorm"
"mb49" 0.977684609142548 0.220608100029477 0.952878297574222 0.190319374634433 0.0959431575599776 0.0976724013521256
"mb50" 0.786742983751846 0.235678568912644 0.576152098338695 0.179661513973905 0.103563327519173 0.13894695717614
"mb51" 0.705432478490378 0.206838335851645 0.287301242538825 0.153289009999987 0.0931343859318208 0.120241346043056
"mb52" 0.729583623973815 0.185635676736841 0.548492628052603 0.140984859844079 0.0916412079636701 0.0971556572952663
"mb53" 0.845111326234269 0.235226532414285 0.738065877016773 0.195461678169797 0.0943450025662726 0.114596640608755
"mb54" 0.802989731243551 0.201257065185426 0.597184905081471 0.159045455733168 0.100705388385929 0.114572390465432
"mb55" 0.729385925814938 0.214753443736137 0.105978528292677 0.149336560003964 0.071623485918573 0.174444870411026
"mb56" 0.727182276337384 0.220537657172109 0.117848827204848 0.148961293698422 0.0795356479251432 0.181472011543106
"mb57" 0.784935494919511 0.198315678070864 0.668715196545979 0.158398929791381 0.096968175431866 0.0959504843424525
"mb58" 0.84101594567029 0.208349654533644 0.764409765611363 0.16937622264996 0.10795379750572 0.108159327880394
"mb59" 0.825469623672803 0.235558149119227 0.76171428474093 0.193543828111587 0.0949260617980123 0.114982586472569
"mb60" 0.804135739642033 0.198957233399574 0.680728639854718 0.159262741221733 0.0998517981736663 0.0972955698300704
"mb61" 0.732572346949193 0.20981970190291 0.351616484964645 0.146345003967809 0.0959097893938785 0.151060952366156
"mb62" 0.810840073880644 0.236741521115314 0.74100474849384 0.191285407264986 0.0926059789099505 0.116350592781763
"mb63" 0.758383890538273 0.183819300455637 0.593664844709248 0.140812410658894 0.0849799212594264 0.0800818457691154
"mb64" 0.752972529725297 0.193068176818627 0.717501934559492 0.155254825522345 0.0718759740234636 0.0657885278108009
"mb65" 0.781008579525603 0.203189700875212 0.558007081518192 0.156569754144515 0.108389965060519 0.116801785062908
"mb66" 0.726053285968028 0.210344139344907 0.434920395558165 0.147466243602429 0.0807498259137766 0.124814740360911
"mb67" 0.817095890410959 0.2021991644078 0.682063795573183 0.15596733621239 0.092443593204525 0.101230439035577
"mb68" 0.739862098116398 0.196716194391291 0.556817349253768 0.151602322624696 0.0847189593110922 0.0948237692340625
"mb69" 0.782896502370516 0.171201661742582 0.783039869107632 0.137680233551157 0.0664929495693434 0.0388137373628585
"mb70" 0.729574352816743 0.216960258624855 0.105984842748146 0.151033979089682 0.0658705314813234 0.17749533986682
"mb71" 0.760622862052754 0.202260800403061 0.509494119592459 0.154033307441255 0.107070750234135 0.125425127503326
"mb72" 0.71568668958863 0.205974190888028 0.140314163484968 0.140541456117394 0.0644174759667765 0.163209350060346
"mb73" 0.730723485835536 0.215369463158602 0.105981437266069 0.149984412130772 0.0672449080892165 0.175507554593702
"mb74" 0.736923988739072 0.208720701297593 0.45729076395104 0.166009306270541 0.0777165725840821 0.0800264877430472
"mb75" 0.814526382708201 0.199261953144092 0.790063025571519 0.166342283345828 0.0769426406027758 0.0723372116643076
"mb76" 0.818202063692376 0.190017560363102 0.811513190296887 0.158605266144836 0.0768173364732488 0.0622567289547782
"mb77" 0.787903956508608 0.182130832884426 0.743774447834229 0.145755528448495 0.069467180882321 0.0517449683335271
"mb78" 0.806255107347151 0.184542509614531 0.797592211102556 0.15411364433622 0.0753034373774745 0.0546475442747087
"mb79" 0.69164450757263 0.172720020716813 0.496435664541571 0.128226813305147 0.0761480013119783 0.0822793460889282
"mb80" 0.766891719093653 0.187168824289203 0.61163476428206 0.141324170487057 0.0822222826906879 0.0842978769387848
"mb81" 0.639770648446034 0.165688186734962 0.20157808227581 0.116317002538249 0.0721925253816051 0.107396892360943
"mb82" 0.645117680745796 0.18050380510003 0.238259767628375 0.128167256214355 0.0800853680879786 0.101605501535209
"mb83" 0.727229880668434 0.215564944101649 0.105988765734475 0.149384038020514 0.0585426046844297 0.176252697589938
"mb84" 0.628793706184374 0.163784869456528 0.153750643551062 0.110084581065344 0.0670104691716108 0.113184667045848
"mb85" 0.774417605499332 0.187049233331117 0.667003508727118 0.150545228449586 0.0903597851979976 0.0835505263439478
"mb86" 0.7097371762971 0.198897707605797 0.235051449927945 0.136186591798572 0.0759368936739956 0.150404900908601
"mb87" 0.766853518218026 0.177529002769004 0.734727455660339 0.144160437478116 0.0687370807267792 0.0465878450927679
"mb88" 0.757761502052536 0.208346216162295 0.491328721898735 0.157069652672413 0.109551068527159 0.139395101190467
"mb89" 0.66844455934227 0.17553707139687 0.278955982360481 0.121005176828665 0.0728120395942189 0.114235597893338
"mb90" 0.783828259406089 0.190421305276911 0.707206537706214 0.150905810101055 0.0726381227167084 0.0611229567055655
"mb91" 0.718922765865206 0.211296318405373 0.106004033441711 0.142888653646362 0.0569723183336811 0.171901895743713
"mb92" 0.690456562930787 0.189288375194736 0.234190224913812 0.131148215366169 0.0757298015972933 0.140221026159842
"mb93" 0.798067036808554 0.18031845339652 0.819229606231057 0.150610542467673 0.0741723830116773 0.0510277542906637
"mb94" 0.67022297045984 0.181985577886605 0.411392918778929 0.127288555825292 0.0692641216999255 0.103388762268924
"mb95" 0.834278423589453 0.199345884932615 0.797650936786366 0.168561352255182 0.0809176400105737 0.0718089627115661
"mb96" 0.727697622434465 0.180555017470396 0.722723640568591 0.148630270355995 0.0710783760098473 0.0500956152232024
"mb97" 0.656774715759355 0.180939536974121 0.238259767628375 0.129496855731993 0.0829494127580652 0.102083184190633
"mb98" 0.708030347877652 0.208027857526499 0.119231061887215 0.138100636380821 0.0673645716059465 0.168114257022186
"mb99" 0.738486468967752 0.163628194999841 0.655373531007406 0.128302041927043 0.0745203008519582 0.057167702314186
"mb100" 0.824652447152923 0.194723129075392 0.71070066252893 0.158215158622454 0.0964245814589113 0.0928082455585852
"mb101" 0.794584939362602 0.160074990054259 0.811687302132508 0.131431909267168 0.0614998398600734 0.0275912319626416
"mb102" 0.703066454269619 0.201066718055963 0.106136524844764 0.136685195304323 0.0722607001023242 0.160065333538817
"mb103" 0.887365825355381 0.195002764692752 0.882253781214095 0.16529698374019 0.0819750911196292 0.0680282637265811
"mb104" 0.623927164850903 0.164546600781223 0.213484475694638 0.114021616871391 0.0768079140236837 0.0977537854309219
"mb105" 0.640900259368405 0.16647264807045 0.14183457256507 0.110613844304505 0.0602811169912593 0.117819181947912
"mb106" 0.76484087610948 0.169745332688083 0.609270787064653 0.130391428466967 0.0856191303491056 0.0794467555611207
"mb107" 0.784329758068395 0.189280414838776 0.631296291362461 0.149356796517531 0.0876285216894729 0.0860657649071686
"mb108" 0.635568050515078 0.164338449794979 0.213704865931358 0.116180382207303 0.0755623177657361 0.102172984032247
"mb109" 0.731920865174881 0.183100242037057 0.576115572852692 0.141260711057707 0.0861625793716854 0.0946199953752015
"mb110" 0.634935497584111 0.167897290033222 0.189534263879607 0.118461241722562 0.0811063875390738 0.112853173768564
"mb111" 0.68486789357867 0.190856271727779 0.117880109077855 0.125645115163291 0.0637219164056487 0.14931381950132
"mb112" 0.788087728306316 0.185246560800975 0.655033385239587 0.14759870325004 0.0894684811353117 0.0815183512613256
"mb113" 0.83573775174975 0.183998406544233 0.79510311481544 0.152909910673655 0.0714417092040327 0.0552881569033134
"mb114" 0.745769030045478 0.180352390669813 0.714268554150835 0.146332691757283 0.0694424920809103 0.051067044586491
"mb115" 0.630955810655084 0.167110680130082 0.14183457256507 0.114436207359783 0.0729702620459007 0.118494456302145
"mb116" 0.695087945087945 0.155732967882036 0.737873968078261 0.122621464814895 0.0549506898406604 0.0223573458471503
"mb117" 0.635952834456987 0.16181199362382 0.362493543617927 0.113055172118335 0.0713186133051333 0.0945625641747764
"mb118" 0.611037611037611 0.163979144348067 0.213846199296441 0.114844958895147 0.0733840423740267 0.0911917744867013
"mb119" 0.687543093541715 0.14903451066684 0.725895084063116 0.113640419086759 0.0526223391511721 0.014644990967822
"mb120" 0.692712325617047 0.195654220128529 0.10739862202092 0.130585297143524 0.0683267526389359 0.153846078812561
"mb121" 0.646022371454078 0.171919797919451 0.129937971319335 0.115516782040419 0.0650714550939243 0.125070508640312
"mb122" 0.665057925718135 0.164445928943833 0.418742022202136 0.11578558461797 0.06791508239649 0.0835683092957376
"mb123" 0.646978870628939 0.166223238435299 0.189534263879607 0.114962454504729 0.0685908561259789 0.111068382607261
"mb124" 0.6801928445562 0.172607893326427 0.455903706437422 0.123369849320835 0.0766533642237144 0.0928559207927745
"mb125" 0.755156431054461 0.155395915643876 0.749735400725785 0.120270407070732 0.0544107283720267 0.0219670467685801
"mb126" 0.659519130648218 0.177014325985801 0.119450888429246 0.118017991631935 0.0661508274435401 0.131680465274882
"tnt1" 0.765643794947918 0.213484674864461 0.530762611802676 0.164784575167363 0.0991250558282044 0.113663775782978
"tnt2" 0.691112012244902 0.193459604187545 0.11785186636004 0.129160373342278 0.0630550147828076 0.15248667172162
"tnt3" 0.680146262741814 0.188450269634337 0.199700517862414 0.126521881901356 0.0685448266964987 0.137252561132594
"tnt4" 0.700252091053335 0.196350339665371 0.129418000692017 0.133166418063216 0.0567291999891119 0.152060206173368
"iq1" 0.646073038520974 0.156652419196611 0.388803500321376 0.109284177190178 0.0711302219303416 0.0828043773078884
"ufb1" 0.532976643687622 0.13782109931612 0.658541769248728 0.104507456509515 0.0462274352893092 0.0018271718138556
"ufb2" 0.630588801760902 0.157774558143239 0.412594348640998 0.116205934994357 0.0690943267176402 0.0768438471027327
"ufb3" 0.583004300002376 0.15901290888715 0.305064042995103 0.108826296681102 0.0734557359985082 0.0917724073285604
"ufb4" 0.676348267029526 0.184292897494682 0.1644284041281 0.125776726888667 0.0616074473369848 0.139340553205345
"ufb5" 0.686118053806427 0.1931650917857 0.152612778627098 0.128701215633305 0.0627654695229021 0.152177197841325
"ufb6" 0.6111182948086 0.159531740641632 0.279524391264691 0.11337408862284 0.0723395843813349 0.0922182502480892
"ufb7" 0.616962886414498 0.165364185620282 0.31445223695395 0.119553199553859 0.0740064993223032 0.0925100664003394
"ufb8" 0.772937843692718 0.163502583785399 0.678975189485909 0.126644291619714 0.0743424994397977 0.0570261022396497
"ufb9" 0.807678481558703 0.183123825870706 0.794924822967259 0.148607169967079 0.072354064227075 0.0534102344864828
"ufb10" 0.746910140816533 0.19255063850502 0.470113994366879 0.139713980378858 0.0883500618075305 0.114747424703148
"ufb11" 0.698495839855475 0.201484644483961 0.164495673141685 0.135592455951352 0.0760670342954118 0.160487866223747
"ufb12" 0.682454131727133 0.188180963897317 0.199127398179348 0.127602974698236 0.077498104797513 0.143462213295448
"ufb13" 0.656614842919426 0.168651198429505 0.248199532747717 0.115971162112295 0.0715267209562763 0.116174820197825
"ufb14" 0.666460025651988 0.178196047216963 0.397032613759526 0.117480219153404 0.0718642324430831 0.106439756660139
"ufb15" 0.622455186624214 0.15841962012432 0.350155053239812 0.107430417917076 0.0647056935665943 0.090976695681974
"ufb16" 0.753073684797457 0.184520200449945 0.634999378755016 0.141594585228805 0.0740598083099589 0.0813140464149637
"ufb17" 0.617431688903882 0.159784133301104 0.280036723375668 0.106613633624032 0.0645695556448195 0.104156211627305
"ufb18" 0.655608463470499 0.166985793082528 0.236539145238439 0.114357315286706 0.0668766896658636 0.116518071318132
"ufb19" 0.642701887702792 0.16308207742925 0.239042931914782 0.111606897499219 0.0635493855151756 0.11026177017288
"ufb20" 0.695260688126613 0.156393194945376 0.561836546146462 0.11638578268493 0.0725442327349508 0.0646424380388371
"ufb21" 0.711526792477418 0.207208132568242 0.152615481317517 0.139369438262409 0.0683483928396781 0.167247677112295
"ufb22" 0.659812441877279 0.173830507503334 0.175951118776818 0.114803312168076 0.0594675907600162 0.130145667052313
"ufb23" 0.622145925206109 0.160342885941705 0.221582487769297 0.109041800684532 0.0650507653475272 0.107382325305361
"ufb24" 0.665077439557649 0.168168737468909 0.397469552466734 0.117625817041427 0.0755371779726484 0.0956848660626088
"ufb25" 0.683042131152777 0.171440157161092 0.374201170634083 0.118405657348392 0.0780495148225101 0.105180818155288
"ufb26" 0.632641401637783 0.147285157822269 0.729282360165936 0.118423392874248 0.0545062522271158 0.0127840231560869
"ufb27" 0.730296212339079 0.177111377416058 0.547168196673675 0.12666750231533 0.0783483802473296 0.0877690842376225
"ufb28" 0.671751916141081 0.18380964811182 0.17799920652631 0.119768629887715 0.0627392802414278 0.141354385302663
"ufb29" 0.653683620131551 0.172656000692989 0.187712115454245 0.11569452575914 0.0672898967353929 0.127026332330619
"ufb30" 0.645146530347145 0.165604121552046 0.199547227788402 0.109235420095013 0.0647187020856203 0.11830578739214
"ufb31" 0.688661913670762 0.170215751575798 0.448130488257401 0.122683228812436 0.0642218540884298 0.0797196733406212
"ufb32" 0.646516833608429 0.15696409812603 0.393908159284761 0.107320753406353 0.0667165999416227 0.0753776743784315
"ufb33" 0.723877419729954 0.212046913337364 0.105981437266069 0.147770768979733 0.0696931860908743 0.172016207904437
"ufb34" 0.648864601018676 0.169055146838075 0.375673177978463 0.114723167454595 0.0749042214552242 0.102722956310067
"ufb35" 0.618394005036011 0.157500123344348 0.271543469589077 0.106219094593428 0.0648875120022692 0.104261646796225
"ufb36" 0.731097058014847 0.216063988853187 0.646877418199365 0.171446552239345 0.0795201068370265 0.0924115346099315
"ufb37" 0.654583221656392 0.173459767992473 0.281900214483186 0.118438794516145 0.0691456636075085 0.107333193026158
"ufb38" 0.669622939813311 0.156531581105325 0.491584924406034 0.112137588465172 0.0747121220340321 0.0752300196882903
"ufb39" 0.736827195467422 0.178943468935031 0.547319415106949 0.133913873070227 0.0848280954208304 0.089838197708349
"ufb40" 0.614064585001334 0.155078237067263 0.279482011368717 0.104018364374847 0.0675746945172186 0.0990908711490408
"ufb41" 0.646669321707051 0.169442536622032 0.221912454329895 0.116385747460245 0.0704952419292411 0.119157571669246
"ufb42" 0.693514881035757 0.192206316632403 0.152633837109079 0.130033370502231 0.0639740018213101 0.151162054582798
"ufb43" 0.668806116722783 0.175902705145181 0.411007103833084 0.121344492187296 0.0780689631183629 0.104276789247827
"ufb44" 0.628760978216103 0.158846389361086 0.256383805245698 0.10638782411855 0.066327428450055 0.107827499022739
"ufb45" 0.630569635404199 0.164455798641023 0.315040155423351 0.117823764306241 0.0772772113278586 0.0975366783229104
"ufb46" 0.722861753730652 0.213161477808786 0.105988765734475 0.14652466720777 0.0635948445717526 0.173728780714611
"ufb47" 0.723479484904038 0.214799171097653 0.1059932391301 0.146857417956213 0.0620366798554259 0.175581013631793
"ufb48" 0.708274909123565 0.202537989047977 0.154393777113031 0.137558600834767 0.0662004444213597 0.16234213629574
"ufb49" 0.629524103914954 0.154748233610109 0.31926829408498 0.108080468820214 0.0697148646502642 0.0916598142831725
"ufb50" 0.633345796277081 0.162253020490693 0.209939979296415 0.108364065257945 0.0589854980196907 0.11156012438804
"ufb51" 0.620177372299947 0.15828271014111 0.233187643764877 0.106879731325136 0.0593082713546329 0.10519220590805
"ufb52" 0.702954746245214 0.162124428817599 0.746970344027147 0.129507918777365 0.0599267739045832 0.0282865545881017
"ufb53" 0.731933526934363 0.179642532818289 0.529672471550028 0.137069264734125 0.0774789161251399 0.0907877739086583
"ufb54" 0.664092718998862 0.168328481767055 0.421037220013125 0.11897433861713 0.075833350392498 0.0958585301130971
"ufb55" 0.691349023620704 0.172929189314526 0.339019867569136 0.122881484040425 0.0771864554055877 0.106828963773442
"ufb56" 0.672226762165713 0.181366701194285 0.175961676787606 0.120010291877083 0.0612932633213111 0.138774597186735
"ufb57" 0.698629337432026 0.18447543057788 0.481704985358975 0.128930156270859 0.0790126512302112 0.106117846063712
"ufb58" 0.624333399170452 0.157203288617633 0.670322194855173 0.122679012451752 0.0531818994171312 0.0242665688997565
"ufb59" 0.65474427027069 0.170113717068123 0.189934707448078 0.111860164298116 0.0626723198922002 0.124327161834151
"ufb60" 0.640820394013985 0.165141346078852 0.189908157013121 0.108503254700149 0.0598240270409224 0.11782194398656
"ufb61" 0.709426583138042 0.207357677894115 0.152615481317517 0.140374414795751 0.0704866180283966 0.16740476022908
"ufb62" 0.648229476005985 0.175985386926362 0.187219144008647 0.118913346846139 0.0717118811542442 0.130615692315979
"ufb63" 0.668557271754091 0.183568138784325 0.166013998914682 0.119466987526506 0.0608721688433539 0.141102790588779
"ufb64" 0.65841504581257 0.176113122802534 0.17798323711465 0.115542798084135 0.0587179283343013 0.132563863591816
"ufb65" 0.644329865931121 0.161714011012842 0.280585196768987 0.109071594183804 0.0714926675658401 0.106126990877053
"ufb66" 0.708836637787404 0.176576160901511 0.499585016254663 0.128555018962894 0.0827899270727937 0.0973300769901582
"ufb67" 0.72705069124424 0.203747762509212 0.375081935741612 0.146028710922006 0.0996386280691517 0.140066803733986
"ufb68" 0.618919389232825 0.158347539174471 0.291977548355067 0.106249021163182 0.0668031974359424 0.102585052997784
"ufb69" 0.71929943954745 0.20664787654299 0.118706066353542 0.141265378451612 0.0566819332558453 0.164722871273718
"ufb70" 0.630122867997737 0.169140733144222 0.313125084254221 0.117765435860165 0.0810617311980911 0.0968027521590291
"ufb71" 0.657760931866506 0.144394365143766 0.788068413641078 0.118964939079349 0.0569521626091555 0.00943725753550404
"ufb72" 0.712963870621279 0.196864415529219 0.356548227334983 0.136575420464955 0.0886607673761342 0.132714158316683
"ufb73" 0.611615702896357 0.157614052911002 0.25667662006118 0.108119136559058 0.0647689562494397 0.101889694059758
"ufb74" 0.593236544381221 0.155070260502361 0.256397999253369 0.105212234806909 0.0637914365171174 0.0960371179921591
"ufb75" 0.603456755427528 0.167574937438524 0.278173917558073 0.112706415419953 0.0704686144764982 0.101024231500141
"ufb76" 0.654088858996677 0.177211105276957 0.387819175851531 0.121680989041665 0.0656528861966029 0.09815554671633
"ufb77" 0.614009913370751 0.15856677003733 0.268120031283204 0.111268121171846 0.0693338532087814 0.095971944852378
"ufb78" 0.692810756425501 0.171624097315461 0.49347150512114 0.123841128595069 0.0690832268875231 0.0819008436557503
"ufb79" 0.693692342308558 0.186380945561742 0.698776791811974 0.150967054581494 0.071812758448403 0.0564373084690823
"ufb80" 0.718187867417136 0.20585003993252 0.107202428333146 0.142612218800191 0.0597595184872906 0.164538309801066
"ufb81" 0.691770995675464 0.171137363276122 0.481868650239833 0.128381490813915 0.082971095788955 0.0914982248087803
"ufb82" 0.639400281127132 0.16655990778581 0.175882537904166 0.108753005560441 0.0558458899610163 0.121648277423583
"ufb83" 0.685394412489729 0.151229208478997 0.631433284032345 0.115943332757131 0.0660073402391344 0.0431904676913371
"ufb84" 0.661646485873445 0.166252716382069 0.442816809239053 0.119437843787682 0.0671425076812939 0.0753244304451655
"ufb85" 0.642047683389269 0.16607754968908 0.389845661318512 0.116703725379497 0.0708732402369975 0.0932631254657307
"ufb86" 0.622350774789799 0.162440322072446 0.310789516318641 0.108838327450341 0.0696214560660729 0.103861190477226
"ufb87" 0.693591150854581 0.197527945527819 0.154409012471747 0.130625304314105 0.0651416053041014 0.156761688233836
"ufb88" 0.647597351930492 0.169964740767122 0.177962529364538 0.11152587225885 0.0571138887065585 0.125236586819972
"ufb89" 0.722964541956951 0.181373356846445 0.590884310085269 0.137949775804533 0.0811179230745768 0.0772492251610639
"ufb90" 0.705447371195349 0.175562181098201 0.517041396578194 0.131466160950779 0.0769888227268425 0.0862654701336922
"ufb91" 0.813235531194583 0.179083543590615 0.752843211378825 0.142680555390519 0.0667661998511346 0.0495980586526268
"ufb92" 0.62803307341269 0.158143117998492 0.31541281430669 0.108635762575943 0.0663822020403449 0.0953764775291406
"ufb93" 0.71363998290013 0.200254483566461 0.0822956840046744 0.139600211385408 0.0456135878949134 0.158654274041058
"ufb94" 0.623561435026403 0.154399258856166 0.383071005683848 0.108298609243214 0.0627523841103161 0.0725491698129386
"ufb95" 0.648146205844038 0.170276830804075 0.187219144008647 0.115956100113133 0.0650727400977676 0.124592826903753
"ufb96" 0.707982027421681 0.202408583411157 0.128549663828768 0.135642279929875 0.0545028877402342 0.160256392023282
"ufb97" 0.689753949067788 0.19215587812642 0.201531242265652 0.132334841916557 0.0767522918210319 0.148651777151444
"ufb98" 0.626637970959218 0.160141124103811 0.33042880029669 0.109935950686901 0.0642943495634718 0.0928361582755113
"ufb99" 0.625787651724289 0.156109885645867 0.294945886781131 0.105020692234628 0.0648470626125296 0.0931841589664657
"ufb100" 0.64274395946737 0.164976681585246 0.18878498021695 0.109426671275048 0.0547491991851641 0.117714929550012
"ufb101" 0.65057355408644 0.171630575895289 0.176934113290964 0.114530499531913 0.0584964496529561 0.126004519313028
"ufb102" 0.739290940534788 0.162803344840243 0.679042907185221 0.128696991531267 0.0739931912899079 0.0562378582345896
"ufb103" 0.633730834752981 0.162226049971301 0.268378208953985 0.11356156115648 0.0717262453211844 0.103692864699844
"ufb104" 0.631876934774344 0.169450140915631 0.324925926187481 0.118484650360321 0.077412856650026 0.0971390982271837
"ufb105" 0.677588897101092 0.194005911867232 0.443525654265514 0.143258085356571 0.0769340823496041 0.0901144002102775
"ufb106" 0.59822012571644 0.151861388270038 0.221328608114633 0.101989411310931 0.0635298520139134 0.0957564870439939
"ufb107" 0.60070390741113 0.156703656534142 0.225724737002831 0.105305378869833 0.0641581612355737 0.0978201559503547
"ufb108" 0.586300568539227 0.156141708424736 0.243420019833097 0.104908398515354 0.0634208074411689 0.0934107682892936
"ufb109" 0.722914669223394 0.183792532653541 0.715903148419552 0.146458230130906 0.0660004687477436 0.0528850926263562
"ufb110" 0.659527038375213 0.179376954628316 0.187282773335171 0.121960488340689 0.0696386601944914 0.135216241671158
"ufb111" 0.664885260658007 0.178648236767391 0.177962529364538 0.119694226827961 0.0664174844747436 0.134370352777585
"ufb112" 0.759577851669799 0.181590628856229 0.710600964244722 0.147321938490521 0.0673245702178687 0.0512961006948327
"ufb113" 0.677667411732506 0.184989061786276 0.154422593998216 0.123598060074873 0.0611608256306393 0.143155260578554
"ufb114" 0.720738947298597 0.17407302845418 0.528975789938584 0.130520177947887 0.0793982299163191 0.0846150240237654
"ufb115" 0.62908793901443 0.161166257019053 0.175854085601188 0.106327037597999 0.054422879881805 0.114907333010357
"ufb116" 0.646728116780768 0.170721061077889 0.248199532747717 0.118926287319461 0.0757412895301789 0.118415093803993
"ufb117" 0.637479083987134 0.164284057017099 0.221728406275377 0.11344341463402 0.0696840076535306 0.111539610164042
"ufb118" 0.635027221180563 0.159512058478918 0.245238821122557 0.109804866382642 0.069196996511119 0.103873895137687
"ufb119" 0.639373550765956 0.158337909640408 0.386023181838604 0.111632953070631 0.0690479399056143 0.0910307932559212
"ufb120" 0.662997362198339 0.163816690016333 0.350825864638275 0.113365135577699 0.0685782530719029 0.101696421057865
"ufb121" 0.707967028259044 0.193995855437475 0.351406330460734 0.134862168770241 0.0875875344424382 0.129534979491564
"ufb122" 0.625052421114166 0.160318195482535 0.221655805524013 0.106269036465096 0.0602803886254867 0.109508221210083
"ufb123" 0.685844752472113 0.185633216676891 0.234053742846671 0.128711879084303 0.0749556169204622 0.134263140709813
"ufb124" 0.664833828247687 0.177031178924233 0.152545793519058 0.120218495469327 0.0571901257182797 0.130444198358793
"ufb125" 0.65648345837066 0.175903925771632 0.16405659213018 0.114781225186675 0.059116676846377 0.132343608761625
"ufb126" 0.622439804176241 0.151870038852828 0.693825008789522 0.116990666675854 0.0521549478076815 0.0180920904974942
"ufb127" 0.659276080851506 0.161170669378741 0.436130765330264 0.115808836266469 0.0614422516659194 0.0695066411933206
"ufb128" 0.630021710958143 0.159642513823196 0.235960149701375 0.111061457047674 0.0630343388805925 0.104012986293848
"ufb129" 0.629669271112063 0.163002955921953 0.291784915227042 0.115351988831008 0.074466865252005 0.100738141806267
"ufb130" 0.790472700622939 0.183154204892687 0.811571227575427 0.151630412062841 0.0740499848635877 0.0543107969268463
"ufb131" 0.662815491487762 0.175086771126619 0.224694237979571 0.120629899586783 0.0731931183333198 0.126884562467275
"ufb132" 0.665875221015408 0.178067820800142 0.179157883231758 0.119891678849639 0.0605860277459285 0.133805048378697
"ufb133" 0.700324539506602 0.19500912304555 0.285391066674758 0.134710575539099 0.0781517940639537 0.138798754255852
"ufb134" 0.671429928966812 0.182885730635519 0.308842452618677 0.126504030883313 0.0743598618114578 0.11165451587452
"ufb135" 0.660748778248066 0.175153568879502 0.239240132962764 0.12066894107017 0.0775038259225492 0.125207650475296
"ufb136" 0.610603883038491 0.160603508000036 0.291330867543205 0.113625404371601 0.0713641131392701 0.0933758559483713
"ufb137" 0.703668320969175 0.197786781463689 0.129351781361469 0.135620846329027 0.0594555167230466 0.154582104850418
"ufb138" 0.681955501052363 0.184955855736358 0.152650898426079 0.123007445797536 0.0601982920940523 0.143110468764346
"ufb139" 0.660803979660941 0.174404588639401 0.164113662017507 0.114913641659348 0.0597921521009187 0.131450257707437
"ufb140" 0.613174699829812 0.15439539208758 0.186758855330901 0.102177978860617 0.0609111183865614 0.104920584390414
"ufb141" 0.629913741260507 0.153199728276634 0.302793062370768 0.106273158483881 0.0706284718370389 0.0899957306596628
"ufb142" 0.676294273733698 0.187189197217066 0.177573209035737 0.125108582111643 0.0672790768817963 0.144275193932093
"ufb143" 0.641867901902231 0.164086939470257 0.271683151216988 0.114768624911456 0.0732484642932323 0.105683769926561
"ufb144" 0.713633185962307 0.206608189704363 0.140737051130219 0.139371470311906 0.0526454153993392 0.166979602897347
"ufb145" 0.641092206876575 0.168567185791509 0.350059115916493 0.110939848044426 0.0679510379755354 0.101937471258675
"ufb146" 0.697570181646615 0.166966632726204 0.493503436648437 0.119304082706692 0.0801821695433949 0.0866490430240825
"ufb147" 0.656716632414021 0.177714693130796 0.192191736960397 0.117039282927293 0.0621216217049759 0.134261891968718
"ufb148" 0.648395187688645 0.171367666586946 0.201886144331874 0.113398401062947 0.0595090835047034 0.126729228566064
"ufb149" 0.812223703599747 0.17977090606528 0.79504368419938 0.149209383407401 0.0703549187865362 0.0503938407632554
"ufb150" 0.661657189277011 0.150649032948991 0.74088867393676 0.118804152658423 0.054374094437687 0.0166784918634998
"ufb151" 0.629364932582983 0.163265601171861 0.318603621680613 0.106244581137983 0.0665044763178569 0.100880879608831
"ufb152" 0.706733361289163 0.175766916439948 0.493546228937072 0.128186592175312 0.0751425302158969 0.0864923808199193
"ufb153" 0.65521546803653 0.169808298652435 0.375640927155529 0.111844257331697 0.0700790970992035 0.0976526911159766
"ufb154" 0.618745047528884 0.158440444459832 0.268294360579637 0.102322779352409 0.0625421752814007 0.102684113590629
"ufb155" 0.691454102495674 0.197634134815525 0.154409012471747 0.131322143420427 0.0669246961146163 0.156873272026935
"ufb156" 0.705034270281864 0.195890628464103 0.14023166376039 0.13484595941467 0.0601589107420486 0.151574466610174
"ufb157" 0.636225198787077 0.159148884926851 0.339023863700572 0.108848203348599 0.0706758254856102 0.0964572318009998
"ufb158" 0.756909702288198 0.188034812321827 0.541967811895881 0.137544941207022 0.0862424932232858 0.0999165473594806
"ufb159" 0.638144341502403 0.153804919768597 0.406087281168218 0.11058079164855 0.0644030273245907 0.0717619961362242
"ufb160" 0.60819882411495 0.160760054355242 0.279096564587452 0.112416256334812 0.0774893305211846 0.0983724339276031
"ufb161" 0.678993581289698 0.189142633273327 0.163711835649684 0.125539059583871 0.0703829872094082 0.146317146957393
"ufb162" 0.705847046466263 0.172491871028871 0.535319220622078 0.121840823036507 0.0722239093940863 0.0826864392657048
"ufb163" 0.625048757136272 0.160189399524967 0.259746871816957 0.105908012639224 0.0644487924542204 0.107120861241336
"ufb164" 0.687660303451727 0.191735450933352 0.165681932870529 0.129466607167935 0.0652047259221128 0.149713990524446
"ufb165" 0.675529805634511 0.183673588053057 0.199198968715368 0.126841543351044 0.0747555209378532 0.138690188176153
"ufb166" 0.763454277852435 0.177426030433785 0.618817687069709 0.133504823634973 0.067604898937037 0.0730590474599607
"ufb167" 0.647712046160138 0.172077756068653 0.16405659213018 0.112623271563736 0.0579159976187747 0.128315194235005
"ufb168" 0.628865209148557 0.174187336283977 0.311784072830967 0.124424449407442 0.078548692806875 0.094680904606776
"ufb169" 0.608115844418252 0.142549342520778 0.58793496193685 0.107237107107154 0.063647325303913 0.0340314065988536
"ufb170" 0.636042848141147 0.144317944120443 0.710600964244722 0.104441087508618 0.0483832664195549 0.00896912872966837
"ufb171" 0.67765916065177 0.18558523119687 0.458565010831151 0.137304785719874 0.0714338719047034 0.0973741392895218
"ufb172" 0.645369187177065 0.169464076238831 0.248199532747717 0.11849125402663 0.0776305160308428 0.117039008459873
"ufb173" 0.627492645740506 0.164502795124927 0.256617523741229 0.116444789105505 0.0764517278695056 0.106128680383043
"ufb174" 0.645993707744829 0.164107393295809 0.424054471259222 0.116327425270233 0.0638545165644803 0.0729451389192506
"ufb175" 0.712003179650239 0.17128706709262 0.600053815634721 0.132538322467316 0.0792426062581556 0.0664823053602063
"ufb176" 0.639485182370821 0.157980413912287 0.307495601062938 0.107878823587256 0.0730659939877009 0.0989840526942758
"ufb177" 0.651069575123413 0.169607432958682 0.200764366998878 0.111954463461658 0.0619163354117753 0.122602648395309
"ufb178" 0.743972133714048 0.204777196788873 0.40906795971348 0.147662812016352 0.0979312023750856 0.141178567907163
"ufb179" 0.636667797522256 0.16265302429321 0.233464726987366 0.108041554932982 0.0649865301318792 0.113677990304691
"ufb180" 0.631786249781181 0.160617572295152 0.199518750132349 0.105753747078366 0.0617741802049796 0.111518988197773
"ufb181" 0.589821195619307 0.14926585012254 0.221670570190913 0.0992295786575743 0.0619340618128316 0.0928385560826238
"ufb182" 0.62766017287608 0.163532519562637 0.209973454238354 0.110076466491966 0.0630281492120608 0.114707436465059
"ufb183" 0.69184185027594 0.170442776097108 0.499502214617843 0.125368119248532 0.0795000749517265 0.0905913574348087
"ufb184" 0.660665905139779 0.175461113501523 0.192191736960397 0.114991638686392 0.0604633636792239 0.131874335267178
"ufb185" 0.663016643270272 0.176044341885209 0.175447946002333 0.118845417828268 0.0626133231288961 0.131704288906374
"ufb186" 0.703100012932972 0.203245896522101 0.152615481317517 0.135831692438629 0.0694081296390296 0.163085725650883
"ufb187" 0.650955460019957 0.171058027447324 0.175951118776818 0.11117671850961 0.0601591145080002 0.127226588326175
"ufb188" 0.640381430771417 0.165597794205025 0.187320771918156 0.107703888505733 0.0588874452304166 0.120616379757676
"ufb189" 0.589821004960103 0.147460159150799 0.658245625090277 0.109412496367332 0.0498499473012024 0.0112569016787868
"ufb190" 0.722941507978881 0.167369931000184 0.504861264450964 0.120487443337872 0.0850828231127841 0.0947120145638218
"ufb191" 0.696000233354832 0.194764976493489 0.152633837109079 0.128695009515537 0.0621997213966286 0.153850720790798
"ufb192" 0.614918182145743 0.15815428151228 0.264124917182347 0.110474716249589 0.0726122010927504 0.0907304697819844
"ufb193" 0.632264334305151 0.154517520036104 0.705721508953047 0.122353711701662 0.0551247445252719 0.0211571664094472
"ufb194" 0.638169934640523 0.157523374685313 0.413184559347752 0.113339756960868 0.0682623996687372 0.0759756850444928
"ufb195" 0.66560698386097 0.176222572094807 0.164479276732741 0.116171029145263 0.0565837344206212 0.133375156439645
"ufb196" 0.631144216232162 0.145438087479489 0.582846551991441 0.104911515403925 0.0612820050156201 0.0369367818350943
"ufb197" 0.602948583124821 0.160178359351867 0.278788279132511 0.108347184719303 0.0653707870601735 0.0977474967415087
"ufb198" 0.787767006948615 0.185638860986193 0.777520368544097 0.148181919435283 0.0726021255017708 0.0557149405037909
"ufb199" 0.838707121920304 0.178742222658964 0.833293960412748 0.148890986401537 0.0721930274372807 0.0490324962851888
"ufb200" 0.642303027693456 0.159213590252859 0.421037220013125 0.111672827529079 0.0711288112397501 0.0859493878245464
"ufb201" 0.645701495901969 0.161367260485951 0.386023181838604 0.111663331517959 0.0742287383051215 0.0943023991255013
"ufb202" 0.685429046484781 0.190888416183255 0.167621188682355 0.127572936147 0.0633204439228869 0.148835011767604
"ufb203" 0.687944607796642 0.158593108022152 0.722962713843651 0.125538037093375 0.0562960589995447 0.0241911590245859
"ufb204" 0.643419569710967 0.167780491327233 0.269145689516202 0.112647285315695 0.0727390428847407 0.115167742533344
"ufb205" 0.69044530440944 0.157190904009765 0.515345005065538 0.1120892163523 0.0749860861008681 0.0759528944464905
"ufb206" 0.648761697903498 0.162112971842303 0.362746390097778 0.112556404783242 0.0715950817632892 0.0998661332310608
"ufb207" 0.679482543674544 0.169515205604229 0.374105489268418 0.117684042585056 0.0700567522061611 0.103101929596917
"ufb208" 0.585776735259623 0.141500068555145 0.67839062778921 0.104526842914057 0.0475074337082738 0.00592066504851954
"ufb209" 0.632341187245025 0.16232057514862 0.291681928021782 0.114328507613367 0.0757973837981893 0.100004998234776
"ufb210" 0.641457921418881 0.169480972685228 0.200764366998878 0.115744223967824 0.0673876735269282 0.122469029775133
"ufb211" 0.719862103466316 0.212734742761983 0.140737051130219 0.143342040585019 0.0667370849597717 0.173412166978172
"ufb212" 0.635238353345907 0.165502630832331 0.354223974789511 0.108705304710983 0.0661875050347322 0.098549308276595
"ufb213" 0.628454409789257 0.161451570745289 0.247870382908162 0.106021223788277 0.063040358851916 0.110624992220279
"ufb214" 0.702932598833441 0.148281565202879 0.626104309893515 0.105958983686594 0.0647040553002366 0.0398668149316825
"ufb215" 0.72924473692228 0.175487581790554 0.540536564219316 0.130576342885841 0.0739060217083739 0.0861827908075651
"ufb216" 0.689800220289415 0.191993604217006 0.105682498787661 0.130043213178551 0.040525513422676 0.148476925328376
"ufb217" 0.674225769420281 0.182080966420838 0.164533648397165 0.121911914890442 0.0660112187088029 0.138832380255084
"ufb218" 0.64833571187748 0.171780648553316 0.177936273433307 0.114023643982898 0.0639264889650458 0.126107073352402
"ufb219" 0.685998318621269 0.172678137478991 0.350928281382326 0.119757859150359 0.0730520003684743 0.111216187687109
"ufb220" 0.665168264719617 0.174638414899894 0.269206045720356 0.118632768933479 0.0738862815094586 0.124591236396466
"ufb221" 0.709482585061405 0.156092318586767 0.72290328322759 0.125335950946955 0.0558182499200569 0.0229803624095944
"ufb222" 0.638614965416055 0.165256962049129 0.187143275906749 0.112262465404745 0.0637706832063702 0.118030717585789
"ufb223" 0.636193782470859 0.162695766949033 0.234217430100796 0.113285252079123 0.0715525524574527 0.109883612007314
"ufb224" 0.623068682790161 0.168165939555524 0.280088050084696 0.115507138419755 0.0763244840636943 0.106328859598705
"ufb225" 0.720029711923524 0.172876351015096 0.552470957579706 0.129438133896177 0.0797272452785494 0.0832887317648054
"ufb226" 0.619565814180768 0.156229267128079 0.295395996228603 0.102770044584838 0.0679371278672964 0.0971102112721594
"ufb227" 0.63375723020775 0.162544998178628 0.268664420589558 0.107359550583829 0.0715130731178083 0.109560951425232
"ufb228" 0.646735762033523 0.167119861406557 0.257670121419991 0.110846869594017 0.0747017030646458 0.118389080192859
"ufb229" 0.618126190923486 0.166930368574446 0.256773787497124 0.112133252945975 0.070857970642094 0.108760952202052
"ufb230" 0.622352328407732 0.174081012931963 0.352540393900864 0.118024545826743 0.0590337946863861 0.0947247074844176
"ufb231" 0.71082310340938 0.203621983696008 0.140714464221707 0.137332092469129 0.0535586911861104 0.163889707226631
"ufb232" 0.65526735367265 0.169467132109726 0.191170169603819 0.113387335500979 0.0572421631523899 0.123700890125571
"ufb233" 0.602049696521466 0.156297543634115 0.244267906836763 0.10485990376978 0.0657866163721053 0.100515143354156
"ufb234" 0.618188498989528 0.140939118156925 0.582982216562859 0.100861372899369 0.0596159476731068 0.0319427290831548
"ufb235" 0.666631082228409 0.180518698114549 0.210910142720567 0.124422793873199 0.0771134671838197 0.134131551146118
"ufb236" 0.607707121255272 0.16656058203294 0.313035643973111 0.115986212006783 0.0800321706110536 0.0939979626168208
"ufb237" 0.725788497217069 0.169945096490553 0.515262811106823 0.123257101662862 0.0836671891354385 0.0899364581047557
"ufb238" 0.626424383072443 0.155513477302413 0.334505689669952 0.108979177942292 0.0695661378931926 0.0877540959876287
"ufb239" 0.60545229624177 0.162293291864299 0.27846214927872 0.113443766440549 0.0802724166220591 0.0953203290077978
"ufb240" 0.670544016125732 0.154201068465482 0.462125178710951 0.10636229364904 0.0692312191891195 0.0803939956999981
"ufb241" 0.705786727063323 0.165421761544528 0.445823640702356 0.115510071735151 0.0754530684594775 0.0986034186716745
"ufb242" 0.634002640285542 0.165950620909602 0.276320904593623 0.116106475262253 0.080377149333067 0.103948858063789
"ufb243" 0.641903981424572 0.171429397515054 0.324515429199036 0.123262542550874 0.0819633037436831 0.0992906769417532
"ufb244" 0.700764334602786 0.176262702494037 0.53556336141084 0.128459383002157 0.0713570755042258 0.0717517889807524
"ufb245" 0.614997614607278 0.158748241089961 0.245164490417382 0.107780979539223 0.0663928901604026 0.105687099771395
"ufb246" 0.646699902460171 0.166734443897578 0.328510960420542 0.109986609384101 0.0694426743866242 0.100216997622425
"ufb247" 0.613484302624807 0.142148991530696 0.682044583183077 0.104750770790226 0.0464289106090513 0.00683771476321492
"ufb248" 0.670190488204869 0.167875371490437 0.362643973353727 0.115643710236416 0.0755437615022399 0.106056623002156
"ufb249" 0.676700726923604 0.170571194062464 0.339306959448482 0.117070900229369 0.0716271711145209 0.112691918436779
"ufb250" 0.664833863273509 0.175582825733543 0.269248201607528 0.118506363553458 0.0754246575069729 0.127375986031221
"ufb251" 0.672412510659939 0.177582590141359 0.260631406375349 0.118814606942151 0.0778259959044454 0.130959160984154
"ufb252" 0.705581901374585 0.20140142178313 0.210535892714547 0.13495306694868 0.0778964477318089 0.159851513876825
"ufb253" 0.704504087103286 0.157609224466827 0.658565105951325 0.121981067576369 0.075263870885707 0.0509972493016628
"ufb254" 0.593537793374999 0.153813096327103 0.24493285454687 0.103282529170273 0.0653722181629742 0.0978373018133923
"ufb255" 0.666956156213318 0.169925263331359 0.174058309571666 0.118760844363264 0.0594641687127272 0.117555980329234
"ufb256" 0.689203853024157 0.192644084346201 0.201930040012607 0.129440415351334 0.0740577890562608 0.139216630366111
"ufb257" 0.706232319600567 0.193615934756442 0.281372545276331 0.13053920098248 0.0795512525331778 0.140258496250091
"ufb258" 0.637954914509504 0.160636814804998 0.325901410054821 0.116061739280928 0.0706798710178467 0.0876439008449174
"ufb259" 0.622705029274731 0.159335027637406 0.201827347114749 0.105592369033031 0.0551812917016053 0.111706365999355
"ufb260" 0.630440170776068 0.161949163751549 0.304275800005604 0.108520011289083 0.0705817719737143 0.103300260252425
"ufb261" 0.685421411206242 0.191227565448813 0.164514829475943 0.128907793237069 0.0671459681054708 0.149148505506959
"ufb262" 0.667894698822534 0.182625134552497 0.166433902549696 0.121480909388895 0.0642109150779171 0.139420089208429
"ufb263" 0.613983723806237 0.154095472547583 0.199483269398976 0.100812052094429 0.0583882681110359 0.102784985046714
"ufb264" 0.668150608617287 0.174883672234245 0.164514829475943 0.116859153090107 0.0573857746007641 0.131954267210291
"ufb265" 0.618464317139814 0.152923724724462 0.198788763221697 0.104478338601714 0.0573622314419538 0.101666303732366
"ufb266" 0.670018115185869 0.181994175331232 0.201421881244075 0.1239033677235 0.0781368804740633 0.135690548485031
"ufb267" 0.646590558860409 0.166702957877911 0.222608812434748 0.11572788277927 0.0750976641672169 0.116245339948039
"ufb268" 0.629554882834398 0.152387581263742 0.67839062778921 0.116736609706295 0.0505094650125204 0.0184834617225125
"ufb269" 0.677157945161732 0.189376372710639 0.105622407273384 0.127691182136632 0.0422635918305274 0.14653678826312
"ufb270" 0.670493002717216 0.178482138643083 0.165600118746334 0.121498786128092 0.0594031643984843 0.135096658592192
"ufb271" 0.769057453999249 0.189405877000847 0.738050145129693 0.156249242459713 0.0722272687917857 0.0608686141734086
"ufb272" 0.619564592200621 0.161302231628581 0.215951199214613 0.11000106843654 0.0673037402267928 0.108426138366382
"ufb273" 0.611848443933257 0.160070156761216 0.251929856844603 0.109919686542765 0.0648915334986889 0.101421723386747
"ufb274" 0.631699775979857 0.163479673430687 0.201859650602442 0.107962856405405 0.0566275456839716 0.117365120155851
"ufb275" 0.603216024374889 0.155292323065486 0.221582487769297 0.103745166598818 0.0650277793040331 0.102013203058924
"ufb276" 0.681851897638769 0.167050390927236 0.481761283208545 0.118714489578747 0.0642394971339245 0.0768317488609986
"ufb277" 0.641307173319872 0.162005753092665 0.187143275906749 0.108786868159375 0.0565446535707244 0.114595568923334
"ufb278" 0.646951757266433 0.179781866428838 0.336571014345958 0.132643037503856 0.0837038393687496 0.100814057066688
"ufb279" 0.723802758333911 0.162402542880864 0.585628857182775 0.122256710072479 0.078223329728544 0.0713053632312791
"ufb280" 0.604159898249082 0.159199334227881 0.304651060487241 0.109555305841878 0.0705571854135566 0.0858904542793749
"ufb281" 0.631430970624841 0.159580532584344 0.374015750074855 0.109391105751916 0.0646640536857896 0.0860930000717339
"ufb282" 0.604180639391907 0.141443565136793 0.686654115488105 0.1085274514125 0.0492857174241695 0.00602101946004722
"ufb283" 0.623761029204371 0.165149311757091 0.252266445620558 0.11676534620835 0.0811170274450556 0.106855532388276
"ufb284" 0.703856613912645 0.15273442253739 0.67034796954948 0.117148241944083 0.0708204337525463 0.0455054982349234
"ufb285" 0.610239050758873 0.154063128841663 0.226883158644357 0.101487555782608 0.0625719972090201 0.100583171169531
"ufb286" 0.623075537355665 0.159684518403041 0.22701303449385 0.104088365027317 0.0650041397088883 0.108730585404601
"ufb287" 0.665888637594441 0.17863610221634 0.152624060303531 0.118870278514688 0.0615785803850631 0.136476209130253
"ufb288" 0.652606238224827 0.174685874081319 0.382628949756668 0.127748463610177 0.0675161400545574 0.0853444913125912
"ufb289" 0.679453072451838 0.169006268427212 0.433242117879318 0.119423373536772 0.07378229441141 0.0891623691825836
"ufb290" 0.711032467314801 0.208535087684175 0.154393777113031 0.138735240358825 0.0680974607424828 0.168645966074011
"ufb291" 0.721487225425975 0.209213264530699 0.105984842748146 0.144419320687763 0.0586996554781101 0.16935790008212
"ufb292" 0.749165316045381 0.183762298744348 0.467822906943264 0.13744108877435 0.0849954594109436 0.105207607686827
"ufb293" 0.674613053593043 0.168535265007064 0.419515618021986 0.125367728142247 0.0803253087190103 0.0886019283472456
"ufb294" 0.706472179218761 0.197446865695553 0.163242048592577 0.133702334715083 0.0674522398587078 0.153216471354692
"ufb295" 0.674998009576779 0.16804069958168 0.338592747306576 0.11985503374589 0.0718067622690994 0.0956320353091954
"ufb296" 0.627176918633021 0.159830764588819 0.188634823404047 0.106295766395975 0.0555864143480278 0.110766371068008
"ufb297" 0.685626793676046 0.189024550922997 0.152633837109079 0.126346259213014 0.0649382801113158 0.147818622313915
"ufb298" 0.672671450040425 0.181182293680682 0.164123931783864 0.120855676535551 0.0635019610723859 0.139143167307444
"ufb299" 0.630590670672598 0.16274422427658 0.233101103565101 0.105682769154922 0.0671760915223179 0.111975821655112
"ufb300" 0.646829241191565 0.166493817558005 0.221741481597722 0.109561646157474 0.0688314250318581 0.119241757979335
"ufb301" 0.697970157797115 0.193942400115174 0.130965623846499 0.129966869502385 0.0586692273269343 0.148303906716523
"ufb302" 0.671417481604689 0.181744509703492 0.166013998914682 0.120041067978849 0.0616748107024882 0.139172062432777
"ufb303" 0.630806817039048 0.153090775254314 0.337867696061043 0.106905597037017 0.0687081536385213 0.085057613859198
"ufb304" 0.618105093941525 0.146161359434635 0.698657930579853 0.113627202257419 0.0518625840348921 0.00977362774912013
"ufb305" 0.687011480214949 0.166312709299537 0.517116120394126 0.121181580516511 0.0655808153325387 0.0760141672801651
"ufb306" 0.671086302138055 0.18346000501842 0.165643565829756 0.122102962083032 0.0625592334944212 0.140337412888147
"ufb307" 0.701595232208173 0.194668245950314 0.151916498621169 0.133604881398015 0.0677087641409617 0.150284716020293
"ufb308" 0.67473208831237 0.172062074900347 0.315820682512198 0.115140773576419 0.0718668953786719 0.11735451128823
"ufb309" 0.681961218208566 0.175127064853721 0.295881502773639 0.115924224033745 0.0745258103976877 0.123083807157105
"ufb310" 0.695998371488944 0.187342626084182 0.245605175465436 0.124427531518187 0.0765438761316204 0.141356830633756
"ufb311" 0.701989785756315 0.190637007159659 0.248523825148669 0.128281210630905 0.0749332846840062 0.146051199156995
"ufb312" 0.590733809102688 0.161004271530081 0.266680600234421 0.110812278506091 0.0658853379900153 0.0936662873801882
"ufb313" 0.606575836054498 0.150094734053871 0.678331902105399 0.112233568060908 0.0502972442988012 0.0158726511234915
"ufb314" 0.655626074309137 0.149236163027638 0.602860735432582 0.110264199694172 0.0614350164309843 0.0405916960284661
"ufb315" 0.687364007854376 0.154486729253348 0.568383639520837 0.113001491110735 0.0703822816393021 0.0623073264998186
"ufb316" 0.663695704179625 0.167228386119413 0.339197703460016 0.113350915426606 0.0768601544136276 0.109115842368827
"ufb317" 0.673181989102625 0.170874247012257 0.295756556676561 0.11373711726297 0.0676595642929358 0.118570196536461
"ufb318" 0.682886551830166 0.175104203693324 0.287408968496642 0.115393311528837 0.0706588374774036 0.125145491238082
"ufb319" 0.680043995538481 0.18305257117781 0.245862963264183 0.121711825293848 0.076209481188494 0.137993921829917
"ufb320" 0.681705871431224 0.169120131036125 0.409119924940416 0.117459832626801 0.0736051209483834 0.0967191618866751
"ufb321" 0.626775580106787 0.162962265559525 0.175603531213749 0.112223754835689 0.0564365251940027 0.110122464001511
"ufb322" 0.685901249256395 0.167794651948709 0.493620952753004 0.120073656436846 0.0712039434818955 0.0776566224645161
"ufb323" 0.636095841921511 0.165146654804978 0.164029538349159 0.108632176140248 0.0559873853402061 0.12015886840457
"ufb324" 0.621427353051547 0.155648661656214 0.27146101424614 0.107641891316773 0.0701616932802648 0.0966074367718611
"ufb325" 0.63490421688251 0.159887273119992 0.295395996228603 0.109034322812435 0.0686129357287345 0.101081271244574
"ufb326" 0.593516741309448 0.148879421107396 0.646761343642284 0.112340177948497 0.0485827532765585 0.0146297541185665
"ufb327" 0.635885428861313 0.15495332992966 0.372238449517586 0.108720700457495 0.0650451740267229 0.0810611879110679
"ufb328" 0.636256240234747 0.144165210905624 0.570991838203436 0.103003513319765 0.0583017746493146 0.0355022917278329
"ufb329" 0.646481128292102 0.163087269747522 0.177455238675175 0.109633883101911 0.0533474048270866 0.116990653342126
"ufb330" 0.629112492933861 0.171677873741767 0.452211383433441 0.126858161207517 0.0637255171290529 0.0668464101048279
"ufb331" 0.641448833833906 0.15338897564218 0.377193018027277 0.111600265857011 0.0712530796431331 0.0794895581491499
"ufb332" 0.621339666887138 0.163906900731759 0.484935125688786 0.120631413069545 0.0626893352381777 0.0561356686000699
"ufb333" 0.645206417650997 0.168050893763614 0.175382408963039 0.113069102719852 0.0624156848272999 0.122244331255538
"ufb334" 0.612108310006661 0.157940148147917 0.209836618630368 0.106008355511496 0.0638179267126658 0.107006469105119
"ufb335" 0.625525337689393 0.174534206502474 0.279705575009932 0.119056624256897 0.0771229504311302 0.10853988009884
"ufb336" 0.621978500385118 0.156539186130969 0.247659724342412 0.109879561580986 0.0679117886914332 0.0975602311257426
"ufb337" 0.7206980937661 0.175954864329974 0.408792578108723 0.129690169522001 0.0775870482381351 0.0966487860265208
"ufb338" 0.716321804991559 0.174712594732024 0.409384724145424 0.12724866547105 0.0843471671532624 0.102884611528625
"ufb339" 0.660844946866838 0.170395319250351 0.31533162558942 0.117781959578167 0.0767757674789656 0.112421756650983
"ufb340" 0.709042403226704 0.193342144289174 0.269693418038739 0.133744298049978 0.0763057792649049 0.142448281127884
"ufb341" 0.69286949898316 0.198561710728142 0.168346784285914 0.131716443758057 0.0671373421077087 0.157854064101564
"ufb342" 0.699614732624441 0.198068230944097 0.12914241230861 0.133456139915878 0.0537084416974327 0.158058870934914
"ufb343" 0.708455507886046 0.20549291014125 0.129181663602391 0.139209876296441 0.0536024116125198 0.16580861699544
"ufb344" 0.616302547640468 0.153738048699881 0.262812142443556 0.104684130576076 0.0648047238393098 0.100221151486026
"ufb345" 0.635010499444147 0.167375178985155 0.288340968316925 0.118016480101517 0.0816151595839789 0.100808502761053
"ufb346" 0.687331056567631 0.184277476733147 0.237715605871986 0.126341278153409 0.0725178707023368 0.132852488238275
"ufb347" 0.655661743411526 0.180364231274882 0.42321017364557 0.131517651308974 0.0658116876167128 0.0915876411452418
"ufb348" 0.714831280863978 0.207126710624626 0.140714464221707 0.139611176820091 0.0542470185744082 0.16756928928237
"ufb349" 0.714381364363969 0.20583800414752 0.105984842748146 0.14236255243576 0.0612230834166359 0.165812527800692
"ufb350" 0.698204799413812 0.20012479979509 0.128614266507421 0.132821164659778 0.0503003947370172 0.158526828192701
"ufb351" 0.630448968239535 0.157290680123665 0.396119925449075 0.108686884735887 0.0630666044487152 0.0756079715192475
"ufb352" 0.46245222600971 0.146470230917332 0.599697678495046 0.108885135005725 0.0477186653200839 0.0118405555151825
"ufb353" 0.617813671959116 0.15622155555372 0.211244381902573 0.102696748344508 0.0592892188882985 0.105067681948746
"ufb354" 0.6660874679213 0.199479325997955 0.394928885519739 0.147716041448412 0.0806035246146802 0.0969867416103262
"ufb355" 0.605512777591787 0.139669288655712 0.702230944451879 0.106334685565436 0.048929564176086 0.00375595861201571
"ufb356" 0.622000029321644 0.16055292206147 0.283238718988907 0.1044054259387 0.0627771139306972 0.104975899356187
"ufb357" 0.622430382324492 0.157183241078241 0.250699465921817 0.103773876063801 0.0636368311177208 0.10391707678453
"ufb358" 0.617440516157695 0.156051848352334 0.247730156227235 0.103897963494445 0.061938683248702 0.102714179843524
"ufb359" 0.648341095197282 0.168918905232101 0.413184559347752 0.115878174280148 0.0672843621222365 0.088621776337137
"ufb360" 0.639296059939451 0.156909716816264 0.409297907868755 0.111832499087793 0.064422377667402 0.0753026280420463
"ufb361" 0.626880430340027 0.161300804837175 0.327272233739772 0.106795156598855 0.0690912894201983 0.0987695932141708
"ufb362" 0.630917489188684 0.162729774161528 0.291931223444049 0.106218736790892 0.0689173401000548 0.104122740967611
"ufb363" 0.633493119648947 0.165865989953244 0.278441106666933 0.108922872191063 0.0714689831810926 0.110572776193702
"ufb364" 0.647012427642589 0.170357736026611 0.233340496625406 0.111880309017545 0.0671907668132908 0.12334943904108
"ufb365" 0.639230546992676 0.166768924543122 0.24796157251466 0.116173783807849 0.0732496416120553 0.11165016619344
"ufb366" 0.70991211861924 0.207339245366379 0.177954638638761 0.138141865518559 0.0717760445874741 0.167063892390124
"ufb367" 0.652304566203512 0.160706705057461 0.434584554951455 0.109258178695843 0.0732374964051485 0.0877600380412105
"ufb368" 0.666250438198764 0.166916300831952 0.307722401637905 0.111865401401082 0.0735765698725503 0.111821670067935
"ufb369" 0.661958180503869 0.166587263297359 0.374296851999748 0.116290178050097 0.0719661701635515 0.0999398418344387
"ufb370" 0.58145472790004 0.149266252750945 0.232311624412027 0.100602199675471 0.061490001100399 0.0896435957235358
"ufb371" 0.613360217594489 0.15848563149197 0.290140918696903 0.110212715293365 0.0703043440641955 0.0912082538633187
"ufb372" 0.623018150388937 0.164321391190096 0.312946203692001 0.115880764346976 0.0746631163564734 0.0915638187282887
"ufb373" 0.624186214982223 0.170416948289159 0.311618541849269 0.122757751967455 0.0722471151976699 0.090547516492588
"ufb374" 0.620316778151319 0.148263255110656 0.552519333567935 0.109541440684946 0.0648748237131856 0.0404684651737321
"ufb375" 0.594571035953812 0.152154480333144 0.354061397661276 0.105313218261185 0.062567030661975 0.0704310120381675
"ufb376" 0.599655342195963 0.153950106702681 0.283723543508842 0.105062914006557 0.0621105072567644 0.0910968467817918
"ufb377" 0.614244618268796 0.154307240095622 0.426001669646762 0.111932929168858 0.0680522820953738 0.0619749317896332
"ufb378" 0.643975375785811 0.164751130702087 0.259962995327945 0.114903040680293 0.0707281660329626 0.109451599446388
"ufb379" 0.69416095936764 0.191608369704601 0.162963499582969 0.126823154816661 0.0704588331203134 0.145843216907862
"ufb380" 0.680017356616131 0.190880645703937 0.166419811649531 0.126548394129173 0.066342243519327 0.148795645418946
"ufb381" 0.673071632165693 0.166182780717902 0.421489215452168 0.118369539866196 0.0809973303405997 0.0995030130719205
"ufb382" 0.638503164658292 0.157579656704471 0.32987967896742 0.111528966366777 0.070856138070373 0.0901098230083842
"ufb383" 0.582978202058934 0.152307963496905 0.243903537585366 0.101611906488857 0.0638693000159969 0.0931175319089343
"ufb384" 0.689175158289927 0.193766763108149 0.164130415801291 0.129246722348068 0.0676923243438918 0.152801787855884
"ufb385" 0.69537352143082 0.171791178492612 0.463765437219827 0.124987745911069 0.0881938474662873 0.0997066288925535
"ufb386" 0.672292825292414 0.183128951428891 0.201481723470602 0.125653490710591 0.0737146740699203 0.138136217996222
"ufb387" 0.710852727705953 0.195756188344289 0.282847926277927 0.136314429537398 0.0851274894471157 0.139584559609561
"ufb388" 0.695403814043413 0.171954196269848 0.693883046068062 0.135052849556382 0.061384382774301 0.0413441791240902
"ufb389" 0.626820501480682 0.157994275124465 0.306826684266167 0.106914927340164 0.0654077176890867 0.0952773228156162
"ufb390" 0.65970457433291 0.168229355304559 0.690310786120544 0.132833043036608 0.0617527088784633 0.0356272974483431
"ufb391" 0.599186991869919 0.150916009889702 0.682161976881518 0.113885600803162 0.0517954132646868 0.0169875798355659
"ufb392" 0.61276017104356 0.156166461605024 0.209939979296415 0.103135821794095 0.0589605467279307 0.10510526182028
"ufb393" 0.606034541814777 0.147487333634061 0.409590970593786 0.101223395507911 0.0635884059181644 0.0729423537567758
"ufb394" 0.675315909857887 0.186551481390946 0.164514829475943 0.125027649501498 0.0670173291242243 0.144229132715502
"ufb395" 0.662410184164158 0.180878292044273 0.167915589483453 0.119987427797189 0.0666718264880471 0.137562544291295
"ufb396" 0.628621796110875 0.166066930878337 0.175548357254065 0.108191339136133 0.0603253673258832 0.120072795089995
"ufb397" 0.594511403671426 0.149702167278534 0.209975761480081 0.0981990817738048 0.0561233840210561 0.0959457269892085
"ufb398" 0.719255391526021 0.179030824804988 0.396789246840899 0.12984324660996 0.0713642989553019 0.100020776842265
"ufb399" 0.716356537671336 0.205221405496617 0.0952321150472933 0.141718293735048 0.0500482393035709 0.164421450936368
"ufb400" 0.598069275964524 0.153823523068539 0.221328608114633 0.10342173883893 0.0631828370575775 0.0978484182903149
"ufb401" 0.659515647462125 0.191318219385479 0.412573121138475 0.140831438031229 0.0741278785464839 0.0870802679234322
"ufb402" 0.639290491849274 0.168857610994567 0.187143275906749 0.112742507258872 0.066692936780349 0.121835076079667
"ufb403" 0.703388549293933 0.202409073271977 0.154393777113031 0.137026287802767 0.0659302829841061 0.162206722555601
"ufb404" 0.618757728526586 0.147981345778033 0.364833680001323 0.106397002963315 0.0644387968180601 0.0733740181480439
"ufb405" 0.666750124541519 0.181258079812197 0.165600118746334 0.123039385264146 0.0640737817889352 0.138019201005028
"ufb406" 0.704578894383415 0.169519954079349 0.487658544979276 0.124950838610621 0.0846909075570643 0.089594782763219
"ufb407" 0.656381389207408 0.149486931726325 0.609562189996851 0.110529341196346 0.0640680818607733 0.0408744884573884
"ufb408" 0.625791055158887 0.15781336726367 0.199518750132349 0.1027715408661 0.0628305461644028 0.108544724094236
"ufb409" 0.629043571432516 0.156080986924956 0.356162002501765 0.104623596734822 0.0679148995740124 0.0886348401941103
"ufb410" 0.661087531832027 0.18499215925008 0.116973659331841 0.120775231624997 0.0352820268067534 0.144150559687179
"ufb411" 0.663438986931866 0.189597265921389 0.117009647285962 0.123505664600529 0.039438747149799 0.149121745902348
"ufb412" 0.668035157780805 0.152887193289014 0.523319026137207 0.112255752041765 0.0750386503212625 0.0609541612191368
"ufb413" 0.674931677018634 0.167288221474917 0.481683321590829 0.120548914440892 0.06936767819874 0.0764728674839656
"ufb414" 0.64706602001136 0.165054974301938 0.304406205306499 0.111935820366741 0.0730596591196035 0.109747190587156
"ufb415" 0.608750562098757 0.168456179834579 0.303287748762545 0.11758320532333 0.0712823220765559 0.0882512214391969
"ufb416" 0.702566256763781 0.193292485084163 0.246800587017231 0.130725719830711 0.0788698771063754 0.142395488811646
"ufb417" 0.618768983383956 0.158176298937316 0.252139293422684 0.108801432030959 0.0696312528159415 0.0955524263254566
"ufb418" 0.59579787564445 0.153546844217096 0.251967694416001 0.106355218207015 0.0669426021887531 0.0857540207095505
"ufb419" 0.793095985282978 0.154379348860709 0.770977974210642 0.12403719864392 0.0564914988607672 0.0209972011020055
"ufb420" 0.601813004663191 0.159630753952402 0.27598784828012 0.112102791333077 0.0696905200401494 0.0862761720071906
"ufb421" 0.642559948105889 0.160293282002763 0.234217430100796 0.110759655156655 0.0659554396529874 0.107329592645931
"ufb422" 0.723228883340022 0.20985072321332 0.105984842748146 0.145628180540559 0.0592497428114912 0.170027486450977
"ufb423" 0.683717849016389 0.194679277274025 0.482023264702361 0.136308073017244 0.0703021515229838 0.0927588439253666
"ufb424" 0.670761946281923 0.181031411028038 0.152624060303531 0.121126195272504 0.0594470025047005 0.138994467055836
"ufb425" 0.675454180149314 0.163422618613601 0.467824843746531 0.118378899348582 0.0753856693255449 0.0827852813650772
"ufb426" 0.667724005257322 0.161664447034649 0.421215168412476 0.116613570688507 0.0771587401461222 0.088613806654084
"ufb427" 0.643042321110912 0.162391872288365 0.3038598669697 0.110114498528585 0.0727726477749588 0.103941826494094
"ufb428" 0.661434726478045 0.172418755488418 0.210496601510659 0.114033174012059 0.0700755206935401 0.126773599156754
"ufb429" 0.725251224674037 0.168204435360771 0.498031659961268 0.121301234353678 0.0805661614559803 0.0957236745870225
"ufb430" 0.626881622109703 0.154894873056449 0.350624031204691 0.104516413071967 0.0658841697725365 0.0870904697733163
"ufb431" 0.642297693092441 0.163818605562602 0.344521592340359 0.108324028544868 0.0725030320449784 0.0969863049727156
"ufb432" 0.616311748272805 0.160174884584114 0.215865219655418 0.109388029812807 0.0655989586900039 0.104648839353572
"ufb433" 0.63877325143709 0.159708190502782 0.269269581289836 0.10751266276937 0.0677463710715999 0.106585112485606
"ufb434" 0.596997234294745 0.153143721989575 0.255533211846363 0.102691493587322 0.0603685609082494 0.0940116475687762
"ufb435" 0.655770890024557 0.148777285890289 0.602317958695466 0.1116493090335 0.0645778224931731 0.0404264436122871
"ufb436" 0.650511718127995 0.1717686712168 0.281347275114116 0.120614816973594 0.0688715434607597 0.110125334825449
"ufb437" 0.616392945433258 0.15847701409482 0.291818946003574 0.102948452674383 0.0639828807446048 0.099572297258629
"ufb438" 0.686914161933378 0.169432821208226 0.469918113895276 0.117808781137604 0.0756035448398787 0.0896299061924497
"ufb439" 0.611804560174125 0.158400913435206 0.240132766994114 0.111345599280167 0.0727218115419073 0.099600475373724
"ufb440" 0.60125260960334 0.177204321390346 0.432039646396514 0.127790837958245 0.0621154193852683 0.0727610085352097
"ufb441" 0.67403806947258 0.179819394274741 0.163754297429807 0.121671335205676 0.0592835137878667 0.136489742235608
"ufb442" 0.669267789934757 0.18156317114352 0.154422593998216 0.119448336694777 0.0620324670957095 0.139553521954637
"ufb443" 0.637016381896616 0.164381959965717 0.186995982703739 0.111314116096349 0.061772186913868 0.117106211570726
"ufb444" 0.674602908089593 0.157854987349784 0.590115086492983 0.114373868449863 0.0669675429628453 0.0506596318589421
"ufb445" 0.681931592155181 0.189942316790767 0.164514829475943 0.128443862575001 0.0687194303357355 0.147796387538077
"ufb446" 0.756856374244489 0.16653452355533 0.620978966139765 0.125832781131522 0.0825906083725445 0.0758867385196037
"ufb447" 0.631138612436059 0.164123160145791 0.224212285522814 0.114472805285431 0.0707873491751303 0.111368558626489
"ufb448" 0.673174481168332 0.178997995183987 0.634007830327091 0.140055207656728 0.0638954747192391 0.0464296268023787
"ufb449" 0.611519774164654 0.154740539059172 0.407568089896078 0.110546088105312 0.0652160386858048 0.0734810385502847
"ufb450" 0.652035917774075 0.174509245478477 0.175643070123063 0.115478927099157 0.0646356530499268 0.130003806128482
"ufb451" 0.636359362807009 0.167748219367022 0.18694948395777 0.109650155102915 0.0634995288284467 0.121825695620025
"ufb452" 0.707543440709996 0.19650726636772 0.300813530646107 0.135884725825796 0.0846484521532217 0.140338528944444
"ufb453" 0.631584626340663 0.15642458925372 0.298780057345258 0.106506763135735 0.067328134705837 0.0973192187025942
