NaN NaN NaN NaN 0.8712366
0.9770043 NaN NaN NaN 1
NaN NaN 1 NaN 1
1 0.8013397 NaN 0.3882642 0.9108624
0.9232643 NaN 0.607062 1 1
NaN 1 1 1 0.9824063
0.9766892 NaN 0.8134625 0.6299286 0.7620496
0.4734321 0.8661241 0.8165625 0.6087587 0.9728213
0.9609926 0.9618927 0.443758 0.5876381 0.2631818
0.4827267 0.8627538 0.8620027 0.4949709 0.5878627
0.6815345 0.6660823 0.7904781 0.8349021 0.4113811
0.4759767 0.5220801 0.7668846 0.2714644 0.5988259
0.5355961 0.9702772 0.6751843 0.4567366 0.4512561
0.6938246 0.6448855 0.4738705 0.7933615 0.7443998
0.5776255 0.6903251 0.5613793 0.6285581 0.6891704
0.3506199 0.5965985 0.8161724 0.4620637 0.5426546
0.3680666 0.49465 0.4116675 0.4791993 0.3651769
0.4083122 0.5340733 0.6434743 0.6017158 0.3962176
0.4040937 0.3551045 0.4459335 0.3603415 0.4057616
0.438134
