NaN NaN 0.5344794 NaN NaN
1 NaN NaN NaN NaN
0.6353163 0.2629351 1 0.3693528 NaN
NaN NaN 1.185335 0.5690336 1
0.2838177 0.6338506 0.8531093 1.194089 1
1.166627 1.42625 1 NaN 1.042615
1.441297 0.6456872 0.5800842 0.8425662 0.5480886
0.6858403 0.7323813 0.9150926 0.7271954 0.3727753
0.1817894 1.068328 1.280225 0.5674988 0.6671642
0.3935367 1 NaN 0.6426184 0.2213682
0.5496869 0.6276621 0.5974318 0.6554421 0.476197
0.4345522 0.7380103 0.4488375 0.6738691 0.5923527
0.5039575 0.7598883 0.4301219 0.7446768 0.7180478
0.4393533 0.3565291 0.1805504 0.5376545 0.3135735
0.3828605 0.5754907 0.5890984 0.3721744 0.3499818
0.2519175 0.2611351 0.4255991 0.4235887 0.6104396
0.2295103 0.2712668 0.32436 0.2005951 0.3135059
0.2434156 0.3089245 0.3108637 0.2102495 0.3870617
0.2697259 0.344149 0.191674 0.2656286 0.2242424
0.2301447
