NaN NaN 0.4334896 NaN 1
1 1 NaN NaN NaN
1 NaN 1 NaN 1
0.6083488 0.6906597 0.7018321 0.6966161 1.248502
0.4334896 NaN 0.3602024 1.230557 1.213357
NaN 0.4688557 0.8113811 0.2084868 0.4696975
1 1 0.09082672 0.4951664 0.8551429
0.4564342 0.6906597 0.5760362 0.7538519 0.8959884
NaN 0.7697355 0.8379794 0.6556197 0.6024204
0.5211987 1.032977 0.7667008 0.7863127 0.7213551
0.5371802 0.4237589 0.4878338 0.4634683 0.7039994
0.8288527 0.7647807 1.05556 0.628027 0.4743726
0.5281649 0.6056014 0.6811644 0.7676659 0.6572394
0.4130971 0.4723946 0.6063736 0.3302528 0.5376616
0.2487028 0.4842047 0.7093601 0.4144874 0.4872124
0.4035195 0.3409465 0.3806336 0.4262825 0.4996373
0.1535106 0.2566691 0.2839401 0.24993 0.2690053
0.2135138 0.2802842 0.124909 0.1832827 0.3892188
0.1855663 0.3101332 0.3518368 0.3520791 0.2896246
0.1685777
