1 0.8486688 NaN NaN 1
NaN NaN NaN NaN 0.7014919
NaN NaN NaN NaN NaN
0.2769079 0.4096792 0.4649287 0.2537769 0.3900142
0.508908 0.2513512 0.3144661 0.6126652 NaN
0.3549156 1 0.5444929 0.5986728 0.1660603
0.2537769 0.6505217 0.3274279 0.432103 0.5549051
0.2765951 0.4157574 NaN 0.3308854 0.6136421
0.7985708 0.357829 1 0.1896831 0.3671965
0.3898553 0.6511195 0.4546798 0.2117131 0.1983626
0.3720659 0.408844 0.3456384 0.241585 0.4045327
0.4859144 0.2328367 0.4426873 0.5065916 0.4693982
0.1261576 0.4814741 0.3540417 0.2702987 0.2033792
0.2560405 0.3791053 0.2197361 0.2122316 0.2191497
0.1658991 0.2554742 0.2120979 0.272026 0.208869
0.178587 0.3245485 0.2813803 0.230635 0.2739243
0.1455633 0.1419837 0.1540782 0.1839757 0.1511529
0.2771239 0.1067209 0.2243467 0.2143212 0.2641721
0.1550131 0.1294393 0.1172969 0.1804965 0.1617059
0.1835656
