0.8290716 NaN NaN NaN NaN
NaN NaN NaN 1 NaN
1 NaN NaN NaN 0.9117559
NaN 0.4605488 0.8994894 0.6143003 1
0.5370591 NaN 0.05374687 0.7277778 0.9636353
0.05581999 0.9940115 NaN NaN 1
0.8624665 0.4251138 0.9255443 0.8063657 0.7162838
0.7280588 0.7959873 1 0.7734334 0.9708776
0.6178837 0.4234345 0.8399166 0.9498873 0.731855
0.952069 0.6041048 0.590448 0.2445856 0.3174999
0.8567957 0.7380174 0.8182601 0.63833 0.3874793
0.7269682 0.4572338 0.3240129 0.3878269 0.7257
0.5603052 0.6864649 0.9256755 0.7451898 0.6822681
0.6560418 0.7697722 0.5852077 0.4735492 0.7791456
0.7461813 0.6238829 0.5311209 0.4737639 0.5914056
0.4768818 0.6136863 0.4930031 0.8402048 0.6367925
0.4051474 0.4479163 0.3692479 0.4041909 0.4640261
0.4262512 0.4471369 0.6270302 0.3728315 0.3825494
0.4089941 0.6707534 0.4449558 0.4298793 0.4932683
0.5871413
