NaN 1 NaN 0.6679987 NaN
NaN 0.6679987 1 NaN NaN
1 1 1 0.8625178 NaN
1 0.4509761 0.3954705 1 1
0.5706922 0.391543 0.5123452 0.4019137 0.2525826
0.7024264 0.3043844 1 0.302017 0.1714216
0.322673 0.6180222 0.3929487 0.4874243 0.426885
0.3807696 0.3664377 0.527744 0.8717161 0.6827314
0.2695548 0.504797 0.6505217 0.7819156 0.4391342
0.3865644 0.3421238 0.1953144 0.5891446 0.4997716
0.3209674 0.5457898 0.2934242 0.4063371 0.5109007
0.3947102 0.4125247 0.2775912 0.3490191 0.4452062
0.1423845 0.2781283 0.4073377 0.3425945 0.3367317
0.2115925 0.3061413 0.1237379 0.3154252 0.3659035
0.1719094 0.1900079 0.1978181 0.327352 0.1889205
0.5583088 0.2762803 0.2557607 0.1366275 0.2585632
0.174362 0.1845154 0.2177216 0.2477687 0.1737379
0.1606259 0.208491 0.1506825 0.1707016 0.1631742
0.1764299 0.1449037 0.1920065 0.1786736 0.1502891
0.1771248
