"quartet" "cluster" "phylo" "mutual" "shared" "clusterNorm"
"mb49" 0.742771767700523 0.19692144977653 0.559263374030889 0.148305652948661 0.0862046036251925 0.0945499181334432
"mb50" 0.903693584826354 0.297651483468811 0.783005644471387 0.247552181565296 0.12049312343074 0.187030873058759
"mb51" 0.809867039888034 0.205636064047765 0.734714964853594 0.16392381115692 0.0787907161950706 0.0793489763651032
"mb52" 0.807545178736314 0.220567519728634 0.749822842191858 0.180586082504138 0.0847905558560262 0.0979949321078633
"mb53" 0.867575838607125 0.202650413510456 0.800464495370015 0.161159870029742 0.1042653112711 0.100409240114397
"mb54" 0.724075602342948 0.196149497578281 0.330734842412995 0.131582324540852 0.0911025487489235 0.13540116138403
"mb55" 0.878921341369186 0.197157425236409 0.86737913301842 0.16659141191631 0.0814427081267267 0.0706329774847064
"mb56" 0.758700225241983 0.212535787228027 0.367985754310656 0.148859192604778 0.106346396275926 0.153144282339651
"mb57" 0.780757579968318 0.19283972307944 0.638918117399382 0.149025619064255 0.0882668096063949 0.0893402499360504
"mb58" 0.819165854409275 0.242013507701312 0.518640681795702 0.180488027825993 0.11813679578824 0.158821343014872
"mb59" 0.812894756396602 0.207064172704891 0.654700485123792 0.161940299802166 0.0993239059393564 0.105985573217592
"mb60" 0.880499661559289 0.239506847982802 0.782959411262432 0.192349731625009 0.0939624347344566 0.118926390160288
"mb61" 0.859711397484374 0.203251583158233 0.780322914654496 0.1640515559335 0.0772217456248789 0.0769226496006947
"mb62" 0.759294498565708 0.181436487637326 0.688608466965728 0.141121622490001 0.0852383063369034 0.0768278727628769
"mb63" 0.727553705431105 0.231997032245793 0.262323436766572 0.164457745125272 0.0942558664633575 0.147586282960124
"mb64" 0.79822861887628 0.167566169352386 0.795128263447376 0.135103717562792 0.0623490171834505 0.0359226649447678
"mb65" 0.803358664039779 0.193788201005375 0.654359808943742 0.149556615907563 0.0916899801393066 0.0910172620121198
"mb66" 0.674325929799453 0.195323390944916 0.106251509646007 0.122331814525287 0.0576431251132077 0.153314021223714
"mb67" 0.664033683126984 0.171080308260561 0.415074414222492 0.119380509268437 0.0830838686707409 0.0984949645342382
"mb68" 0.896779521056978 0.185749915706968 0.865707878742755 0.152522078323595 0.0736609084552525 0.0563408849789763
"mb69" 0.67614087770323 0.197370730466231 0.0959596521016021 0.122457411561117 0.0637656304834742 0.155241766503156
"mb70" 0.827171471359042 0.239111345240816 0.582758527506196 0.182184828002809 0.109402380070199 0.141287651116592
"mb71" 0.661882891109601 0.187063374518597 0.106472855334127 0.11861169788361 0.0548612120298721 0.144623566732601
"mb72" 0.74965460071843 0.218398182318968 0.506667305067717 0.173193911586218 0.0819711120014059 0.0923904300440165
"mb73" 0.689270466515005 0.178355643460927 0.475263194925702 0.128404869620842 0.0778536691094475 0.088213627930225
"mb74" 0.824588227117937 0.203937623290266 0.761860404986063 0.165152310433059 0.0792045669653054 0.0787498387282457
"mb75" 0.841004184100418 0.208307305781838 0.749705404303967 0.162109977102936 0.07595571793364 0.0838066920827598
"mb76" 0.63676109812381 0.169810666911631 0.119013269913229 0.106162109761527 0.0533314494705621 0.117945095859671
"mb77" 0.636421208176477 0.171996395668783 0.118995062769405 0.109430229538389 0.0522718723876113 0.118169159026046
"mb78" 0.639387144992526 0.163533156573706 0.331820273629212 0.110390196182992 0.0674328596653363 0.0959793342386067
"mb79" 0.62592635894264 0.171064261799612 0.130835005479273 0.110159746994911 0.0573280961898071 0.111823146913588
"mb80" 0.664515614147317 0.189845637006624 0.117960822915944 0.118332094866503 0.0618988057944736 0.146551645570437
"mb81" 0.617815195925579 0.172946654967697 0.14280063139167 0.11290113770705 0.0659627973371099 0.110330990570795
"mb82" 0.734754705834967 0.182358699074466 0.556892011121293 0.13611797053156 0.0756871413357819 0.0782093381856615
"mb83" 0.795259757383966 0.177739568081614 0.632605730131625 0.134642113215607 0.0911265625471726 0.0876879106739464
"mb84" 0.66918580858673 0.179893113061488 0.225546218514005 0.121442015322279 0.0646699924329511 0.126722984702971
"mb85" 0.81267994643455 0.209153677088881 0.559290586919521 0.157178112026159 0.1094746858459 0.13272687873531
"mb86" 0.800322017979337 0.202519824537102 0.571233673724653 0.151346211072659 0.0978659116318994 0.115318240901312
"mb87" 0.666653003751676 0.190731950379527 0.106244385959533 0.118414369358647 0.0618797193114921 0.147925382170331
"mb88" 0.717738037699372 0.144581498314799 0.785579213005577 0.116284150053651 0.0524602714672176 0.0100594429678969
"mb89" 0.605971340165056 0.152264740098467 0.275881000174667 0.101065590824313 0.0631338332297796 0.0882447287963208
"mb90" 0.660421569089696 0.187688524927497 0.165400020236306 0.1191813978426 0.0678587136949834 0.142255418460266
"mb91" 0.660268270120259 0.143196911223716 0.755967809088833 0.11399927738537 0.0494958600141586 0.00585172261996953
"mb92" 0.677496038034865 0.197604476533357 0.190109945472814 0.136736282635928 0.0741403197112992 0.119742560266782
"mb93" 0.806747683708849 0.216479582462629 0.487713889742654 0.156827013014173 0.114392602476734 0.147961201872704
"mb94" 0.75932043416706 0.179597605578952 0.583452051372933 0.130558082744234 0.0820685603472577 0.0895033289812795
"mb95" 0.763132760267431 0.160100922415157 0.770943799862751 0.127802202982145 0.0593868737833872 0.0274244557122097
"mb96" 0.753376838804936 0.205887683407224 0.405024831858485 0.148407223852579 0.0849793103479208 0.128815699652786
"mb97" 0.674465626805315 0.186680904995415 0.178241213331466 0.126450137381056 0.0675499128113739 0.11542238339682
"mb98" 0.618056688819236 0.18038253805518 0.1547852329009 0.117643374424867 0.0672848183233381 0.114000005127999
"mb99" 0.588239426959789 0.14461098435269 0.259510754919218 0.0943295493206065 0.0566205991400976 0.0866222208319049
"mb100" 0.796715182267325 0.200603330695868 0.571233673724653 0.150782681848698 0.0962867919262143 0.11319218536422
"mb101" 0.717889202531138 0.193906606578017 0.365860179190652 0.134486207177744 0.084501116199534 0.123157751447164
"mb102" 0.80308767841538 0.17153569005972 0.705765046450553 0.133694087840023 0.083937223204426 0.0656998552266226
"mb103" 0.817231638418079 0.163021680706063 0.809358074604111 0.133151680062223 0.0614392044376621 0.0313995056298795
"mb104" 0.64623707766961 0.176527266698157 0.223761319977911 0.117741269216616 0.0671660567610924 0.123059185531431
"mb105" 0.723307539109415 0.194818993130718 0.354357665547877 0.132953083424063 0.0902527734899833 0.129745742603422
"mb106" 0.6715385134679 0.164378244138831 0.486541063329843 0.115089937624308 0.074499000128733 0.0831746886942137
"mb107" 0.594215696234185 0.146750476998286 0.251048690397167 0.0958444878861359 0.0558669625392287 0.0859204222264999
"mb108" 0.733396328293736 0.130227883042235 0.819072330870448 0.105230064667239 0.0476727624821626 -0.00803230608189873
"mb109" 0.654024529024049 0.182841732989075 0.106515076660814 0.116692396083343 0.0540137119835626 0.139950499451277
"mb110" 0.641976904056445 0.176764915083555 0.107807407690945 0.113212096131302 0.0523792772414382 0.133218357466082
"mb111" 0.774876657909912 0.170427085452471 0.674341666261564 0.130877178870823 0.0775163759671592 0.0646782146250548
"mb112" 0.731033592102053 0.176329369112752 0.533784956947591 0.128110945459941 0.085043733016489 0.0863163357377596
"mb113" 0.687839090891155 0.20096433007844 0.214172648572816 0.136262703993229 0.0701287484035934 0.123428443341871
"mb114" 0.608800671635141 0.151831742515617 0.319998001739569 0.100099828708121 0.0627273425693972 0.0877783091402998
"mb115" 0.623360333215943 0.161786923840832 0.119029202753576 0.100553257670529 0.0473019668323497 0.111183621805505
"mb116" 0.692583732057416 0.161764366294673 0.714066471378139 0.125761791090196 0.0588022414802646 0.0299444675095626
"mb117" 0.785830230115535 0.167450633251323 0.782946220757962 0.135985784499376 0.0622391958555972 0.036524949773402
"mb118" 0.670309921586105 0.193598383164706 0.118000665281584 0.120909116929202 0.0633745941650503 0.150943436103278
"mb119" 0.646728807328207 0.178316808461338 0.107769981455004 0.113866433209768 0.0508531201314912 0.135186820421476
"mb120" 0.618145314653049 0.166847299000201 0.118973686710229 0.106716053784776 0.0521304730898009 0.110196670260375
"mb121" 0.616709614613755 0.155166870060846 0.311986763735378 0.104586515434429 0.0666147274825052 0.0869409792566346
"mb122" 0.73923288863109 0.206663887105649 0.380810708199979 0.148100032233567 0.0852309055200486 0.129763601436579
"mb123" 0.657865777008364 0.17788950133339 0.142642561986343 0.115473775686572 0.0605664232888449 0.115699792495617
"mb124" 0.76301606265764 0.19818776917498 0.499696728043587 0.145023279804114 0.091968755643662 0.110512490894987
"mb125" 0.639885204453534 0.176879976069456 0.10800235449678 0.114273991944173 0.0578044137330599 0.132892729563588
"mb126" 0.742743999613657 0.197706443471855 0.391743801862123 0.139269106348388 0.0959207967823565 0.133008940364471
"mb127" 0.727940435782328 0.195248811565027 0.367856408468512 0.136414864090591 0.0976342512885898 0.130353123333713
"mb128" 0.706757850145072 0.187327215717076 0.342365482732194 0.128464388995756 0.083660935038765 0.121648493495374
"tnt1" 0.744273495871018 0.242469902148754 0.310626474234292 0.181911735020092 0.0918112860721882 0.145437553420463
"tnt2" 0.785903712770298 0.157120721211909 0.809299355660166 0.127012010182828 0.0589477072180796 0.0245705685456815
"tnt3" 0.737813106571772 0.173412483376419 0.583452051372933 0.123941741605715 0.0756160886047734 0.0826389741067134
"tnt4" 0.623317039619765 0.163245759291508 0.118993538128006 0.102585542465343 0.0486472730613702 0.114183148819796
"tnt5" 0.773361876396128 0.179611477130147 0.725926542705433 0.141692417520093 0.0653120841139966 0.0505981929165732
"tnt6" 0.7418598555452 0.180355311863577 0.533784956947591 0.128704849840122 0.0860659994607831 0.0907822447877408
"tnt7" 0.765013054830287 0.187348210028253 0.522214118163822 0.135212750982246 0.0964211984296555 0.108850868400097
"ufb1" 0.732712100139082 0.177212916162 0.592836267114853 0.133134097432901 0.0752258691674309 0.072408096698636
"ufb2" 0.659317670529805 0.185853528525054 0.0943497269272097 0.116419886088901 0.0373150845472418 0.143486774392165
"ufb3" 0.640667086802532 0.176580800485257 0.0723895507750116 0.111571092380098 0.0376345136965233 0.133776446457977
"ufb4" 0.582885975240642 0.154518244176805 0.130916030163806 0.0922574700452028 0.040101967680206 0.107202899508285
"ufb5" 0.781864347126552 0.203438440407036 0.487743328532479 0.148250881548738 0.102905976995025 0.126459325846419
"ufb6" 0.798974272742559 0.174485443174473 0.761741632463098 0.139843207514924 0.0642017507086617 0.0446660452023869
"ufb7" 0.736827437944145 0.197337942123248 0.389784444621859 0.139501047744155 0.0918908404734138 0.126890246961421
"ufb8" 0.645963840277457 0.179532050795166 0.106752217882067 0.114393871231409 0.0528963721639397 0.136467097725123
"ufb9" 0.61827619852359 0.162132910044076 0.166403451775711 0.102378249681103 0.0473394185916133 0.10978767582558
"ufb10" 0.625118721716297 0.1526354948607 0.437635967028007 0.107676770812489 0.0672557764390562 0.0704645169725944
"ufb11" 0.766679596586501 0.154454108614519 0.782946220757962 0.120684006808028 0.0578600133041374 0.0208856308078658
"ufb12" 0.6111526787605 0.150530589884581 0.308055387620804 0.101045013991789 0.0587257584300275 0.0863788938206665
"ufb13" 0.592257379956924 0.143711560391046 0.308134333935925 0.0955473578350742 0.0567939600179486 0.0826514051765852
"ufb14" 0.654215474395995 0.180394086780292 0.0852062730708986 0.113507191014583 0.0333821864951307 0.137742397652048
"ufb15" 0.616089947948413 0.162204567292586 0.154047686081717 0.102507911641591 0.0484012949946451 0.111630877597735
"ufb16" 0.715949271604356 0.18914564566585 0.249098008172505 0.130431391268766 0.0582643884840408 0.131391823000159
"ufb17" 0.689067269880666 0.179413737849088 0.249189621643008 0.121558412783865 0.0545474294443245 0.12383134923878
"ufb18" 0.667416711253075 0.191075368339906 0.108868536801175 0.119665577662874 0.0447494072866074 0.148979134213697
"ufb19" 0.554602279691139 0.13740272464595 0.690170171891714 0.107332295396773 0.0453850609704736 0.00175174423266034
"ufb20" 0.632385707991524 0.171203275843197 0.118758650865384 0.110982723479199 0.0530221599243753 0.126911537294414
"ufb21" 0.642301062114219 0.18410974632955 0.250059627055716 0.122993490322808 0.0620127838556813 0.112502271353934
"ufb22" 0.652429626308341 0.1816653179848 0.0954682930508034 0.114653422525395 0.0370516551619812 0.139081021110772
"ufb23" 0.607626652872523 0.163255811175007 0.368619499506801 0.112965209089172 0.0560072410488252 0.0717608491576361
"ufb24" 0.560283398905905 0.13846743805505 0.213117167901226 0.0922742367588865 0.047622112208252 0.0800521169541149
"ufb25" 0.547766198757356 0.133533645848069 0.17982419640422 0.086450517408986 0.0436146141068895 0.0773435815512244
"ufb26" 0.546813484552822 0.131070960278766 0.179307013717665 0.0839756655962755 0.0411106185438431 0.0768882892635438
"ufb27" 0.828677976016379 0.19754153611898 0.773779195257303 0.161990819000108 0.0764005441899007 0.0713479108009266
"ufb28" 0.816223231667748 0.167770724492056 0.73466147563138 0.128701231039581 0.0805350383263309 0.061453917492517
"ufb29" 0.588458003324533 0.145470934531351 0.254983645175049 0.0963013576920166 0.058593326305947 0.0845353022932811
"ufb30" 0.52539039907461 0.130469815992387 0.686529938546961 0.0982650727576954 0.0438042807606738 -0.00739907526590219
"ufb31" 0.65001226592526 0.133787168110358 0.67443316288262 0.101369965318371 0.0582240844688382 0.0230352843170378
"ufb32" 0.584279637506935 0.142080434551836 0.259510754919218 0.0932167187409034 0.0557608871725056 0.0839201193144695
"ufb33" 0.596890150171456 0.146724673513096 0.29144781138552 0.0966141543448842 0.0595714304198681 0.0858937121032007
"ufb34" 0.653123964297551 0.182230403252757 0.120094831568559 0.116459199655453 0.057829545317183 0.139307697525702
"ufb35" 0.64209407034508 0.161374461228531 0.436633178998469 0.116394450061043 0.0640844318840899 0.0692732300530534
"ufb36" 0.646235523017341 0.170399958948468 0.213824813599329 0.108512965048053 0.0595639562227399 0.111155943306686
"ufb37" 0.721005006037091 0.189009847395625 0.375982048859374 0.134225007288299 0.0839151212550598 0.117831215629915
"ufb38" 0.654495802213091 0.183436300271111 0.0974934369263603 0.114959940785599 0.0417306111794079 0.140988320299768
"ufb39" 0.638469396339338 0.175598748459684 0.0865332473298132 0.110506888952283 0.040848619539048 0.132698344679186
"ufb40" 0.722072603851546 0.175123104149903 0.487698305712521 0.126251550722667 0.0727707481540979 0.0849257878580583
"ufb41" 0.629694628844391 0.171987985081436 0.0963169526210176 0.108223855200218 0.0403529682797496 0.128898563370293
"ufb42" 0.614929231139941 0.162805723469797 0.166439396917421 0.101887275593938 0.0532874890348558 0.108381015409336
"ufb43" 0.647228897566837 0.144012329781977 0.616787156813135 0.107206011925034 0.0581462419484433 0.0344659033665883
"ufb44" 0.66241678434537 0.160407305165228 0.426864752603075 0.109054584765947 0.0712799683863194 0.0866554403197288
"ufb45" 0.653040540540541 0.136363582233661 0.648499797938198 0.102764790312374 0.058282441453037 0.0260219319085736
"ufb46" 0.702634257464133 0.1682057828527 0.499414952738517 0.112739629278175 0.0672237112506517 0.0875508231103917
"ufb47" 0.544471526700643 0.132349764093888 0.200709965552941 0.0865114467411496 0.0405842847784875 0.0734949580840939
"ufb48" 0.533601160646551 0.129002268197859 0.167294018645654 0.0813028346691602 0.0369727943790359 0.0724965591168076
"ufb49" 0.538139120457958 0.130483587008834 0.169238146918526 0.0834958782836897 0.0370559160591803 0.0762367523107646
"ufb50" 0.651701230228471 0.181624797710388 0.0943497269272097 0.114153902135155 0.0348073097313962 0.13903798784429
"ufb51" 0.638806177437913 0.175705580753874 0.0832435929055521 0.110763561914961 0.03468152178747 0.13285572959068
"ufb52" 0.595435139573071 0.160218114940932 0.34903490150686 0.110363224508076 0.0580160976891036 0.0681883898230805
"ufb53" 0.544637803069353 0.132730241289307 0.181186724162051 0.0847900565441822 0.0453433022153995 0.0739240393580305
"ufb54" 0.600052839902367 0.156428970397879 0.146614639329251 0.0984771338506167 0.0387570811747307 0.103708723952322
"ufb55" 0.755431805733066 0.174651946749162 0.737962770864564 0.139900677158887 0.0634959023837876 0.0448587329232509
"ufb56" 0.62042552084688 0.165229003929107 0.190207119479079 0.104340017553999 0.0541722214149709 0.108516278576478
"ufb57" 0.609355327457801 0.133675414412471 0.52031389148947 0.0949258930863311 0.0605555829541275 0.0387906550847724
"ufb58" 0.632785559634479 0.172271517285756 0.132205819715078 0.113018041787974 0.0580619439969557 0.12747492685481
"ufb59" 0.54654366838385 0.138126366290919 0.682722066671392 0.106975086995933 0.0452843834075763 0.00147146405789377
"ufb60" 0.647936084512132 0.180423733828513 0.109566833714713 0.115901028712824 0.0593298300115447 0.137073281269946
"ufb61" 0.701328303073175 0.173369521016646 0.67831010056442 0.136301371598951 0.0618878870510753 0.0433746345065131
"ufb62" 0.690484533337071 0.172267423337269 0.450216168408899 0.122772655062558 0.0772966189320006 0.0818104891517519
"ufb63" 0.776001460463175 0.188110170003051 0.618869763791256 0.14199044926025 0.082756263678078 0.0846154304173588
"ufb64" 0.794831030125148 0.193458821740758 0.606926548514298 0.146538839413792 0.0987992030349487 0.105266450098595
"ufb65" 0.684102440202948 0.127860036453432 0.819142746069061 0.103443677836891 0.0484084400871847 -0.0104226499991848
"ufb66" 0.657857834311925 0.168059307478104 0.25986277193581 0.10965594790532 0.0658952406831161 0.111614148286226
"ufb67" 0.641474836752193 0.16481350338511 0.224222677616293 0.106043149792819 0.0616974532888298 0.110620463391292
"ufb68" 0.622734250475662 0.169138090498692 0.0723763912153681 0.106985920573067 0.0348878969839032 0.12590023700518
"ufb69" 0.731104162898266 0.185709409184211 0.559264933730507 0.137364797342259 0.0814672371610378 0.0819086353232108
"ufb70" 0.65605560609089 0.184745379097277 0.117971850119563 0.115555626454925 0.058387934699547 0.139964647100759
"ufb71" 0.6212775318882 0.162257486379497 0.145986873097831 0.101615467963723 0.0451361990977884 0.111680175675395
"ufb72" 0.608365611504385 0.149209372823822 0.307501739403296 0.102282522828322 0.0602258001834537 0.0848826975098383
"ufb73" 0.601608298971957 0.148646727610858 0.283815518677345 0.101299756688303 0.0550894745645843 0.0878784813545739
"ufb74" 0.629369439162382 0.173780802003129 0.118703353705607 0.1122401678453 0.05834744634786 0.129065893924233
"ufb75" 0.704435028248588 0.209530460850875 0.442644861918497 0.153307446049006 0.0687485824977503 0.108507588468191
"ufb76" 0.719721471113232 0.176992876658785 0.438723971109381 0.126049946805026 0.0863025893751901 0.0974952712630375
"ufb77" 0.69748351500471 0.169850987698866 0.499468174385203 0.124238175682553 0.0768201057587227 0.0790771844700565
"ufb78" 0.625176423146717 0.16551374398967 0.130572247188663 0.102907840150469 0.0485054323501477 0.115135431770163
"ufb79" 0.731903803910002 0.196820934092073 0.367856408468512 0.13831586171271 0.097886847409407 0.132052022900474
"ufb80" 0.648244556384758 0.17965347000305 0.0865489504569808 0.113377547827436 0.0415081245784866 0.137008844621793
"ufb81" 0.642136997133538 0.159082326653585 0.459667218031175 0.118139731555275 0.0696981584441284 0.0664206534102684
"ufb82" 0.675173405311889 0.183736100259553 0.237241713227737 0.120073632930452 0.0663045805522437 0.132844762991134
"ufb83" 0.647683372419281 0.180482583375297 0.141578465389202 0.114053323331257 0.0551804521269526 0.136141146616369
"ufb84" 0.651164802865046 0.182361815563216 0.117941446395489 0.114899682159114 0.0550099271079437 0.138676196382844
"ufb85" 0.563105188194897 0.138922995469067 0.196439513578713 0.091729657943451 0.0482651570037093 0.0775213776073649
"ufb86" 0.542995884894408 0.131168103104047 0.189005413462468 0.0837648913613578 0.0446496166103855 0.0769831012393963
"ufb87" 0.651585108703556 0.169350620402061 0.189945400430112 0.114049858329742 0.0491845060978822 0.117558844379521
"ufb88" 0.606119098331558 0.167739233466436 0.178528756654584 0.108299429026361 0.0536337854850075 0.108201545493297
"ufb89" 0.631393043791674 0.149315778711742 0.551634136749067 0.107332152423235 0.0557194838619971 0.0401189257227807
"ufb90" 0.589527119171616 0.144623777111392 0.251305991941955 0.0968563368121159 0.0537584734013326 0.0865751119401739
"ufb91" 0.645296414493604 0.168503174947602 0.189961597021601 0.111323125544601 0.05190849259566 0.118359312509958
"ufb92" 0.658268493221802 0.186514907083473 0.107898530243579 0.116709527397699 0.059774198774937 0.142501440615617
"ufb93" 0.64172013959248 0.176392301713286 0.109566833714713 0.113391693476171 0.0561504770282694 0.13282690510664
"ufb94" 0.652506804629226 0.193854687404124 0.311536027502259 0.129681309459734 0.0800264873665656 0.115558043998506
"ufb95" 0.611915108401618 0.169951025178129 0.263082650640547 0.109921061396723 0.0599669057932508 0.0970608949869786
"ufb96" 0.604802659113103 0.162026057237602 0.238842903713283 0.103776413595895 0.059663993417628 0.0941884181422867
"ufb97" 0.597140993124641 0.156573108140919 0.214884860470496 0.0998652911874263 0.05796770420461 0.096262440505135
"ufb98" 0.626305316900865 0.175837166671917 0.275069740727634 0.117315993601297 0.0718620001649769 0.103463923595648
"ufb99" 0.658564502026866 0.167277117192706 0.45020161372473 0.116789748818928 0.0738534090875563 0.0760468985907752
"ufb100" 0.667082673809814 0.174247866195563 0.438711626619095 0.122431675752514 0.0826382171065657 0.0943225449376524
"ufb101" 0.625076486881624 0.155932240611422 0.281323809989091 0.10249340522983 0.0552164108293681 0.0920231972845275
"ufb102" 0.61007487037103 0.154712078700212 0.292581620091377 0.100822030463891 0.0562994184519294 0.0862383789548641
"ufb103" 0.647183742812337 0.165305910278621 0.43282224337243 0.118264049933766 0.0718016455383352 0.0734844927262455
"ufb104" 0.552113502827049 0.133515454645922 0.213171900288469 0.0880340824919254 0.044486339209647 0.0773265452813507
"ufb105" 0.547096184338962 0.130341566155964 0.188702249982692 0.0831796663455118 0.0410757835622544 0.0778925484457758
"ufb106" 0.588569144684253 0.134793303758622 0.566660630612559 0.100309239498962 0.0550608463572951 0.0242510283616392
"ufb107" 0.745709596966354 0.202794256578772 0.368577124040864 0.144345296660617 0.0843236530703371 0.125518876812618
"ufb108" 0.610484297420107 0.1514913912946 0.291350967638564 0.100962561506988 0.0594757555749259 0.0874297542657027
"ufb109" 0.603868471953578 0.143917368331731 0.694850779112567 0.112459722107383 0.050271641180262 0.00799412850728025
"ufb110" 0.59473316792921 0.146098972378367 0.287105694370095 0.0961483641367344 0.0580702026532209 0.0816309400096492
"ufb111" 0.666652724665392 0.174051852273617 0.228202319261247 0.112144024940417 0.0684532380601126 0.118014126620404
"ufb112" 0.596637785905605 0.150154556405417 0.146419982748403 0.0920497639393764 0.0365970349443019 0.10030632849276
"ufb113" 0.604918690850703 0.155773284326325 0.146511886741679 0.095350413792047 0.0383931365063089 0.104790514593937
"ufb114" 0.82870528109029 0.170260440529694 0.809299355660166 0.138681186518526 0.0658767659847955 0.0397766238683907
"ufb115" 0.687037152280789 0.176897249098556 0.528111448857848 0.129175284010838 0.0650138664706841 0.0715107714326201
"ufb116" 0.545324882963917 0.133292129689565 0.412286216671129 0.0892092870914116 0.0548738179872358 0.0492938602957204
"ufb117" 0.611110645044924 0.163993048851253 0.118892654541208 0.102639573003839 0.052939256848981 0.117218776594186
"ufb118" 0.610275522717718 0.160522207433413 0.130572247188663 0.10003121540777 0.0488546767583186 0.109842553897287
"ufb119" 0.621771751499605 0.166978303806605 0.130584481680133 0.105739038322469 0.0484444763821752 0.114935782601212
"ufb120" 0.581597167880104 0.153159689604275 0.12025818161391 0.0934739612945151 0.0358797458490523 0.106619481053708
"ufb121" 0.656332893737669 0.184373458585785 0.107835899066738 0.116203243235053 0.0426950963994088 0.141929318250999
"ufb122" 0.641974614621689 0.175697519231847 0.108300791095477 0.113414493754675 0.0545575659899663 0.13209620769265
"ufb123" 0.714749552256052 0.192172292822174 0.300084822309757 0.131925588438244 0.0662394043587925 0.134591685639776
"ufb124" 0.840350469101341 0.215852144908171 0.743624132145259 0.173061908669155 0.0813788739340471 0.0911342026800973
"ufb125" 0.638570065443187 0.177214505965113 0.176931582477481 0.115054242588436 0.0634448424389099 0.127594511653449
"ufb126" 0.644503615527188 0.211552921148539 0.375197630546032 0.155850446222284 0.0731431110801489 0.110484001270444
"ufb127" 0.584507722007722 0.17466374367616 0.327233013078598 0.12143230195532 0.0682532689503 0.0840879948857158
"ufb128" 0.636296773339272 0.171931442338012 0.095177937984894 0.10920080731531 0.0410533453798807 0.128840607539089
"ufb129" 0.591352730921567 0.155842394362626 0.130571950710482 0.0953365346249381 0.0418083800977547 0.109462416490861
"ufb130" 0.574403886750552 0.14718095982599 0.201163573527023 0.0888687193703514 0.044329819273376 0.0957268371705433
"ufb131" 0.612652117751037 0.158764870295702 0.416310796627512 0.111190144786375 0.0612886530934615 0.0667788400753348
"ufb132" 0.643034530333806 0.162219438613518 0.26988325410202 0.105544281344667 0.0540498923613808 0.102344952636139
"ufb133" 0.709652697948236 0.171803029466976 0.530086991619843 0.125088301638712 0.0724258938541195 0.0805907430572161
"ufb134" 0.637133781163069 0.16362551790278 0.192329334673706 0.10777702650011 0.0441449508438276 0.111474358376301
"ufb135" 0.655218779013666 0.183620283525005 0.107815719555576 0.11501045884227 0.0559905971038627 0.140436437810415
"ufb136" 0.627355066177134 0.17231229958984 0.117855514969139 0.106201981145894 0.0571552230179869 0.126834183244845
"ufb137" 0.64790355639083 0.181968832041178 0.117912855912407 0.112259284563626 0.0569962524083442 0.137697514458143
"ufb138" 0.581446594865069 0.14042003604915 0.248665692703769 0.0945906346029334 0.0494709636855862 0.0846361478997502
"ufb139" 0.630253701861788 0.173213401521395 0.108019908586539 0.11082924834746 0.0532014875888718 0.129029086130057
"ufb140" 0.750137607252712 0.163175204308806 0.662346341246168 0.123533439981843 0.0735506389330919 0.0562713222726589
"ufb141" 0.631471882214575 0.166603735202336 0.158254762878835 0.10327032970706 0.0505944015086045 0.11629800632933
"ufb142" 0.618032087288497 0.151969516731724 0.327905800527699 0.104080661502813 0.0611922296715153 0.0835036664878148
"ufb143" 0.660901517818096 0.165953510142783 0.379375968043821 0.116086291138306 0.0773113093972665 0.0985371780131703
"ufb144" 0.612065374575947 0.157987151187712 0.118611177115307 0.0980772791851417 0.0446389583082278 0.109852106247076
"ufb145" 0.617314817009108 0.160660483567274 0.132100224450187 0.0996588682200773 0.0487395459407467 0.111442834766015
"ufb146" 0.690579684946274 0.153811935957297 0.59282347432736 0.111312113829747 0.0648563489048976 0.045519630219267
"ufb147" 0.709213933673043 0.181874061194841 0.67057458484197 0.141720200787243 0.0640374031575209 0.0518920811846562
"ufb148" 0.635776813111255 0.157957590677749 0.4267604939032 0.109808037936623 0.0743172886253831 0.076455518418127
"ufb149" 0.72719741020881 0.192056016759704 0.354260606899457 0.133529699096961 0.0915308011042966 0.126759467555393
"ufb150" 0.831540254617178 0.172344181044898 0.785461775117686 0.136558243640896 0.0643592621835285 0.042188050839245
"ufb151" 0.639298886087692 0.169335251203604 0.320887111286355 0.113890128095521 0.0686400408928697 0.109999152986775
"ufb152" 0.625890720856396 0.163191452812098 0.296938269228958 0.108040152094344 0.0609301779906884 0.106366036110215
"ufb153" 0.611396401630812 0.159314755154842 0.141729556838254 0.100825737740305 0.0560531975958641 0.106861159026187
"ufb154" 0.632626565402085 0.169786125272784 0.178088559784304 0.108258085998811 0.0554453859647747 0.110498274083648
"ufb155" 0.628653717577275 0.169592278213649 0.201735106124338 0.113644491904532 0.05380484482728 0.102492389741813
"ufb156" 0.617838036263412 0.167697904236787 0.250819091301875 0.111066908954365 0.0649656613929284 0.100319425850534
"ufb157" 0.721832566168009 0.19660501772676 0.288223421869248 0.137801251149343 0.0715751259933734 0.139333720632381
"ufb158" 0.657201655539801 0.177505674293108 0.226005534859939 0.118967339893027 0.0730647874968892 0.121700497758533
"ufb159" 0.838746766312159 0.156856193871288 0.843255443801146 0.128583809350465 0.0611704050192679 0.0236671666356534
"ufb160" 0.634733751501401 0.171224022093827 0.118786936727769 0.110342486257732 0.0516566027664116 0.127384368591289
"ufb161" 0.613829519139758 0.157704944258916 0.156183312813063 0.0984659117861177 0.0438385793424833 0.108311674348295
"ufb162" 0.652055766684383 0.184701082270161 0.165319044468429 0.117339609384806 0.063818543123466 0.13811362684275
"ufb163" 0.711163808828895 0.158401825603642 0.557695143459517 0.110486466356957 0.0733082800572632 0.0661121887457349
"ufb164" 0.630932074605665 0.168045802227663 0.168346461130904 0.106660827541122 0.0506672835485187 0.111525219819802
"ufb165" 0.647560523580757 0.16993253288195 0.204488836732606 0.110039609203402 0.0543214257465279 0.110655137061979
"ufb166" 0.642196357337812 0.161804617587196 0.270310518951631 0.102704574263541 0.0557165430393276 0.104860220327191
"ufb167" 0.576696512723845 0.134308951246005 0.707077172237055 0.108980278762805 0.0445545307694639 -0.00330250558298954
"ufb168" 0.749155467161931 0.178061423304077 0.569665152762788 0.129416602466161 0.0856827737115962 0.0882376736620284
"ufb169" 0.631728513366157 0.156740713117002 0.532914268112923 0.107923576640671 0.0566437624756166 0.0489760929640298
"ufb170" 0.625970128256231 0.146890180054808 0.404271527080931 0.104512177006568 0.0553552627266304 0.0644462838217217
"ufb171" 0.613605007234916 0.143651945871105 0.356525711771194 0.0988626716182683 0.0547783726291321 0.0687648330698021
"ufb172" 0.597037793667007 0.138778724649561 0.348773869105874 0.0935744149261559 0.0576361264999981 0.0693287654539738
"ufb173" 0.595075274567068 0.137995996929893 0.355722348377307 0.0905306127171095 0.0588299396787632 0.0729822645030083
"ufb174" 0.607746289769087 0.161992743683829 0.154259418448884 0.106184000997973 0.0546558159698278 0.111373069165574
"ufb175" 0.587929696816837 0.157056751533372 0.177892247902116 0.101296586668281 0.0507288000734019 0.102258477498781
"ufb176" 0.612964359969825 0.171165499785867 0.20230684644436 0.111732217156251 0.0578311997446354 0.108414985302481
"ufb177" 0.640627037001133 0.179304044797654 0.177187170646453 0.115911227231861 0.0651166766333545 0.131223350441069
"ufb178" 0.5809844118683 0.151160045528763 0.130836119315374 0.0903438347972861 0.0394301436913539 0.104511617325704
"ufb179" 0.627155651167413 0.169799680368426 0.235487378468807 0.111913684749103 0.0634181612311472 0.113429874088339
"ufb180" 0.535814606741573 0.131098162145257 0.690347663358625 0.100187270758213 0.0456246788362594 -0.00554426596759135
"ufb181" 0.524548004987531 0.129805907529807 0.554078120747431 0.0959703207789841 0.055504574998424 0.0185449893595589
"ufb182" 0.623927665318721 0.167893433882208 0.118703353705607 0.107764491492155 0.0460726173232993 0.122859901974441
"ufb183" 0.632453374862309 0.163773426791869 0.343577724992816 0.109414779565487 0.0612565364169132 0.0905482472548428
"ufb184" 0.657862064458982 0.185128165172547 0.119441294010255 0.116705417325906 0.0526626885388246 0.142024943369971
"ufb185" 0.598922955679814 0.160898627766283 0.185493107196017 0.104880396461111 0.0597512649654014 0.0973489318988973
"ufb186" 0.60382642554944 0.177549787538998 0.210739362161917 0.116119161572374 0.0697403212787556 0.105250328738403
"ufb187" 0.675890643751259 0.162169578448877 0.475433223143738 0.103970289921291 0.0670799518834095 0.0886996339668132
"ufb188" 0.686054953646822 0.208249845113075 0.406699338189834 0.151915315252302 0.0692413496546337 0.107063308637287
"ufb189" 0.548638080867046 0.131572841644682 0.179409308639495 0.0841862498318261 0.0420570446724404 0.0791980820425056
"ufb190" 0.537797588019961 0.127747780152501 0.165349477201372 0.0819236608301963 0.0347769695616818 0.0766000087406943
"ufb191" 0.601704732652432 0.157527479331095 0.30829056017416 0.106461229654457 0.05415161049598 0.0757571916400324
"ufb192" 0.78430792631401 0.204429463763316 0.487743328532479 0.148632315679918 0.103779981181656 0.127546120960144
"ufb193" 0.711023276240668 0.170102179995214 0.580854848450333 0.128331130694901 0.0715688917668032 0.0643916105087273
"ufb194" 0.709386335344535 0.183300975488056 0.391554899023545 0.127732350288906 0.0866518544435179 0.11190877388266
"ufb195" 0.597264541275487 0.154754779588244 0.212566234776101 0.0972562293570719 0.0531186594073312 0.101986677892939
"ufb196" 0.626246642121987 0.161258332630849 0.201920137290374 0.102284048605824 0.0548325031569148 0.104314614380507
"ufb197" 0.528454816726812 0.127184569185653 0.329369273410373 0.0825244190629762 0.0499152312932119 0.0506732697299282
"ufb198" 0.682884431709647 0.161097725260431 0.511543954272877 0.117249207125165 0.0659324224623196 0.069366784324507
"ufb199" 0.764905273668445 0.242628526554041 0.458946326380957 0.179532933263696 0.0916581683877377 0.145627565986946
"ufb200" 0.649616312570461 0.180550287561129 0.249945000740493 0.117090146535083 0.0639976351226115 0.114242580292355
"ufb201" 0.596107252847684 0.144275352251291 0.343159350747632 0.0977316423309275 0.0612826174195238 0.0796689107628562
"ufb202" 0.590330223325436 0.143579990842482 0.263217768938911 0.0956049045526855 0.0527514220027259 0.082449151605326
"ufb203" 0.58667771201581 0.142061669774276 0.239763981187208 0.0951045626142278 0.0514464550372189 0.088530842233036
"ufb204" 0.596400018308871 0.148040005137589 0.263144831229918 0.0993630783583816 0.0623965629107022 0.0872875708128274
"ufb205" 0.617840336984846 0.168574607987245 0.178475814371982 0.108134307163541 0.053525410299135 0.112041428473745
"ufb206" 0.624914675767918 0.130984584333135 0.633782597928303 0.0963503654790569 0.056199220382635 0.0202888311511536
"ufb207" 0.587568313707814 0.142718161521406 0.239668552908871 0.0957047519313403 0.052014735237499 0.0870933035292977
"ufb208" 0.624777801091892 0.162203069320208 0.156358262596293 0.100277758062067 0.049832398294692 0.113081621515319
"ufb209" 0.643480114866711 0.178613770445497 0.153256809824799 0.114290901901062 0.0618730724437584 0.130492636179421
"ufb210" 0.596691543471027 0.156749966127248 0.340272402366164 0.11132210349329 0.0705625263492362 0.0750162413132452
"ufb211" 0.624381735501152 0.148912515005844 0.433467209580091 0.106113969384623 0.0643043116245439 0.0665201124054636
"ufb212" 0.60826692684473 0.160233501885132 0.118619305585006 0.103981742748664 0.0476842416096357 0.113230873524515
"ufb213" 0.610452069108049 0.160403192379388 0.1543421732806 0.104241304246571 0.047229248961437 0.112387228739718
"ufb214" 0.507099627560521 0.145726729275101 0.597328842424529 0.113698527285624 0.0416819223609228 0.0102769072532769
"ufb215" 0.599987421647345 0.162159543238701 0.235157338558983 0.106638527267619 0.0604307743392523 0.102323413297924
"ufb216" 0.646215442565903 0.155830766142797 0.403125920256857 0.102476940913028 0.06678819766248 0.0874795597634757
"ufb217" 0.703737892011125 0.180681565738416 0.379518842203357 0.125136340063231 0.0855703880969457 0.109060386966009
"ufb218" 0.627437136431423 0.160029715517304 0.168325135904551 0.104465575037131 0.0439765497208996 0.110819133226159
"ufb219" 0.700959519884241 0.184173434933009 0.36766250712645 0.128861796512354 0.0896106590235676 0.11285749985753
"ufb220" 0.694770074153839 0.164700981791519 0.511392793951376 0.110737201228065 0.069479700690416 0.0837061788732577
"ufb221" 0.605417814508724 0.163077341900918 0.190250026810819 0.103926152613865 0.0560542264223095 0.103265430006756
"ufb222" 0.539575498631593 0.129794078500142 0.194039108746274 0.0847039775592574 0.0410488429749959 0.0755067445036654
"ufb223" 0.638468692354688 0.17479286835528 0.0854893140095846 0.11054735362169 0.0404594127787595 0.131895447644983
"ufb224" 0.560492641785649 0.139899244457887 0.260798328918116 0.0936984087665076 0.0511550710897236 0.0704156658798867
"ufb225" 0.603951040909063 0.156457385691736 0.107945501544161 0.102129019188002 0.0419742164354285 0.110092535261299
"ufb226" 0.542323037952665 0.144525537133112 0.246719196151992 0.0963434356092991 0.0568995176349454 0.0753391643562864
"ufb227" 0.714969809290369 0.185031509701387 0.391554899023545 0.130775804450089 0.0868796185106313 0.113790583711285
"ufb228" 0.93874776994308 0.1739867740796 0.904649677830083 0.143343197898575 0.0708369292597526 0.0440889560225518
"ufb229" 0.707663870325608 0.190317213444635 0.345372604002446 0.132746611708643 0.0824015577842574 0.119328303169129
"ufb230" 0.618974666072301 0.166318784954228 0.106692821248791 0.104308949075268 0.0472924951994568 0.122221387178944
"ufb231" 0.635570707517931 0.125968694052117 0.67655845608244 0.0953020115490937 0.0571670190717711 0.0146340134788311
"ufb232" 0.620645777000159 0.163653642676553 0.130132649067783 0.103733051963986 0.0510984026118552 0.118961675943122
"ufb233" 0.558157385828333 0.146291347496224 0.131036685529201 0.0890983025137115 0.0392545016715849 0.09624005913105
"ufb234" 0.695769078687228 0.145786711276889 0.642371019635505 0.104880831313242 0.0591079966479895 0.0368968365664643
"ufb235" 0.679005372144171 0.149690565951907 0.510254432364993 0.105470120105446 0.0686757854048728 0.0673379592040402
"ufb236" 0.65721577108962 0.160680892329175 0.391310625839108 0.105144982989107 0.0681413181687196 0.097159826477951
"ufb237" 0.621192743119701 0.161175774173725 0.145939744908173 0.100692533073423 0.047107968877992 0.113227856174012
"ufb238" 0.609220432704814 0.164980905662445 0.180397208849612 0.106357367019292 0.0524554910963715 0.105305034759512
"ufb239" 0.6248591754326 0.166987461181505 0.180359584931677 0.106069338470038 0.0497919049214507 0.110394202010223
"ufb240" 0.654980967103841 0.184035136544879 0.381972093734677 0.127158713769468 0.0679141588922881 0.0946349123177034
"ufb241" 0.610360139058501 0.151755704790732 0.308055387620804 0.10071880885986 0.0625088695044489 0.087696529067359
"ufb242" 0.658171102201192 0.186147867075892 0.143960598188099 0.118135848328405 0.0604616545058036 0.141444171672223
"ufb243" 0.543058918087098 0.129498799236518 0.169961589699582 0.0832344815616465 0.040265704485632 0.075209690658592
"ufb244" 0.611320604217558 0.158925526353588 0.154065250499086 0.0999891225585817 0.0473012820028644 0.109609601473095
"ufb245" 0.616169745587197 0.160190609061677 0.158254762878835 0.0998969734115177 0.0494076114674113 0.109497769040604
"ufb246" 0.625580855018587 0.153214255907075 0.343764179686702 0.104586102821121 0.0604880573929396 0.084827069777815
"ufb247" 0.583326772284965 0.141632773681111 0.259721131753909 0.0927123328196211 0.055763762256507 0.0859778299104905
"ufb248" 0.675632733933979 0.165699091048173 0.457620113215788 0.119008566225216 0.0628263184643218 0.0742700132335088
"ufb249" 0.609626345788474 0.127397786843233 0.758822531540689 0.0984245204381274 0.0451509170752792 -0.0113122783209397
"ufb250" 0.573796069832167 0.128429591958608 0.575816058689093 0.0934749388785014 0.0510231044739142 0.0170742632352932
"ufb251" 0.629012700147183 0.17211992872256 0.118739278386832 0.110383447086747 0.0566655102217139 0.127878306949489
"ufb252" 0.588054011119936 0.150051351654774 0.382334689121309 0.103607242518604 0.0597074158449097 0.0675554318559462
"ufb253" 0.642118369893413 0.166203356602693 0.237495734020608 0.111203264726657 0.0604123868852063 0.10968253224766
"ufb254" 0.662179400752948 0.166370357627994 0.438711626619095 0.118533472169242 0.0754414283552852 0.0856825649489385
"ufb255" 0.806355680176736 0.182245854708586 0.829082754763506 0.148816154423139 0.0714206507487024 0.0530675599294809
"ufb256" 0.592374848149693 0.152298606825045 0.212681822622746 0.0956218815483813 0.0531773205339797 0.101146303475378
"ufb257" 0.530820777138599 0.13149111496951 0.294279638713928 0.0876224730578441 0.043453153219046 0.0612464084517858
"ufb258" 0.764292779426311 0.174177431043765 0.714007752434194 0.133382645527406 0.0605214062528108 0.0443095954650413
"ufb259" 0.678304316792353 0.177388542102604 0.503901359282736 0.127910852664607 0.0684232123086981 0.0720649674450013
"ufb260" 0.609206101661874 0.160056843889333 0.238651292988463 0.101712390785396 0.0598085917606047 0.0964937467245631
"ufb261" 0.640703372729893 0.155639643798869 0.427013322776887 0.109014144502902 0.0669662177178371 0.0738632062064008
"ufb262" 0.619585676305202 0.166170714590401 0.118869816433955 0.103901203177279 0.0485200707707264 0.121039828044912
"ufb263" 0.691209157590576 0.186644160917549 0.261099383896214 0.124554403049264 0.065982619359294 0.131514876896991
"ufb264" 0.680447795761663 0.184950890046097 0.237225142769672 0.121798312787589 0.0645615136877953 0.132113233705678
"ufb265" 0.617112607313594 0.161082068130893 0.106629082377674 0.102890986085677 0.0427527221074476 0.116251678295499
"ufb266" 0.605477262681226 0.160387583204784 0.15430427199445 0.104801935127766 0.0476047480575611 0.111129187883899
"ufb267" 0.583240165877717 0.141871409402482 0.287407655928124 0.0938246726565833 0.059190037136381 0.0806935150584637
"ufb268" 0.657441449041041 0.167365299979337 0.228296713219477 0.112489729336791 0.0504702815194881 0.113417828252716
"ufb269" 0.647707446079956 0.177918333712271 0.108339355661964 0.114171034092784 0.0532498033519509 0.134768679404952
"ufb270" 0.659938162286008 0.187357749410848 0.0832435929055521 0.116603653964832 0.0486229450385202 0.14511362076745
"ufb271" 0.681259371343675 0.180883171275488 0.236555253241111 0.118824030839487 0.0705470520560512 0.122435043959702
"ufb272" 0.591089165927149 0.156741316078634 0.110896259266054 0.0956695256313921 0.037895429241965 0.111110380035564
"ufb273" 0.665430770972489 0.189930573990405 0.107838958214525 0.118912669150801 0.0574051917542391 0.147410235654846
"ufb274" 0.549747707266767 0.139460239317552 0.291108127107087 0.0947796384794334 0.0526001522905192 0.0641060464545152
"ufb275" 0.538552685378601 0.127956517799145 0.179179105928989 0.0813159294554936 0.0407396768211666 0.0714148308855373
"ufb276" 0.654100687438011 0.18359915015098 0.0959929935808753 0.115318573841105 0.0414232644106993 0.141115354545999
"ufb277" 0.546619307370291 0.125947786946301 0.710575153106141 0.0932995898655294 0.0403714078254505 -0.0115045827988679
"ufb278" 0.75730947006342 0.208220053333662 0.405024831858485 0.151408579022244 0.0923925488030361 0.131470611204344
"ufb279" 0.76880738664129 0.185398213679454 0.630790729803406 0.14300174034019 0.083300625379257 0.0815577705227742
"ufb280" 0.681214134702507 0.162100479963196 0.481266946326297 0.113679998399778 0.0712134405386626 0.0808535192804908
"ufb281" 0.59968203948956 0.153227080779064 0.19016751270174 0.0968658449788675 0.0467047575745295 0.098219628831707
"ufb282" 0.513713805485522 0.133294329564135 0.379052592772608 0.0907481259878118 0.0577525081029059 0.0493899556970055
"ufb283" 0.537958722693236 0.135551455655531 0.352025576176606 0.0907475677779656 0.0560015923874783 0.0596846770206839
"ufb284" 0.502747191494377 0.129726515658297 0.200146323776686 0.0808120340229847 0.0489228191934582 0.0706941551344424
"ufb285" 0.58937792732622 0.143312945872143 0.291514145481679 0.0947940333241429 0.0592682993345217 0.0852380385927868
"ufb286" 0.614438257540009 0.175579054885346 0.280298947901081 0.120639263082149 0.0660307310051574 0.103192734558896
"ufb287" 0.624539312533596 0.164988658659136 0.273016897900962 0.108224337844628 0.058620811673662 0.108285285370289
"ufb288" 0.615622842433352 0.160345629440083 0.261038373532872 0.104074805597006 0.0576245816224469 0.105823606245614
"ufb289" 0.614857983002292 0.159417101612447 0.177510490693799 0.102279044264821 0.0562084389556714 0.104852776119454
"ufb290" 0.629794630976958 0.165594458129905 0.201949672480538 0.10616545427831 0.053949544886053 0.106007268486708
"ufb291" 0.638155696180623 0.175756352396501 0.109566833714713 0.112725793077304 0.0577645634098974 0.132159024585816
"ufb292" 0.659871457289278 0.197679886461387 0.264684581370071 0.132487729982338 0.0667311964402063 0.119654472385037
"ufb293" 0.611682631285783 0.160466826761339 0.118290754182555 0.0998358937647457 0.0480981531376633 0.112478384714575
"ufb294" 0.632962587121349 0.173442642299728 0.0973132856452888 0.110511066873822 0.0517555884783089 0.129720346857358
"ufb295" 0.597994980951019 0.156097373597342 0.190207119479079 0.0985498557321401 0.0465548650604784 0.0987642629588504
"ufb296" 0.586418274422641 0.14260779308377 0.24275353112739 0.0946106428602188 0.0550725908431459 0.0814679930281895
"ufb297" 0.653515103341816 0.173734127306159 0.189812833986555 0.114093648731542 0.0520881038089314 0.122215667093329
"ufb298" 0.504002523578544 0.122957582589994 0.225921697793985 0.0797560598353097 0.0364429836740448 0.056691878331494
"ufb299" 0.67593292609169 0.164328426376932 0.375984204382063 0.112401736646138 0.0734528538455431 0.0910879970192506
"ufb300" 0.664774724116117 0.164506720344962 0.475544535309976 0.118636787287212 0.0641530922339762 0.0727552053023263
"ufb301" 0.729528319605055 0.194214674937967 0.357412530510921 0.135680246888066 0.0888858722913618 0.123567474463937
"ufb302" 0.714949877250409 0.191852505198076 0.333893181286866 0.13014324013833 0.0871216608823947 0.126599552431316
"ufb303" 0.673827242062802 0.173096866004956 0.379220489943402 0.1193562081991 0.0770378089106791 0.0932229290942171
"ufb304" 0.739399105991272 0.196179645139138 0.379703438938965 0.135035766406913 0.0947178616551068 0.131359019966181
"ufb305" 0.607617561990186 0.15815042160112 0.491127088568268 0.116786328511056 0.0569118728660251 0.0505135646465846
"ufb306" 0.599874730578634 0.147353550916025 0.479992306811373 0.105655380354648 0.060534040440052 0.0539140284305027
"ufb307" 0.65999011887214 0.186593002137345 0.143410030244811 0.117625955202744 0.0571077638688374 0.141901158388691
"ufb308" 0.541097129843362 0.130245747093399 0.159170461188403 0.0827842052428066 0.0373899769488461 0.0777740771161523
"ufb309" 0.634343546012332 0.170564548776766 0.165221990235626 0.110988039398287 0.057874200471622 0.121971848683651
"ufb310" 0.64688138681638 0.177287502489486 0.15335533867701 0.113507810059541 0.0599136550304251 0.130276423517288
"ufb311" 0.630046378959898 0.168857679004117 0.375716271550614 0.113737434372752 0.0680448487717257 0.0880662695783621
"ufb312" 0.668063586091724 0.167780322362134 0.436557105185996 0.122550616495454 0.0712977773788709 0.0763826086326048
"ufb313" 0.700605916597362 0.183957787345871 0.26424964530166 0.126965887010383 0.0542927685900524 0.125833563491831
"ufb314" 0.660572019736547 0.186030774834548 0.0959596521016021 0.115752833892239 0.0558153675812462 0.143305737032222
"ufb315" 0.623563853089874 0.166100624888601 0.0832460934984219 0.105227544365779 0.0328396499899573 0.122704702416913
"ufb316" 0.718612603810454 0.154916565891223 0.652732680541798 0.116231371069713 0.066637311284842 0.0467656269812243
"ufb317" 0.666507294191918 0.191154031266469 0.0983259011791867 0.118905552899135 0.0522920355680866 0.148925161022919
"ufb318" 0.622520320964441 0.163140557073823 0.108058339284683 0.101383890884878 0.0477295261976959 0.11632074933083
"ufb319" 0.622739720565394 0.162985954952728 0.121580626014365 0.100849101858509 0.0511818870691018 0.115143623357328
"ufb320" 0.544516789212652 0.132924561905647 0.184230034438767 0.087641568873814 0.0415147901679746 0.0766756482556792
"ufb321" 0.630557515011343 0.173200738504378 0.111048772682062 0.109371948607015 0.0473317633381101 0.130036771429342
"ufb322" 0.589347685744959 0.157340596882261 0.146336030739115 0.0946109539076178 0.043543551418113 0.109170719798194
"ufb323" 0.646230155285075 0.171245836851672 0.249509720090229 0.112482159867987 0.0606730121883977 0.10427956178116
"ufb324" 0.660114676922193 0.183925145680903 0.142192636832576 0.118136188716153 0.0619899165243372 0.139101157166504
"ufb325" 0.570283407157697 0.137450677928431 0.415772607323096 0.0927735935531502 0.051566994759446 0.0426542139767996
"ufb326" 0.631034011412623 0.171042826843553 0.200329160139379 0.11234477406475 0.0643892217062112 0.12101663948767
"ufb327" 0.573551244352005 0.152898529546575 0.131000757015383 0.0922926988153422 0.0400832972708169 0.104462072852169
"ufb328" 0.791279784256162 0.199281676629941 0.523434169476126 0.146028349350951 0.0996462659625874 0.12190085552054
"ufb329" 0.589193557534169 0.144435272230635 0.299204686462529 0.0968056724462931 0.060763331066239 0.0798239883401027
"ufb330" 0.674560056690681 0.203461435003915 0.406699338189834 0.145206211385243 0.0617465353131923 0.101662934474592
"ufb331" 0.691789047488334 0.171017692931011 0.482687415424587 0.121905567696534 0.0714448315662343 0.0800865822446724
"ufb332" 0.639870692833803 0.177134761830591 0.0961888325341802 0.113359844350475 0.0543045939467442 0.133609472945417
"ufb333" 0.602429511520421 0.143098732366726 0.498037205448459 0.102376901076461 0.055188573356094 0.0492727433637747
"ufb334" 0.55588060520181 0.134521452314958 0.406494489527987 0.0898758639756544 0.051896896975078 0.0507891582583719
"ufb335" 0.613233544368876 0.160773874043375 0.0961021013504109 0.10387749084092 0.044086106043182 0.115356410759275
"ufb336" 0.723303378364974 0.196823266983596 0.369634961694494 0.137337584952837 0.0895291390104019 0.126404774726842
"ufb337" 0.771209961743305 0.217577325328814 0.629328707023494 0.164158242570181 0.075898268518534 0.092072592432752
"ufb338" 0.59214953271028 0.141182671407098 0.69022889083566 0.111129528610647 0.0469429326116955 0.00612612074533857
"ufb339" 0.707331713086922 0.186469596503602 0.2847028876185 0.126526739488238 0.0592763112468375 0.128525169855907
"ufb340" 0.753042287800426 0.191983485863228 0.70226511899479 0.15102896012887 0.0710165241795818 0.0649158084377537
"ufb341" 0.653735452383932 0.136257559033331 0.749705404303967 0.103229103552517 0.0469624661890146 0.000426491292472342
"ufb342" 0.642426509995854 0.178729660324329 0.166842153871048 0.117339111853876 0.0616354383224001 0.127520888390538
"ufb343" 0.735849056603774 0.170774403910858 0.743760185352593 0.135881804942897 0.0634395169274135 0.0401213263680496
"ufb344" 0.554396190205416 0.138246807446896 0.260882927505909 0.091879610530789 0.051051389221662 0.0732024581925284
"ufb345" 0.662013446403966 0.182917894599354 0.165971003312211 0.117356191302906 0.0608363212209409 0.136230667605291
"ufb346" 0.657859137449581 0.157225506283009 0.463811454153591 0.110765332893234 0.0686372780594878 0.0757804082622646
"ufb347" 0.557760145354737 0.154027502017302 0.293821884252611 0.106475240536275 0.0617434177564531 0.0719915104173776
"ufb348" 0.881289308176101 0.179896056418196 0.902333002722003 0.151685559009583 0.0749723539317715 0.0501553128445314
"ufb349" 0.604802360923374 0.156254793587383 0.118663659785867 0.100925618132226 0.0466744664528335 0.109880473503547
"ufb350" 0.603211168476373 0.154611068589704 0.15437454923712 0.100189959051903 0.0464704007273003 0.10729374662883
"ufb351" 0.617876764760031 0.163606681958475 0.146009257875173 0.104665925340841 0.0452773844609914 0.111351097651682
"ufb352" 0.615008187099524 0.1631061246336 0.0963196123381521 0.102959071925547 0.0396665467957036 0.11941263428522
"ufb353" 0.544457197070961 0.131347130600575 0.16906297057485 0.0834339938280217 0.0381257074707131 0.0804403086341168
"ufb354" 0.698313696210369 0.199020062853064 0.342580935502087 0.142052322765063 0.0809819364370353 0.121378839945572
"ufb355" 0.643397711878232 0.174383137425767 0.331069002589234 0.121063726204552 0.0728672957293733 0.101997207587034
"ufb356" 0.618497597602769 0.166151900655168 0.117609269762204 0.106244166645174 0.0482493391576045 0.117300067238409
"ufb357" 0.613164717895327 0.165645668498045 0.0963196123381521 0.103821705557238 0.0418556148508706 0.122084765492693
"ufb358" 0.615158484428888 0.160387583354294 0.119983306890847 0.100553774536997 0.0449383659920609 0.111151626864911
"ufb359" 0.626582375361631 0.162741080280883 0.344812091134339 0.116703312139956 0.0681381452555021 0.0708434762465541
"ufb360" 0.577852594396573 0.146199194907499 0.305406856434281 0.0979324982257791 0.058790502814335 0.0713520770453006
"ufb361" 0.592424991248121 0.148310726891671 0.282132483997226 0.096981376724372 0.0604294158299871 0.0795540498069775
"ufb362" 0.618633555381926 0.154817092154211 0.282609799042349 0.100418722476998 0.062864888906635 0.0910101248081429
"ufb363" 0.542988602102395 0.136162413332739 0.215909212234717 0.0877168137165839 0.0506120542651365 0.0709614717788496
"ufb364" 0.629354797288621 0.171103201282645 0.200147497859105 0.112823134019221 0.0641574890712085 0.119350987501455
"ufb365" 0.592309529496059 0.138956364623819 0.690111452947769 0.103036020897666 0.0445407347714717 0.00354970771145951
"ufb366" 0.70615296147211 0.168155712942665 0.541997164659412 0.124660269832511 0.0730478371631346 0.0768049199732898
"ufb367" 0.670098156571702 0.172099894251549 0.485139833606529 0.125088649992785 0.0692014322467742 0.0666437892384198
"ufb368" 0.641998403102544 0.176700554449208 0.285564888184566 0.117287379655972 0.0647866880583326 0.104567609725265
"ufb369" 0.568822700035248 0.143761813344255 0.141994375858053 0.0902602476279455 0.0440254787396117 0.0935749128725866
"ufb370" 0.645138338642648 0.154235921811196 0.509927687016052 0.109659660037258 0.0720305624927321 0.061576955266763
"ufb371" 0.612528110365928 0.161860710361087 0.118258021284824 0.102256188000124 0.0481568238235469 0.112716888330651
"ufb372" 0.652237879562155 0.178940073062888 0.0943497269272097 0.112570790419621 0.0334882534915967 0.136213554835899
"ufb373" 0.59662475598749 0.157410821621642 0.118576723919717 0.0959941509533017 0.0365664887949344 0.112388030031383
"ufb374" 0.512351213297314 0.130816109732158 0.307423177988188 0.0845892696689854 0.0518976781450875 0.0606024541333941
"ufb375" 0.608474436743365 0.164359612727756 0.106319149965446 0.105242592603782 0.0435890270861881 0.120874876205131
"ufb376" 0.722505648276365 0.18129532717825 0.535423001706208 0.130807673431689 0.069476645471715 0.0769318731963286
"ufb377" 0.656818170475473 0.178941912221996 0.165983455193564 0.115152854346119 0.0577328618759071 0.130842181543461
"ufb378" 0.660563163563625 0.17534165087791 0.642612448694646 0.133730952394714 0.0601690688332372 0.0456568990700616
"ufb379" 0.631991263094923 0.170333105664571 0.132237738884139 0.111013596923071 0.0564852325715359 0.125995996691543
"ufb380" 0.757136816836477 0.187303217984267 0.535389602833232 0.137393860064899 0.0880924139339419 0.0984377532517463
"ufb381" 0.62164191176817 0.167159483139909 0.106952624930772 0.10243936245164 0.0506098087404218 0.121397932827465
"ufb382" 0.616149315894455 0.163732654286434 0.118927884906322 0.101178605862031 0.0517220850429995 0.116941920705973
