1 1 1 1 NaN
1 NaN 1 NaN NaN
1 1 NaN NaN NaN
NaN 0.5540089 0.7292776 0.2537769 0.3421083
0.5703334 0.7018086 NaN 0.6967175 0.5466669
0.2950091 NaN 0.2491523 NaN NaN
0.2537769 1 0.4181163 0.6435455 0.3333762
0.3390863 0.3888202 0.2540177 0.8155572 0.3527771
0.4432223 0.4019137 0.2771162 0.5049083 0.2102014
0.3222637 0.5680146 0.6508394 0.3064106 0.3492715
0.3728214 0.334928 0.3124346 0.2018164 0.3169219
0.2969791 0.4316878 0.5260721 0.7044059 0.2687458
0.4786219 0.4952259 0.7627865 0.2666377 0.3459288
0.2829332 0.2237056 0.3009641 0.3444328 0.2860711
0.1785537 0.2811371 0.3007374 0.3641207 0.2227851
0.1155401 0.2082811 0.2700254 0.244604 0.2618124
0.1661668 0.1262764 0.1724643 0.132229 0.1236783
0.1118601 0.1325197 0.1927302 0.1356727 0.09684762
0.2838754 0.1909514 0.1383841 0.1648711 0.1448597
0.1444803
