1 1.290985 NaN NaN NaN
NaN 1 NaN NaN 1
NaN NaN NaN 0.4659879 NaN
NaN 1 1 0.1825679 0.7670238
1 1.051086 1.4169 1 NaN
0.1836234 1 0.998719 0.3622924 0.6353163
1.46626 0.6780613 0.2372405 0.5685365 1.087268
0.7521216 0.6948423 0.4099768 0.3957326 0.5847657
0.5135515 1.333463 0.796509 0.9053359 0.8207495
0.4288125 0.8158263 0.4205657 0.3645623 0.7636511
0.7426778 0.4992646 0.4830491 0.3343489 0.7493701
0.5285339 0.7337404 0.4462966 0.7894735 0.7914375
0.5491891 0.8641915 0.1644374 0.543642 0.6774452
0.5286993 0.4473697 0.535349 0.3852733 0.5337766
0.5423417 0.2220485 0.3907583 0.2869901 0.6162526
0.4267243 0.3235637 0.3018468 0.4632421 0.461675
0.2710647 0.2609111 0.2080922 0.1943373 0.3092912
0.2894735 0.2403782 0.2069541 0.1794348 0.2014194
0.2615076 0.2302883 0.2991251 0.2292824 0.23794
0.1888984
