"quartet" "cluster" "phylo" "mutual" "shared" "clusterNorm"
"mb49" 0.745496348390587 0.197611013789222 0.544951071837241 0.149036529414072 0.0830291782159603 0.0973604980756434
"mb50" 0.767997497892246 0.204714491885048 0.500996276360366 0.151939277090764 0.0942816156864442 0.118708666660793
"mb51" 0.977717078780909 0.29009914404678 0.951145732413754 0.249411736080762 0.128061575030308 0.179512735222098
"mb52" 0.961272381985893 0.230516201472261 0.904610087533452 0.196385356858531 0.0969274867408311 0.111063914510658
"mb53" 0.820175438596491 0.193504634694824 0.773448957891949 0.15321931908782 0.0750461407337033 0.0683067864828666
"mb54" 0.703352092667468 0.205747071075961 0.227369159653474 0.150736778519883 0.0901739865792268 0.120507553460673
"mb55" 0.861128806217353 0.224819250027748 0.782855015965665 0.184364581847392 0.0882011765856303 0.103851444277823
"mb56" 0.793592059086971 0.207935864512856 0.62575799575408 0.161578846908619 0.107337240641131 0.122630173990364
"mb57" 0.846304552088123 0.266580050015492 0.662760133285573 0.215754560717572 0.129668749183669 0.174681293678327
"mb58" 0.757790446670726 0.200427406152943 0.552085929553182 0.151320769502401 0.0868544030503362 0.100097850785175
"mb59" 0.862828297607726 0.213295655591033 0.780229491468097 0.17457607413992 0.0825882400375925 0.0901858466368956
"mb60" 0.815542472666106 0.182692988879564 0.748396427815052 0.145849492325338 0.0879135053907302 0.0805118628214146
"mb61" 0.760025490463835 0.208441874519152 0.355345556590906 0.147313709467706 0.0953718355109867 0.14917880279451
"mb62" 0.786336365395781 0.160871593791365 0.831242916267958 0.132373271719052 0.0632810443036914 0.0292067880792318
"mb63" 0.657092290972765 0.195636941070646 0.118743991346206 0.121824804201719 0.0585090670310737 0.153983673325117
"mb64" 0.86951060066142 0.224064079758653 0.712181265327929 0.183287944404332 0.109294118932079 0.126775981394252
"mb65" 0.69439514397089 0.182381001435255 0.270627018319146 0.12349898670355 0.0713968151467462 0.120969548857327
"mb66" 0.764906832298137 0.159535896669582 0.792502474285967 0.128365663786102 0.0587568788042461 0.0271754010628092
"mb67" 0.667669228298392 0.198257694188906 0.10658612899253 0.122134979533229 0.0592934993530694 0.155733608140237
"mb68" 0.773284666189059 0.209772793699361 0.403007448243192 0.150395087300398 0.103853454159799 0.14629080750777
"mb69" 0.828733532070391 0.177639407114453 0.80704829050608 0.146124643534319 0.0655624865802208 0.0487136397972162
"mb70" 0.656054061585621 0.219083860363954 0.410215590894134 0.167093514004519 0.0781877580186025 0.0965529449022688
"mb71" 0.800547983700998 0.208064087755802 0.725754001658676 0.163278889934151 0.0781330750277855 0.0851264040442165
"mb72" 0.749631626798758 0.167945562247273 0.640439663652216 0.128825178719535 0.0761445354212844 0.0638274963248726
"mb73" 0.652801363431007 0.192222172163107 0.107670709888281 0.114111134668079 0.0478816353779178 0.150399684037813
"mb74" 0.584888225863912 0.147370651705019 0.11968937673266 0.0943788349384587 0.0440622604321633 0.0927786113587932
"mb75" 0.67938238796367 0.197564161919101 0.153027290732465 0.12117283583399 0.0580443039792372 0.152969546556397
"mb76" 0.706141487431977 0.17217648503947 0.698386625464503 0.133687359288573 0.0609227060438489 0.0429124038137147
"mb77" 0.657054603971198 0.187476370285634 0.34423674644196 0.126589655792856 0.0747088218793844 0.116550798397847
"mb78" 0.888108740660726 0.171039744648423 0.880821352741385 0.142526521951199 0.0691575153856769 0.0423545163285042
"mb79" 0.778307130379546 0.189917224816379 0.740481405370116 0.152485704267114 0.0713744040524536 0.0627805711136924
"mb80" 0.62845715506111 0.169506944160477 0.179372224017524 0.119121165605726 0.0646988446798979 0.090106378819759
"mb81" 0.577376368025577 0.145522854260701 0.119706549739917 0.0927567032646975 0.0481825358176141 0.0883878616213082
"mb82" 0.7137932177545 0.165487872610374 0.53229151265531 0.126717007095876 0.0861614190441072 0.0751590182531083
"mb83" 0.743769232336818 0.19814622007967 0.414417995284895 0.143690503621403 0.0928843150661107 0.12117129726279
"mb84" 0.708303123193128 0.184929496534906 0.373280725492002 0.131993734449299 0.0757214901523731 0.106501814355688
"mb85" 0.796384445311484 0.197946489676058 0.634293354781111 0.153122331936079 0.0893967905600894 0.0973538253924318
"mb86" 0.657273225567597 0.19296823433456 0.118698448350588 0.119911097927998 0.0541988526121377 0.150942459591877
"mb87" 0.662940002516238 0.194708655413224 0.120023040103916 0.121344430617075 0.053442121594549 0.152440853450908
"mb88" 0.776568685770548 0.195679689033499 0.474309947512112 0.141466767824727 0.0943685535929021 0.118467988587507
"mb89" 0.599114819282951 0.166184340948526 0.095660077952199 0.100182285259796 0.0460007046150951 0.121403910108159
"mb90" 0.813791570994741 0.20030120538636 0.77096780030721 0.163835445592017 0.0763948014798834 0.0761101070097951
"mb91" 0.584342329422189 0.152163758371302 0.131610146956543 0.0983171297912248 0.0536601434059454 0.0887887922533862
"mb92" 0.791564214110081 0.169888446667243 0.758661741425251 0.133780235424903 0.0617819260009339 0.0402670897992159
"mb93" 0.670826486105791 0.158151355562493 0.497304276041336 0.11042207560413 0.0693064383165337 0.0776988658665381
"mb94" 0.701598427216001 0.192569769747753 0.629206940699473 0.147704938562893 0.0659299402702297 0.0660484927297314
"mb95" 0.663261923507231 0.143968700899533 0.57607901890704 0.103872995190314 0.0698500691742528 0.0515585557831941
"mb96" 0.674862705941088 0.140073737137771 0.758915545290272 0.108463364257424 0.0503328009120372 0.0056475273891081
"mb97" 0.671864340707533 0.160440114615977 0.682466801310838 0.124311401269434 0.0562208495633343 0.0279914956073924
"mb98" 0.710372386339403 0.184904635195641 0.316996098001357 0.126055343011819 0.0701619473356501 0.119317097593658
"mb99" 0.631887224857432 0.176309201579648 0.320468932859753 0.116610597040551 0.0658376968224266 0.110028750193235
"mb100" 0.67055475529635 0.156578468117533 0.46187930824566 0.106825419555689 0.072382998356048 0.0833398104000645
"mb101" 0.761788904184141 0.194192695913713 0.473828827529716 0.139681965320472 0.0864096837196791 0.107266789694247
"mb102" 0.707814489645466 0.184039562753722 0.359946452801695 0.127684626327108 0.0697438818639323 0.112809603610195
"mb103" 0.686244401791427 0.13887277011163 0.752815120537784 0.111567317013509 0.0503412000947128 0.00185644719722504
"mb104" 0.888318356867779 0.142789197443665 0.928516308974659 0.123446536675764 0.0597145320421579 0.00971844147783419
"mb105" 0.734758149174989 0.193392709020767 0.510787963534847 0.142042965280717 0.0795453961172499 0.09190335458148
"mb106" 0.680113123060607 0.146025984228785 0.650250957123051 0.109604840662134 0.0646653742156804 0.0383712482848719
"mb107" 0.64079368898231 0.17331984609315 0.178517108860087 0.112111498539272 0.0584474855390057 0.120358632163217
"mb108" 0.562051847766133 0.164782114162083 0.572975370807219 0.126584865903875 0.0524024464071442 0.0330184871994851
"mb109" 0.729559870049505 0.162883137174859 0.605247423816703 0.120864921535726 0.0746472789407976 0.0730420596408054
"mb110" 0.661092702473607 0.144710635493574 0.625329821682342 0.108851163226154 0.0650948500322377 0.037179476065542
"mb111" 0.588033312822055 0.161061860015053 0.0836879650660375 0.0968564382176168 0.0408108543337548 0.115305855845455
"mb112" 0.75842344460116 0.202515855526032 0.678723169798345 0.162060378682292 0.0714468061604321 0.0772709720059454
"mb113" 0.661926738744554 0.157263443191099 0.438469398931634 0.106150626418554 0.0729553608992156 0.0897511416258404
"mb114" 0.654574439925885 0.19187765625205 0.107943305481856 0.117373956838019 0.0507230526385288 0.149795435785433
"mb115" 0.880389561270802 0.163965283660305 0.865667297492429 0.134596743703117 0.0654439425496227 0.032978513765401
"mb116" 0.732519058939257 0.143710497961892 0.722758590523421 0.113273357101887 0.071160814811623 0.0366049852466746
"mb117" 0.638399509596264 0.170102105768048 0.176164364504218 0.111175737612983 0.0563967571372522 0.116800230640654
"mb118" 0.722705314009662 0.161858727751232 0.74384884523172 0.128368241659894 0.0586727117603756 0.0298295739603158
"mb119" 0.755938697318008 0.203436527557319 0.40278026963433 0.144942200954889 0.0983211670235523 0.134010898759297
"mb120" 0.657480834745099 0.191625052875406 0.10664429137762 0.117648298221777 0.0491442161636574 0.149195904908639
"mb121" 0.765331848989882 0.165559160124143 0.653783752245279 0.127839068076358 0.0788557658986831 0.060872340343381
"mb122" 0.620120624980299 0.171052130732536 0.131650404668744 0.113782242154321 0.0668324590917627 0.104532997990168
"mb123" 0.576726579149677 0.144338032269042 0.0837762126497641 0.0916543591653969 0.042352193725724 0.0916123797562835
"mb124" 0.658025078679664 0.192640830647349 0.107891969522604 0.118768946102485 0.0519215301719348 0.150264997773462
"mb125" 0.634860141641616 0.182449777446592 0.0979601975466086 0.108162748048424 0.0459536954013002 0.139892267669345
"mb126" 0.600510986203373 0.139806709292425 0.686398228176453 0.110895734175931 0.0490718709012376 0.00533875696338451
"mb127" 0.777051991581573 0.182242174618295 0.618568153314227 0.140795058465499 0.0926048848481616 0.094429806560157
"mb128" 0.631934081619412 0.15083599929418 0.533763627851502 0.11568750173184 0.0689281281221906 0.0443413290833133
"mb129" 0.656351454943492 0.191525072887908 0.120073363530882 0.118645837290325 0.0511872752174592 0.14942414623615
"mb130" 0.593978724087602 0.15644810077925 0.0838113438159244 0.0953866328752603 0.0475415648512721 0.108654773937552
"mb131" 0.620417774866949 0.174281323750718 0.0956887422729209 0.105122353934138 0.0487752565144737 0.130955466006703
"mb132" 0.680564232570387 0.176643713381389 0.255538085538971 0.11653222308601 0.0594380940907596 0.110304761451807
"mb133" 0.670103424944421 0.159379210110147 0.567583052216064 0.122389685554636 0.0745568771881362 0.0536524403410224
"mb134" 0.598658180898124 0.157052589589313 0.246845588602072 0.0982412617810627 0.0588855375943108 0.102906742604967
"mb135" 0.652936938173334 0.152429876433727 0.473917920652636 0.108144838452646 0.063237738392041 0.0611681239104623
"tnt1" 0.622688678070765 0.148137439413203 0.319272001727164 0.0981706983102051 0.0628237111002287 0.0844615097188082
"tnt2" 0.598315085158151 0.165272212594975 0.292596358368245 0.107244995856 0.0659721249762372 0.0979866351673611
"tnt3" 0.715775676170878 0.210807405456102 0.420374852835174 0.1560794882342 0.0820767614933515 0.125522059223756
"tnt4" 0.657666943635159 0.182552292303429 0.365277418600785 0.127418812768581 0.0676425348404248 0.103839954187911
"iq1" 0.598143095378531 0.160732693723696 0.10768102932808 0.103790685535266 0.0499219616794883 0.0979107754710522
"ufb1" 0.595523832156437 0.141215031700589 0.366264685142664 0.0939415625988666 0.0580854054508241 0.0666422872677945
"ufb2" 0.612829552619051 0.143349881187163 0.342721307920708 0.0948801983020269 0.0608908885511232 0.0747229530090355
"ufb3" 0.631807194653775 0.184767910833868 0.340801332508962 0.128312562131184 0.0680570899743067 0.106464185526878
"ufb4" 0.603468651676771 0.172365325683567 0.279747195603858 0.114793675679852 0.0644639891246913 0.100069992539284
"ufb5" 0.599140512338966 0.161732175411511 0.281321825996855 0.104326553446619 0.0668867845214281 0.0987336804863601
"ufb6" 0.590417550170947 0.153964429105355 0.177550379145849 0.094245804439992 0.0451495431187015 0.104857672952566
"ufb7" 0.71374816809918 0.144489484706473 0.67674666691062 0.112011187265709 0.0619993674208615 0.0379081207863701
"ufb8" 0.697815801056338 0.194707755308561 0.457340457350735 0.144520741519155 0.0763624477440859 0.0943826929520256
"ufb9" 0.593034664941506 0.170182937929911 0.293759476348848 0.111196918428881 0.0688652356588037 0.103668227680164
"ufb10" 0.559837791260627 0.155888567398437 0.258440229960031 0.0985555735007421 0.0562082177456742 0.0927558095131881
"ufb11" 0.661779552562503 0.189487346084322 0.153157996097875 0.115305426900003 0.0505494479505248 0.145255237164793
"ufb12" 0.656056266893111 0.188428050924139 0.15545675387564 0.115047005123599 0.0526647397706076 0.144819049234463
"ufb13" 0.578899051314372 0.15793129029925 0.152901586196434 0.0941952937174121 0.0429523514683719 0.110174687894176
"ufb14" 0.572289894045937 0.157885529088056 0.133109576903141 0.0952660147951251 0.0436818458949526 0.108951329702513
"ufb15" 0.735144312393888 0.203315927328565 0.505343469740524 0.151512213921379 0.0869960068378731 0.103989950625875
"ufb16" 0.718853981532212 0.212056529268798 0.439478530417726 0.15742879452039 0.0819337333872468 0.127114184885129
"ufb17" 0.713829787234043 0.165354558542992 0.715667349157203 0.130960897643 0.0592963626096558 0.0324173870307457
"ufb18" 0.717771161833352 0.188602261142299 0.354891542236849 0.133290146912022 0.0852729687981489 0.11788373063682
"ufb19" 0.731892664278954 0.189848627265717 0.414715268411425 0.135959594925801 0.0768992598857152 0.112099657746958
"ufb20" 0.649258655462409 0.187306997234136 0.16522503748969 0.113837194164054 0.0518273733103736 0.14420029776801
"ufb21" 0.630095862087484 0.171920910509748 0.320175600476062 0.112982551176463 0.0641798784046013 0.105287343714634
"ufb22" 0.587099210678587 0.156205583236377 0.200336546108779 0.0961060680256698 0.0529107808816784 0.105803208761385
"ufb23" 0.591942942205823 0.1587420022209 0.188580386432738 0.0978677858718636 0.0524085016402398 0.109856608541511
"ufb24" 0.55087979203645 0.141972212632784 0.221357621695173 0.0918095357380521 0.0524287332105968 0.0776453528623206
"ufb25" 0.596289612358334 0.162363785656101 0.271122949774174 0.111066706011414 0.0590326440723638 0.0895462002551913
"ufb26" 0.700980392156863 0.130904227877033 0.82132147928816 0.10579298515547 0.0508381943267666 -0.00401151403641588
"ufb27" 0.613785150094695 0.149529447137945 0.355269364063029 0.0968527960913031 0.062955421150324 0.0859575687190913
"ufb28" 0.592115517766175 0.145784741665319 0.30724231563001 0.0939229789755098 0.0589250673955078 0.088605813699281
"ufb29" 0.63951776157446 0.180234592999618 0.141767260104023 0.109569401237619 0.048014155127488 0.136792019547098
"ufb30" 0.609945340870802 0.170284736167051 0.295301424101885 0.120244920384571 0.0626836276445522 0.0909585328268399
"ufb31" 0.769409623938536 0.166861698310382 0.80698884182314 0.135825087707405 0.0613202768724756 0.0362462532659938
"ufb32" 0.774433415766117 0.178966574374558 0.590578862024561 0.135205447506581 0.0880756689830064 0.0905296583660706
"ufb33" 0.766373069928324 0.195085969843914 0.445007231389999 0.140642890340734 0.0905008150507643 0.125002458701587
"ufb34" 0.817792815205493 0.166689491272244 0.867323406466827 0.141291813538657 0.068389468667404 0.0373289430617168
"ufb35" 0.59487008177078 0.158307618752759 0.223949494594285 0.0953203072051035 0.0591379806221419 0.104321846392766
"ufb36" 0.593280117867883 0.158301213040245 0.212217155414374 0.0959539051472817 0.0611155836898355 0.106356034919759
"ufb37" 0.600868030543149 0.161345734277358 0.193329929821491 0.0992402334025232 0.0639423303461898 0.111275857619406
"ufb38" 0.593753357928293 0.158825124512914 0.259332279820471 0.0963839832974854 0.058086011188545 0.099484859378505
"ufb39" 0.601564283316549 0.160663793037564 0.250523327076372 0.0971125045384919 0.0602634871196694 0.104435039970344
"ufb40" 0.599071167864555 0.159509839452256 0.205342864936141 0.097793093569582 0.0619155222650445 0.107639982662159
"ufb41" 0.805628927953365 0.177181685502913 0.714031003296 0.140130308511348 0.0883437089185014 0.0745974422128009
"ufb42" 0.777383736127104 0.203702075999239 0.426769746340096 0.1442101119743 0.100625842032804 0.134299591455497
"ufb43" 0.582233265558101 0.150277040739499 0.188706288730657 0.0958421198334012 0.0473961010528884 0.0933620412536768
"ufb44" 0.589322393485613 0.160534288541439 0.260485646511763 0.10526999194447 0.0561982518266919 0.0932840170208974
"ufb45" 0.644244829747232 0.148617999781953 0.702141496840318 0.115183958640196 0.0514004320040097 0.0164520890784762
"ufb46" 0.731639751943841 0.169333594654048 0.606690845788452 0.127503316317282 0.0701371544079977 0.0657708966469976
"ufb47" 0.690676436374333 0.176611852565846 0.335629268541394 0.122392985296398 0.0650115039790065 0.104715045901839
"ufb48" 0.668395851698663 0.192686391735801 0.155323890820757 0.117641293507262 0.0540197075863211 0.148627728319033
"ufb49" 0.615374574035396 0.173563780533845 0.248491547179276 0.118068453836312 0.0661707734625234 0.101653018341487
"ufb50" 0.679722128619197 0.20635553752248 0.449116762229156 0.153348405172799 0.0846952188855577 0.107481581251506
"ufb51" 0.682250234569412 0.141909620930105 0.629641578778485 0.106783462559287 0.0684710499242243 0.0498190445927626
"ufb52" 0.7802787317987 0.194738088316886 0.624633799380378 0.15233848434552 0.0827149456040521 0.0937730498011222
"ufb53" 0.662350092250923 0.188039008750482 0.152875943848451 0.116182320944895 0.0563057716781603 0.14195861003808
"ufb54" 0.625535590829995 0.175763947774644 0.130001201382042 0.10207604083008 0.0418199236214447 0.132064144251255
"ufb55" 0.630039816642687 0.143707227225831 0.426591990368239 0.0987806845596855 0.0568905683331404 0.0616273929808334
"ufb56" 0.667501874957387 0.175641379822569 0.223014939533299 0.115920750312061 0.0605594804068256 0.117358355953028
"ufb57" 0.661653268460844 0.181598182226172 0.2145698057661 0.120067181218721 0.0702267360591691 0.126773924292645
"ufb58" 0.591444914353656 0.153594922283874 0.212983758954978 0.096631651741626 0.04963779138399 0.0969317457688248
"ufb59" 0.643697338783682 0.209715569786382 0.541874800710017 0.159052877224239 0.0675718299010168 0.0857147074731487
"ufb60" 0.614171268569651 0.160848374199865 0.445796747410217 0.113874153913641 0.0673724752973468 0.0879626732764381
"ufb61" 0.633309119282722 0.180873630807386 0.0976540599304068 0.111967933533665 0.0427112779238298 0.138598200195808
"ufb62" 0.589109129379389 0.161669565044056 0.105921965230358 0.0953757028781254 0.0413012018573592 0.118036752924313
"ufb63" 0.64684841453983 0.15443184493021 0.670677893480807 0.119018828554436 0.0526350550694096 0.0224755487382645
"ufb64" 0.750861383514445 0.176090550359675 0.618617529955957 0.136053247860265 0.0764018648877994 0.0733702706311118
"ufb65" 0.596055339083227 0.15383584641041 0.271977848472528 0.104593033923373 0.0503193121547704 0.0803352925145176
"ufb66" 0.613902677877959 0.16612781173051 0.142008131404295 0.100774816525779 0.0473140983591321 0.120680836722277
"ufb67" 0.695801247821932 0.159091453382603 0.581543224670545 0.118493310482367 0.0677289943469337 0.0688434446628424
"ufb68" 0.72156147391463 0.204231606152431 0.430978950951468 0.149476058633319 0.0729531763971141 0.118295123382486
"ufb69" 0.649158303658142 0.189057748941767 0.413153908343723 0.139618023809634 0.0763799269524807 0.0880287964822287
"ufb70" 0.635330937753564 0.137297505008074 0.762252789669504 0.110046347911677 0.0492332070725937 0.00102555539697371
"ufb71" 0.638891718447591 0.186857247372626 0.316147010532287 0.13003910991996 0.0701674970413931 0.108600478160362
"ufb72" 0.614596116932566 0.17165079900056 0.273898205584832 0.114024941780371 0.0659189340051688 0.0992033922477768
"ufb73" 0.566728115260587 0.151478772848677 0.130232022994608 0.0925943844120566 0.0383828394916734 0.103409061985224
"ufb74" 0.633742557038919 0.180570488767911 0.0836579201519062 0.108382970141625 0.0404160678586536 0.138279157328048
"ufb75" 0.702252981887793 0.206854540298875 0.61403713232922 0.159786479745418 0.0718911678588653 0.0837290901779184
"ufb76" 0.714708579334309 0.185826887784091 0.437853416627991 0.134718017224035 0.0842212012723941 0.0979985257923356
"ufb77" 0.671909910919379 0.187591660688094 0.199693039984004 0.119913363570792 0.0695718221842115 0.137445048901176
"ufb78" 0.750681648585041 0.192335023817703 0.414775007987213 0.138595610512322 0.0914180176930451 0.121941827582321
"ufb79" 0.574810523098368 0.149336751437157 0.153604239702822 0.0914412082937707 0.0454590172427202 0.099961389274616
"ufb80" 0.577956132005949 0.150156668911606 0.177072608058507 0.0913417284724825 0.0456497828550292 0.095697052691129
"ufb81" 0.593627035778233 0.156719626079309 0.212954183707053 0.0997763639042585 0.0502125151570312 0.0972740827702946
"ufb82" 0.577455447707625 0.166671019907833 0.177598543139477 0.102647331733755 0.0438241749252564 0.113180209806439
"ufb83" 0.684577004646145 0.156574962154722 0.5460074299267 0.11196224594866 0.0725725170323732 0.0759344879513249
"ufb84" 0.734431357528169 0.184475960259736 0.529828035935913 0.139337776066901 0.0787304546629979 0.0825916528561817
"ufb85" 0.604783626239411 0.167880626260488 0.130001201382042 0.0991549570436261 0.0468718385441827 0.123763616178772
"ufb86" 0.594970751890427 0.174834591376135 0.278240619784408 0.11440605009947 0.0707072217059947 0.103100751592369
"ufb87" 0.571080332409972 0.131592818500337 0.725990310146182 0.104750191886323 0.0468019834241054 -0.00321602873268939
"ufb88" 0.629539376869155 0.187290903424309 0.292424012814477 0.121708813366234 0.0677343435092494 0.122044267240298
"ufb89" 0.550520154749245 0.151354250793311 0.232445619157327 0.0945603508418242 0.0539582375573673 0.096899837870686
"ufb90" 0.631983293446946 0.175626777872867 0.261385461594561 0.113466588328323 0.0681291569842674 0.109318568657938
"ufb91" 0.572742115478977 0.146763390239939 0.177489206743647 0.0890086192832976 0.0452554924904122 0.0958633975467965
"ufb92" 0.678435438265787 0.196053448196606 0.380288346812438 0.139284152047028 0.0769302666543615 0.118739530953007
"ufb93" 0.508872468710645 0.126959172523386 0.162306237546131 0.078714923385685 0.0322409876736096 0.0748817119971756
"ufb94" 0.500688409886017 0.126754150192 0.173874302634524 0.0796683999521712 0.0338103540771303 0.0729185057622953
"ufb95" 0.509564335917827 0.13612898700673 0.198540426015779 0.0874890216318252 0.0398520214232001 0.0783388131480415
"ufb96" 0.571119642923858 0.150605293627645 0.200477290232033 0.0926737950032807 0.0515120253498749 0.0998683970363411
"ufb97" 0.599535641001958 0.16175421568425 0.190867528433252 0.0982128900177869 0.0541129859821769 0.114212233581132
"ufb98" 0.611923284269136 0.167160588618587 0.169257609365343 0.102059003540745 0.0564433480305419 0.120901897885934
"ufb99" 0.573677784787433 0.150596836382497 0.236829007893408 0.0964427552085546 0.0469463194314488 0.0871047443113915
"ufb100" 0.621618720480893 0.169693016676797 0.295552445086425 0.119134393619932 0.0575753397642515 0.0903102410850555
"ufb101" 0.75583932238193 0.177350316723053 0.603171040791379 0.135666320820122 0.0748885595084077 0.0743393497025433
"ufb102" 0.551142354505238 0.145316391204178 0.140697754127441 0.0893519910114876 0.040481132692989 0.0999997297985361
"ufb103" 0.532259479938631 0.137296429052778 0.128554119100917 0.0834651241696473 0.032763408255768 0.0909616350802694
"ufb104" 0.590960431957407 0.168953286249357 0.235859382352194 0.10877821739885 0.0559861803261816 0.106637078414366
"ufb105" 0.55010072371857 0.153779259989839 0.215025504304391 0.09506227735062 0.0535606316749366 0.0970583202144969
"ufb106" 0.655744749063804 0.17873774645534 0.177074085004255 0.11165337839378 0.0540431075062462 0.128036211137645
"ufb107" 0.640680411131815 0.1706920889777 0.143671837652709 0.105201495277756 0.0465976559383373 0.12113716758102
"ufb108" 0.652004630879414 0.178442978639907 0.155199077375421 0.108816771169546 0.0490138248682487 0.130708084892583
"ufb109" 0.663501942935122 0.187289440033025 0.133458149243915 0.114257935177123 0.0493124186564819 0.141166501807352
"ufb110" 0.579898848886285 0.147500702275665 0.169211392686932 0.0932107891559956 0.0458726126038606 0.0928367564185924
"ufb111" 0.567022620277873 0.149420770539552 0.219847959965792 0.0981302054645727 0.0518357967341764 0.0811415793318428
"ufb112" 0.574135348344226 0.147449027857265 0.153604239702822 0.0898645291733591 0.0438176262073589 0.0979640958554516
"ufb113" 0.663543590449966 0.191864796210895 0.10652237322929 0.120086008829847 0.0527248215132984 0.148442812192876
"ufb114" 0.64541486945203 0.155460855670088 0.412986722055732 0.103480481649009 0.0734799972240948 0.0922727274292358
"ufb115" 0.619686752324173 0.167708260460327 0.296458147009876 0.107890769923065 0.059484315032644 0.105257068372375
"ufb116" 0.67396293027361 0.192259099142723 0.614218180820966 0.146241502976939 0.0631129074712049 0.0662102461562813
"ufb117" 0.635122210035189 0.182047453687959 0.0716573227435859 0.11263808758472 0.0482046463014124 0.139832738586806
"ufb118" 0.701128687114505 0.210127232399627 0.381265245742644 0.154201392936782 0.0738043024663431 0.124882211263477
"ufb119" 0.569709448294293 0.161120953356951 0.203708729956106 0.102851072400231 0.0553005221295288 0.101855636595407
"ufb120" 0.560364948016126 0.154231184163419 0.202716514616631 0.0973150977420444 0.0551401088445967 0.0975456358061406
"ufb121" 0.681590491014575 0.180466623276177 0.303928475317063 0.122330566711145 0.0681471353143665 0.101646027970314
"ufb122" 0.686827498738527 0.179039594021555 0.295390226505906 0.120283595149683 0.0657980278174775 0.107400730732101
"ufb123" 0.694608966765636 0.181078104842223 0.310384224863928 0.122521915331589 0.0696317960774832 0.115204110612811
"ufb124" 0.607208442667479 0.168635554087707 0.122957990980201 0.101895250769295 0.0472489756273633 0.124557214731256
"ufb125" 0.775501741582352 0.189562766235409 0.505639607501598 0.139836183782515 0.09483748050099 0.111856030747553
"ufb126" 0.739873565909623 0.185269532572459 0.481386896040098 0.137123650417947 0.0806825005648273 0.0975115343368115
"ufb127" 0.725832656376929 0.178720562640818 0.67449194556025 0.14035424074216 0.0623304458375552 0.0505926903692221
"ufb128" 0.78741655540721 0.17744749457687 0.638250388017756 0.134113465589582 0.081714101050985 0.0746851132928246
"ufb129" 0.726990493320515 0.20197769586265 0.278676320913542 0.138211069689374 0.0783033472533286 0.145666316599054
"ufb130" 0.581468741840638 0.14819158559403 0.224916615949435 0.0945204698896884 0.0445910032833601 0.0882150825040969
"ufb131" 0.624955729418204 0.16112890835018 0.390531485865143 0.113651510455144 0.0624594253710901 0.070912386270636
"ufb132" 0.585827664399093 0.153614361063705 0.272067768219938 0.100120924492336 0.0567522687518497 0.0799927949925852
"ufb133" 0.630323479924036 0.170573179503977 0.134077187528795 0.108339377955113 0.0514607657058967 0.119418168648451
"ufb134" 0.579214296736821 0.170076411300015 0.165631630411014 0.102027236925302 0.0486385062558444 0.114423062471126
"ufb135" 0.708931181788507 0.202271095936551 0.427473896935854 0.151033554362778 0.0696769629198985 0.116273856526872
"ufb136" 0.616411044281096 0.167719960435591 0.141691431186387 0.102600789729452 0.0453002677330421 0.123047372003158
"ufb137" 0.604634704181591 0.161330729572244 0.236829007893408 0.104057453968948 0.0537099418465765 0.0985535762698242
"ufb138" 0.593346754451623 0.162673672177691 0.152986114801632 0.0967987396058202 0.0446855796948964 0.116167931242152
"ufb139" 0.759154791795741 0.164512618663738 0.666501980145985 0.127979729128826 0.0784272864264763 0.0596169762727947
"ufb140" 0.721997831390621 0.209202472369542 0.435755642129914 0.157928667835412 0.0820207033607322 0.123952453269307
"ufb141" 0.621741948508708 0.176394844107421 0.13183089106123 0.104206290141727 0.0448714330658408 0.133181995419821
"ufb142" 0.566193683666288 0.146026073773674 0.177343958849928 0.0901855814223549 0.0435454834100161 0.0933621177888468
"ufb143" 0.62815195983245 0.175555930633091 0.26037582060186 0.118725636807576 0.0671893330363166 0.103818511559856
"ufb144" 0.623218345266057 0.172897146722509 0.287002487725815 0.121659858759645 0.0638544810760018 0.0938207069095747
"ufb145" 0.587860139385053 0.145251386883915 0.247718060221698 0.0929735339377264 0.054961401804212 0.0904728228453278
"ufb146" 0.524402472508289 0.144911294152638 0.152076578687999 0.0872173559169991 0.0456401647598568 0.0900366117877131
"ufb147" 0.609596071407008 0.162924355749094 0.153325088064275 0.100128559073064 0.046559797271071 0.117298354469846
"ufb148" 0.67945669618974 0.171531335959782 0.515302109129724 0.127320815553865 0.0654753815960544 0.0674799663637809
"ufb149" 0.636008525894282 0.182562095993927 0.121180591378711 0.107764888271821 0.0500908208859561 0.140010087804007
"ufb150" 0.602202119427867 0.159955733017927 0.134983907154428 0.0980116789363994 0.0467078753141215 0.113338618362927
"ufb151" 0.592242447181887 0.157368855167314 0.214466352096998 0.0956334527250395 0.0591548537571411 0.103326642267496
"ufb152" 0.738142426628295 0.194668241069724 0.355166830638298 0.139214553781434 0.0903521780317793 0.129972848159382
"ufb153" 0.626990843454328 0.17086024683986 0.354129683199699 0.117583544981928 0.0686154137493616 0.0984019332327777
"ufb154" 0.606455851175013 0.165585123772976 0.277347319995416 0.10988030353374 0.0679694891991602 0.0983247694295978
"ufb155" 0.587684424419118 0.185720144896796 0.517740974852542 0.138728197628847 0.0571879259057997 0.0579542414614988
"ufb156" 0.646467279973183 0.142639888196185 0.626694393580294 0.110485812727226 0.0635737733562492 0.0352014956328164
"ufb157" 0.578675013736035 0.153029791022551 0.223739794617506 0.0943502617599849 0.0574836074860735 0.0962896214208654
"ufb158" 0.572189297111439 0.143651293709463 0.187976206429459 0.09132700115163 0.0460696146054255 0.0887366835030133
"ufb159" 0.685498825565583 0.132450136079356 0.795162426069089 0.106075076680132 0.0495959773673595 -0.00222562382205653
"ufb160" 0.670662005992296 0.196701568486562 0.141604550715795 0.118591051306149 0.0616165968350366 0.152863161342723
"ufb161" 0.594214407260352 0.147926279245523 0.670374320943981 0.110892991617842 0.0462136978857451 0.0137374429517832
"ufb162" 0.55757725692999 0.152650389274216 0.164753220941254 0.0924957166029153 0.0421327121863713 0.10031940468657
"ufb163" 0.678983050847458 0.148809213573171 0.606758701617484 0.110744216218117 0.0662094165640067 0.0426876540713244
"ufb164" 0.738221703310256 0.171157512689966 0.570926991717003 0.128957096045378 0.0814213899585935 0.0821548528573697
"ufb165" 0.750852457377131 0.181157665854952 0.535167450875067 0.134757443466132 0.0879664923037297 0.102834736993458
"ufb166" 0.74014477609516 0.190248041402683 0.360413122398016 0.13356776416686 0.0834177568764408 0.125221993239704
"ufb167" 0.596456692913386 0.164373962634382 0.215130184897109 0.107366606824875 0.0649053926430595 0.0971872130120073
"ufb168" 0.6503856217915 0.176614659924267 0.214715367429091 0.117865536884498 0.0677683577496619 0.118518778005631
"ufb169" 0.597970524281227 0.125746912429098 0.746729124707398 0.101043208817955 0.0464578759999538 -0.0109189088147527
"ufb170" 0.608989726883821 0.161853148632244 0.141461224985642 0.0990536748141272 0.0447720622823085 0.115343941878175
"ufb171" 0.595724633519505 0.1553590055163 0.121314637230272 0.0966081143627254 0.0454568750456707 0.107507408376989
"ufb172" 0.576343818695698 0.144943832398749 0.15348473184851 0.0906330983512943 0.0427284384179896 0.0939440928495711
"ufb173" 0.578992379506492 0.147121697002175 0.17738907710116 0.0914491524625219 0.0438457861998611 0.0945450422866214
"ufb174" 0.570115431877776 0.147530630938952 0.224406960774213 0.0917280926994749 0.0521268495890751 0.0904882383070543
"ufb175" 0.75694732476151 0.162962384666208 0.658219596812021 0.125728415539759 0.0774660599971275 0.0583664350764787
"ufb176" 0.752366919556085 0.180775427571177 0.48722335688115 0.131141422433751 0.0865825131375483 0.102310834738937
"ufb177" 0.623030677093773 0.171167974112869 0.122932789647263 0.104272708451744 0.0489482178646108 0.12668104130938
"ufb178" 0.579714514614543 0.149928130259355 0.177323233074305 0.0923833051384527 0.0449234557533036 0.099209920266227
"ufb179" 0.529871692060946 0.154848410129195 0.609516142724149 0.116544970251786 0.0500990874348922 0.0210871062782105
"ufb180" 0.693156599889542 0.184998689184305 0.446938125982164 0.133372834970317 0.0846175862386858 0.107166408971689
"ufb181" 0.69343655251255 0.158981135254997 0.528619578854743 0.111626947857184 0.074323811000628 0.0785707169915056
"ufb182" 0.606571714142929 0.171176615642877 0.317122225237993 0.114593373727785 0.0679062458515119 0.0988060863104384
"ufb183" 0.609161911699243 0.170027343889222 0.122957990980201 0.1022400070591 0.0473496202624498 0.12602297201824
"ufb184" 0.656489747866183 0.187130610707672 0.356574021352151 0.132752438326822 0.0699103878028913 0.108972382697785
"ufb185" 0.584386327573406 0.152183070103446 0.200563380825973 0.0970907887038245 0.0473524624512709 0.0923833096135287
"ufb186" 0.633919650758927 0.179139820012742 0.118320927837744 0.106812565400679 0.0364551331392816 0.136821239193693
"ufb187" 0.665084322942438 0.168987418489026 0.258307477597118 0.113660437141432 0.0560574715864164 0.102019502087481
"ufb188" 0.576171863855525 0.146711821538091 0.235590870790934 0.0981127816255161 0.0501989601904419 0.0783592124297874
"ufb189" 0.58262517976206 0.156235848072162 0.258948083465993 0.106551143406678 0.0568245413377177 0.0829719586831039
"ufb190" 0.581246684618997 0.153734347756615 0.226278693586108 0.0918628888635882 0.0559477691274635 0.0970370326771935
"ufb191" 0.616254228563024 0.170271077155142 0.188209068012289 0.102651755190112 0.0613563284852323 0.123216845007527
"ufb192" 0.518529528339279 0.14255290798396 0.642641623387093 0.111083164854959 0.0485088413632995 0.00944547117260575
"ufb193" 0.582797912052653 0.152421637501399 0.258009711715935 0.0953796101858672 0.0583328538906676 0.0924551046200502
"ufb194" 0.749152757102588 0.158609724392146 0.725957687463506 0.124141212967268 0.0773360869923637 0.0537100360719533
"ufb195" 0.590750477634093 0.158512957487764 0.351350171293577 0.10813894309656 0.0601820938385008 0.0678807129392497
"ufb196" 0.533694784659422 0.154060611422395 0.152605919601569 0.0946580490887852 0.0449897522996505 0.0973692660316846
"ufb197" 0.483616844978432 0.128197138003258 0.152554863176313 0.076643659097019 0.0360413353903607 0.0775655399365616
"ufb198" 0.659868558921461 0.187669381818979 0.153157996097875 0.113814915807033 0.0483988852796377 0.143338061131431
"ufb199" 0.632444734827789 0.179592295669705 0.109240909846759 0.107898129054111 0.0459523319897681 0.136884880289611
"ufb200" 0.576259431595723 0.147603044874072 0.38560395876266 0.0983255703924995 0.0628598812780784 0.0837287003471011
"ufb201" 0.73613710020977 0.197747287859356 0.355166830638298 0.138219082221653 0.0896979924834434 0.133299246602089
"ufb202" 0.57736620106138 0.156723002885175 0.141996064200591 0.0935378213831373 0.0411003362431224 0.110730355802991
"ufb203" 0.621440900940155 0.156684638937021 0.402422406871063 0.110453658642053 0.0592107677762352 0.0659901572119119
"ufb204" 0.652697255467914 0.188518618027281 0.085338537104175 0.114521141684075 0.0449932092195025 0.145926015570538
"ufb205" 0.651595311736936 0.181074438972911 0.389989050341717 0.127745769995556 0.0688100106014051 0.102333903820514
"ufb206" 0.769560975609756 0.17181321163899 0.768244452540261 0.140184886715067 0.0646288451841088 0.0424062531576508
"ufb207" 0.682137880698029 0.173078640781831 0.437777058433511 0.124886836273362 0.0763193310449065 0.0838750704520999
"ufb208" 0.768957095908584 0.174584477153289 0.654329726629441 0.1387994594697 0.0797477161931738 0.0716764289009898
"ufb209" 0.581187270150169 0.146123599818401 0.178178148032658 0.0928719015228057 0.0463254212322338 0.0934365066213592
"ufb210" 0.558768195433593 0.147408416583197 0.207523707459714 0.0982683963911327 0.0548197169150616 0.0789468840970572
"ufb211" 0.560089232153569 0.160180671671956 0.259296118999277 0.101280875556642 0.054320100895849 0.100909293397294
"ufb212" 0.560905610488336 0.147647901588321 0.210823314706009 0.0915212679472954 0.0497685337045042 0.0993061028587954
"ufb213" 0.72002369747116 0.186864419837753 0.388862450977114 0.130264817392389 0.080433707315196 0.116006931889323
"ufb214" 0.607857611548556 0.17254335797826 0.305653345398526 0.117949181743083 0.069341196486314 0.10038140458502
"ufb215" 0.598409927116777 0.166224842363868 0.268015734046517 0.110029643517635 0.0661888703105451 0.0990884679127623
"ufb216" 0.642612886658079 0.185414173307359 0.12159044083747 0.113115314691436 0.0405406578047787 0.14337479719386
"ufb217" 0.502003893278369 0.127533547581979 0.678235275399111 0.0988417328883986 0.0436997715467723 -0.00790544832412094
"ufb218" 0.670624696613271 0.13986662605064 0.676884640343836 0.110426071688591 0.0624954907751773 0.0327093363272411
"ufb219" 0.55780988968215 0.143272024783671 0.177412454202786 0.0860864704682638 0.0438578682817718 0.0904466129254415
"ufb220" 0.574677797198993 0.151860991235784 0.200703840558881 0.0947811153421842 0.0485997165160754 0.0920873415966943
"ufb221" 0.731437386813334 0.176350795397998 0.548410742249945 0.132010581427578 0.0753465476885468 0.0734278572815114
"ufb222" 0.744028509053551 0.194146480317484 0.437853416627991 0.139121532684853 0.0874106909279918 0.107215588622504
"ufb223" 0.616803087361115 0.170531556919407 0.334832482822368 0.116493794917792 0.0658790394648435 0.0811085086152951
"ufb224" 0.667477001643989 0.147542619214165 0.533598390298868 0.106507595652015 0.0633398473577401 0.0557546333486818
"ufb225" 0.536212351039872 0.145330086467469 0.164287292097353 0.0883447492737206 0.0460489217344053 0.0925584388536904
"ufb226" 0.650827309892037 0.175170865083165 0.393903354445395 0.12367134640016 0.0707954083258989 0.0962459101919986
"ufb227" 0.581976696140815 0.156488726625672 0.377491492547879 0.101731810192293 0.0654967755523778 0.0888411632124817
"ufb228" 0.56337091871395 0.150158506718773 0.14188923769396 0.0895674640535331 0.0445146553943706 0.101966623796121
"ufb229" 0.660881654798237 0.17010734613757 0.258270518145299 0.113759095034974 0.0540138259798328 0.097521502226488
"ufb230" 0.628877472136469 0.179301347012672 0.130155265715135 0.105438871857057 0.0454555370304422 0.136579599425208
"ufb231" 0.60827789663458 0.168477238316185 0.129918806596079 0.0978149979825389 0.0417989125781863 0.123819860700158
"ufb232" 0.723380068207654 0.155088522575067 0.758721190108191 0.122827159486307 0.057920489275536 0.0239270758342531
"ufb233" 0.802742236329723 0.17365778221484 0.707154818088726 0.135710632982322 0.084113976980401 0.0704218443013118
"ufb234" 0.589843738348977 0.161832100997952 0.117927940825059 0.095255135114433 0.0449759655592954 0.116818892583993
"ufb235" 0.582016896376335 0.14709725102806 0.169739504251534 0.0926441047429467 0.0443177935010606 0.0945423619571756
"ufb236" 0.596509860117987 0.154651243646063 0.236879048191816 0.0992659277480974 0.0498365586008675 0.0950598934129013
"ufb237" 0.597374682019302 0.156856358622251 0.236829007893408 0.102157251767692 0.0495699296994255 0.0937442839378705
"ufb238" 0.563616468281643 0.152915870664119 0.140798868056873 0.0897385031529572 0.0411338764523099 0.103692627823896
"ufb239" 0.57249142442371 0.156898659417682 0.152647549236102 0.0945388047247187 0.0449364120346562 0.107906852595687
"ufb240" 0.570132605320823 0.159127897089565 0.132923635789604 0.0967161484178219 0.0452105968451786 0.108874931353326
"ufb241" 0.557678732836913 0.142341618912061 0.153541931247677 0.0866142326922664 0.0425906468167115 0.0911778446069894
"ufb242" 0.700114364539918 0.192358618015744 0.270742516119353 0.128100982760971 0.0732565528736781 0.138241283034106
"ufb243" 0.695229772271965 0.194164688578267 0.253962542051836 0.125185076919806 0.071467116312542 0.142503566574808
"ufb244" 0.612627313262203 0.162712802418462 0.142348074456621 0.101635708490673 0.0477744249727357 0.112695792144168
"ufb245" 0.594190476190476 0.161135599325968 0.450340287830249 0.116291308415297 0.0583737333225057 0.055732217167153
"ufb246" 0.640225715437324 0.175902386854708 0.331736191535104 0.120243799437662 0.0646031485184228 0.0867850731676447
"ufb247" 0.673220431748571 0.177869892332834 0.32633354692393 0.119710592078101 0.0674739906816794 0.0988052282821291
"ufb248" 0.706555855178816 0.183710632631311 0.326841516830143 0.125131689825886 0.0728276568335273 0.112466654626809
"ufb249" 0.640953256622751 0.183364098591311 0.119643983691193 0.108649201618032 0.0382445399026225 0.14121872052104
"ufb250" 0.630112372645953 0.177365362545585 0.290383275488522 0.126012372616009 0.0649986204729453 0.0986442791166012
"ufb251" 0.714746710965993 0.163523317050607 0.588773682627878 0.120879891680487 0.0719357353684226 0.0737509449176821
"ufb252" 0.636979484829974 0.183820593483174 0.110874250035042 0.108563022136744 0.0461632362537054 0.141334445703671
"ufb253" 0.625736743726971 0.176888373320938 0.130155265715135 0.10392274810549 0.0429673504210615 0.134041017567043
"ufb254" 0.567988396725692 0.143501792681425 0.22381264857862 0.0930201434612935 0.0476270706675768 0.0830687767463939
"ufb255" 0.620883678509849 0.175396556286239 0.0998326933541144 0.103844457817188 0.0483869576107556 0.132130814706103
"ufb256" 0.588435789679437 0.153468887288196 0.402372556329865 0.104060594095448 0.0637191599153686 0.0855608288059929
"ufb257" 0.592756959314775 0.160023453851927 0.224680197548203 0.105516897194705 0.0507422900589299 0.0926193221263996
"ufb258" 0.783742178965141 0.188296887925949 0.567555570690812 0.141514296492773 0.0937570309037689 0.100882094397926
"ufb259" 0.64679416138596 0.187166831068805 0.27481660904465 0.13012607689619 0.0715083263226368 0.109288872012376
"ufb260" 0.664796583823188 0.179685960370576 0.193156331660885 0.117116014154167 0.0632918477296151 0.127052493048298
"ufb261" 0.666081738766882 0.179275898698209 0.188694233542346 0.117346675477618 0.0574087561192036 0.124273245757881
"ufb262" 0.630921280412955 0.17086538091047 0.432473323018532 0.122401241754538 0.0654488398334464 0.0665177213756391
"ufb263" 0.616436742934051 0.154617441923138 0.408367722091791 0.107249684247071 0.0584114365578883 0.0631936158921485
"ufb264" 0.656739514906518 0.159635822088588 0.391198656462079 0.110438488774224 0.0651688381366168 0.0789948384220474
"ufb265" 0.656096474899444 0.160086308470722 0.321652954203447 0.110979479837788 0.0653119718819632 0.0867548964222887
"ufb266" 0.709239987385683 0.17414392044846 0.662425032631513 0.135024978409913 0.0583938379788312 0.0453020458536834
"ufb267" 0.626414253070021 0.152275016062977 0.461873479910455 0.105857279761022 0.0598255379818614 0.0612954534814622
"ufb268" 0.620420177596773 0.171261691040044 0.118903807671483 0.104967514616705 0.0529110481757692 0.12426871634316
"ufb269" 0.634812924466533 0.177504175674901 0.118315341677364 0.108933698331747 0.0486510232285914 0.132636063376495
"ufb270" 0.654717529877289 0.190335047722293 0.0975592995879489 0.116365146518116 0.0513074314537529 0.146843359089316
"ufb271" 0.650918642473754 0.186057913911741 0.143324719767885 0.113034079144558 0.0496184909875818 0.142322455449928
"ufb272" 0.446443965517241 0.150611794449056 0.565975566528616 0.108906775715373 0.0457059772435573 0.0178329249011165
"ufb273" 0.750184297329437 0.193934691685733 0.396651107468335 0.137031803402512 0.0856096839613765 0.12923641703649
"ufb274" 0.572609413886831 0.144217872002702 0.180444800839455 0.0917442116415402 0.0446277019525421 0.0869302130594859
"ufb275" 0.579414063065279 0.149364536997573 0.193938980811176 0.0952650546944759 0.0439942122366154 0.0894061477634202
"ufb276" 0.702900076317798 0.208626985878138 0.40654845670744 0.154950691322068 0.0795079222996043 0.123314927845471
"ufb277" 0.625997058954592 0.170689933702051 0.303891231953639 0.112020487789536 0.0623650010421666 0.103885435326148
"ufb278" 0.591367675339095 0.156044598045132 0.261464458774814 0.0994330068390901 0.058398404590372 0.0994120662303258
"ufb279" 0.544999700401462 0.149495594413084 0.246905981827934 0.0922709389302265 0.0549215762471895 0.0895765117715488
"ufb280" 0.531375412198165 0.144762297385753 0.214823143015197 0.0876695654384613 0.0501789231224466 0.0875397401091618
"ufb281" 0.602680184681602 0.163670528940578 0.169204733946731 0.0979012962091681 0.0587816641905458 0.115098291771552
"ufb282" 0.584292429400434 0.162154190649899 0.164536938248634 0.096640750348654 0.0502478194360862 0.117155885199941
"ufb283" 0.588574054219635 0.154857199768517 0.221031406329563 0.100915579238291 0.0506494342443365 0.0915356599087973
"ufb284" 0.634036773923945 0.175386618967029 0.29902032780743 0.12399844593923 0.0658583593390927 0.0965481889751588
"ufb285" 0.607762681306544 0.165721063933123 0.180308545313647 0.100415921101948 0.0648318906043219 0.117267658645442
"ufb286" 0.590161604767763 0.161393952366516 0.109443694305781 0.0953952738945903 0.0454305464686302 0.116357804356546
"ufb287" 0.614923908575369 0.167110183759178 0.299988300854647 0.109096729293833 0.0612383165507409 0.104540264090026
"ufb288" 0.628807638616961 0.166504767362711 0.165077999595167 0.10696897425675 0.0529798429622997 0.11500474072162
"ufb289" 0.620406008379032 0.146295291682753 0.402930436516763 0.0981910800193728 0.063877436173731 0.0721351674953437
"ufb290" 0.661041632369516 0.186706197376527 0.164565179571332 0.115735377264841 0.0589300910641472 0.139457739175408
"ufb291" 0.61781988964302 0.175851971568416 0.273992922498386 0.119349153310333 0.0696258606777754 0.103861203026878
"ufb292" 0.516876823365151 0.13289551682367 0.163753105679417 0.082420583143969 0.0331908714057953 0.0773337762959758
"ufb293" 0.619289650200985 0.145190161804084 0.426423990943642 0.0985658618421863 0.0595900947320238 0.0634611786546725
"ufb294" 0.68372562424716 0.169460734945705 0.505747531131731 0.12437977399626 0.0667434139805123 0.0654618462559923
"ufb295" 0.647180127837627 0.153301302525295 0.462061603094569 0.104650119076284 0.0688954238362195 0.0797780715546903
"ufb296" 0.601233887688672 0.162179910198805 0.171179536549865 0.100149519085518 0.0537030744031711 0.114663414948505
"ufb297" 0.755586980126765 0.198607245707319 0.582706932874698 0.152624495619596 0.0906597075633953 0.0980617360812723
"ufb298" 0.615278142794569 0.144419460202367 0.443597584334295 0.102121084417783 0.0536078115489859 0.0523479608286238
"ufb299" 0.588375465060078 0.142076390207318 0.437631417510253 0.0969772948812901 0.0570304396680598 0.0598782930936978
"ufb300" 0.660704836490634 0.155288687032914 0.682689313078023 0.120691426984145 0.0545467869663566 0.0235944994800864
"ufb301" 0.775856122697395 0.195383280372116 0.491247303076013 0.142349259332801 0.101121707870385 0.11824707789243
"ufb302" 0.641809533247448 0.180088154569265 0.367704669181128 0.125047718497084 0.0678555691959363 0.101407358798049
"ufb303" 0.647740417165285 0.184580690454115 0.118649879706329 0.116293303377053 0.0484142385247168 0.141781296019024
"ufb304" 0.645220795569899 0.185764665041184 0.118698448350588 0.116438257274537 0.053094963774565 0.14336376803771
"ufb305" 0.576310523956104 0.154629736408322 0.141555534518458 0.0932357735180236 0.0474512426844629 0.108521661348657
"ufb306" 0.627222187874403 0.173263225712496 0.117838667918585 0.108036831899297 0.0551892332693472 0.126389556031182
"ufb307" 0.565147526411159 0.145619842625874 0.21256382984727 0.0918651216047236 0.0506271256705517 0.0854767466229018
"ufb308" 0.579967725277563 0.15783946924379 0.106079909417072 0.0979252098083637 0.038207390845101 0.114236730843327
"ufb309" 0.584285765044473 0.15693350629019 0.259837095716053 0.101666018020329 0.0578869333014672 0.0891193606329399
"ufb310" 0.698945167727834 0.146711222686393 0.785548926923977 0.118557124585276 0.0563597785050319 0.0142493097990797
"ufb311" 0.671932098240843 0.17058468467965 0.427941849979116 0.125672024130977 0.0691525184897945 0.091220894560499
"ufb312" 0.675953980125856 0.171877294316076 0.434470672066016 0.125055690921279 0.0651986912740364 0.0926878397235088
"ufb313" 0.588357831440298 0.150443367253832 0.187945380434426 0.0949288005026163 0.0482847311512702 0.0980260564119698
"ufb314" 0.633887804976165 0.138871248443359 0.532958848656404 0.101416750042052 0.0657313868846949 0.0461378806424899
"ufb315" 0.580507467168857 0.159201865004457 0.141996064200591 0.0952486443029406 0.0445176725895363 0.113344416001917
"ufb316" 0.663808728590921 0.169626759428215 0.236069173350402 0.113243439751272 0.0523322859504453 0.110918495553378
"ufb317" 0.532965288459959 0.148168646566187 0.145003189579786 0.091543705705316 0.0471112203950373 0.0935012752818888
"ufb318" 0.537196938861115 0.152632266726386 0.166954925572243 0.0952200900982893 0.0473073763395833 0.0958287277154992
"ufb319" 0.570952056813387 0.159922509780487 0.155231876808024 0.0969512477623809 0.0436731640417204 0.109719719804716
"ufb320" 0.608052660449808 0.158699930131732 0.247058763632922 0.0993082241918531 0.0568400684436062 0.106711970585707
"ufb321" 0.597769281799397 0.157499723437411 0.134983907154428 0.096061901643558 0.0474621808173122 0.110745419899768
"ufb322" 0.544719755674369 0.131922302578354 0.271177479646382 0.0844083506776008 0.0522847476885494 0.0707383384630303
"ufb323" 0.567626188156613 0.138412799433466 0.259477495327207 0.0882370752056148 0.0526536676591689 0.0807404129981111
"ufb324" 0.759242219768536 0.19834474172095 0.426429743204341 0.1403638983504 0.0912735447623002 0.121388876228982
"ufb325" 0.714611345410249 0.184231172723147 0.390109504587764 0.130915616759632 0.0727221469789796 0.105914581328379
"ufb326" 0.742148619716712 0.186076614680625 0.426333914656025 0.132161743516628 0.0869480382338661 0.115279126464521
"ufb327" 0.597240359638737 0.161153422049976 0.188072245357923 0.0976644526551637 0.0582062757895846 0.112434736418029
"ufb328" 0.582663473211063 0.157503248288255 0.129918806596079 0.0926478905360106 0.0450134983822695 0.112257561931097
"ufb329" 0.670983858048575 0.172774344446249 0.295390226505906 0.116930323997153 0.0631162605820174 0.100570237249915
"ufb330" 0.534084218039076 0.147604092169849 0.198209416954272 0.096513176137587 0.0436083788852119 0.083917012484074
"ufb331" 0.578134507163215 0.15362881884207 0.236231075745802 0.0929097547590839 0.0562422598769143 0.0993209717411361
"ufb332" 0.590871891434733 0.158481319581459 0.199765789963107 0.0950850490630259 0.0568936717382166 0.108220977748556
"ufb333" 0.582464208132725 0.153782549490483 0.211327606458924 0.0941308720801042 0.0606136112451632 0.101559239770111
"ufb334" 0.627768205422739 0.178379814147597 0.0953867038395797 0.111031242575325 0.0426432852927427 0.135975811343889
"ufb335" 0.565207269141754 0.149526125782063 0.140824332870578 0.0920365492656929 0.0413218390743948 0.104900070775478
"ufb336" 0.580612952627439 0.164755450976068 0.177577938591218 0.100862498647907 0.0455446752122416 0.113174514338648
"ufb337" 0.573602454996995 0.171183621161589 0.177504333104507 0.103844400735869 0.0499257151144113 0.11264663313615
"ufb338" 0.685721795591296 0.169936561534288 0.388683157021154 0.120164952266548 0.0773044970013138 0.0974668938093082
"ufb339" 0.629586390927285 0.148815289976319 0.461186606086936 0.102881961291357 0.066114642702569 0.0748116425764283
"ufb340" 0.680638869080079 0.176130815999037 0.459077472961903 0.12869597763502 0.0772646964841506 0.0973894161728955
"ufb341" 0.610911971482325 0.142562674370174 0.508422504573625 0.101239212271078 0.0613450153875754 0.0505934946703413
"ufb342" 0.574089508835959 0.145929750628294 0.211625375368814 0.0947285411844268 0.0459059605689437 0.0857292550312831
"ufb343" 0.610116262470855 0.171424177180462 0.118832834551757 0.10154409170086 0.0384485510436984 0.127933086836762
"ufb344" 0.635343287260479 0.177980944507225 0.359889209356286 0.125217666373095 0.0632304609040066 0.0989429666795575
"ufb345" 0.609019292096871 0.163619798246134 0.34068041363466 0.111693274218784 0.0655305417342671 0.0905287436652168
"ufb346" 0.589052260403846 0.157295569401191 0.346839245704286 0.108070255697593 0.0574696629288103 0.066445441511948
"ufb347" 0.573027983884767 0.157967853258269 0.134664635057123 0.0945081731747286 0.0429485183556693 0.10904040789841
"ufb348" 0.596589862298901 0.163719040707196 0.280457990771414 0.108782732695148 0.0678645799735961 0.0964013602189732
"ufb349" 0.556895245612364 0.142349110035988 0.222103351910845 0.0941234376125858 0.0493262673099545 0.078126319295551
"ufb350" 0.51698793039053 0.130007846291141 0.163243465887363 0.0782960412924549 0.0311402911306102 0.079512645459536
"ufb351" 0.567380680267467 0.154971684299662 0.169116246313673 0.0954122109226113 0.0445017759838974 0.104490008364396
"ufb352" 0.662624564773682 0.171939592645368 0.451759661791673 0.122614162694606 0.0608115330766262 0.0676499886471524
"ufb353" 0.576755262089988 0.147370701664047 0.176222352048796 0.0927120261361516 0.0459696109734247 0.0902642950259571
"ufb354" 0.675889502502346 0.183382017599271 0.202752819829681 0.122852913124128 0.0646566696237888 0.12861163499252
"ufb355" 0.577226737519511 0.152606427145988 0.200497075959274 0.0924785894329469 0.0553530504811678 0.100290567291862
"ufb356" 0.586633763866771 0.156413173869314 0.183510359741438 0.0955974532690791 0.0577874945049764 0.106032007546078
"ufb357" 0.682751911912326 0.176159389311815 0.470677185423439 0.130726702466876 0.0728218225874836 0.097482959702837
"ufb358" 0.5955740657143 0.157617453459327 0.340429806330943 0.101382706668962 0.0672848093260773 0.0946734963130696
"ufb359" 0.580029388694601 0.154473577378221 0.29497047709602 0.0925282815839663 0.0611607064394922 0.0979452468493304
"ufb360" 0.635951841094824 0.163518042279811 0.283746744997796 0.10401755087061 0.067688828361912 0.111941514280438
"ufb361" 0.667550865156406 0.191655075716726 0.119832805845653 0.118587381258943 0.0529096152353817 0.147541266311393
"ufb362" 0.521670445496903 0.146929426269629 0.151691237636963 0.088073482968609 0.0447366975547775 0.0897424778761108
"ufb363" 0.583147662894702 0.153503797000303 0.205199873687382 0.0934730829037485 0.0585384156252301 0.0992116246956186
"ufb364" 0.638021285297998 0.182184023041868 0.131820883824379 0.110872105545788 0.0393297090926373 0.14002244972917
"ufb365" 0.589368700873989 0.161575678615712 0.271011806487613 0.0984733965773521 0.0567544146997694 0.0987695902999061
"ufb366" 0.62029869291197 0.14981054758143 0.303035373637742 0.098259315331394 0.0654386118710266 0.0899536661005536
"ufb367" 0.571256628325517 0.15822810314872 0.197286782384592 0.100610261921038 0.0553770042731678 0.0987983280799548
"ufb368" 0.563437930851628 0.13629193041781 0.259477495327207 0.0875296313700962 0.054693814842916 0.0784775785756233
"ufb369" 0.617965690521573 0.165059072751531 0.288967511209877 0.110418717028497 0.0687969318582236 0.0923803421494355
"ufb370" 0.626944545479981 0.155636239778439 0.342336007236553 0.10015597062726 0.0646207630891848 0.0991351237890348
"ufb371" 0.657961918408121 0.172000422206465 0.386580701643202 0.123076202209874 0.0694211594622214 0.0929268129993157
"ufb372" 0.559953807478195 0.147049000496233 0.105962468643339 0.085848275352647 0.0376556868172588 0.101846855112026
"ufb373" 0.75374502884072 0.199766279768109 0.379135637283318 0.139639663109834 0.0944799296129762 0.135480431884406
"ufb374" 0.650387627405454 0.138930701103087 0.66284064429251 0.105335683956618 0.061198884861888 0.0310274990699133
"ufb375" 0.59776301151568 0.167295719838015 0.283585321215854 0.112828290431465 0.0626878409668406 0.0946437718100845
"ufb376" 0.572053582792414 0.154500783242125 0.238164118492126 0.093308947100834 0.0556460464927419 0.0947947637380662
"ufb377" 0.579833523480147 0.154074748310099 0.18325743823485 0.0912457401510504 0.0544558166144145 0.101846312591353
"ufb378" 0.584267285048517 0.155603219030673 0.171087270535741 0.0932098573889731 0.0558473687628681 0.105170863334434
"ufb379" 0.561524751336745 0.145306381128538 0.329334319098194 0.0941849254058203 0.0593013504116232 0.0767586417514784
"ufb380" 0.601673374285109 0.158867754473241 0.153328259266847 0.0968739209647264 0.0455992212396991 0.111214461706619
"ufb381" 0.663954685890834 0.182686466656478 0.614335726965381 0.138947854814788 0.0581484603478482 0.0551773153951068
"ufb382" 0.608501705589084 0.160558311211128 0.279652798845439 0.104188607747425 0.0620491631856939 0.101201794007868
"ufb383" 0.656787634296989 0.181070765696713 0.154627648623079 0.110953194389317 0.0448232963761899 0.13459549933579
"ufb384" 0.62213455973432 0.169220062270433 0.118978299653627 0.104882458635784 0.0503609021635675 0.120976486091136
"ufb385" 0.620606957431338 0.140786874612357 0.461349611543587 0.0964951291213462 0.0649410398152392 0.0586749230476355
"ufb386" 0.685742390003988 0.171594211668995 0.308009319277517 0.116403722846275 0.0656156821117845 0.104932307838374
"ufb387" 0.603863467812146 0.166184850392869 0.129767117729378 0.099945946569177 0.0432757487701959 0.121976046437448
"ufb388" 0.554731394842413 0.143034971642308 0.177355413311167 0.0880689421774736 0.0434015607533544 0.0881143634490006
"ufb389" 0.71979726934216 0.181836769631932 0.443943478350757 0.133745479724598 0.0793344709664161 0.0937035151952737
"ufb390" 0.607363141094871 0.13951958620892 0.403020356264173 0.0933561327130415 0.0610848176010914 0.0646177313095605
"ufb391" 0.627594791960686 0.173013318288026 0.122932789647263 0.105155953816729 0.0460905285258756 0.12862576417168
"ufb392" 0.656674307882208 0.16748294946563 0.509192825471426 0.127797567509997 0.0610631343305677 0.0634682320521314
"ufb393" 0.632311654814906 0.174143679584451 0.129730636517981 0.110067106067085 0.0592865256501296 0.126192671028159
"ufb394" 0.569202583675866 0.159189727189497 0.159658554120442 0.0969287195727013 0.0435834847273994 0.107265808632142
"ufb395" 0.612411667199814 0.167571461655572 0.278305342733847 0.1183348359298 0.0554640998267701 0.0879858515345079
"ufb396" 0.621952533474381 0.171193383985071 0.274984647644199 0.121025042894272 0.0614648825009865 0.091990740131886
"ufb397" 0.570822894584698 0.150092686088579 0.216992486400344 0.102236905126469 0.0519410852459309 0.0819405934276146
"ufb398" 0.599103139013453 0.134420409839138 0.698566322734785 0.101673932840549 0.0447478405297062 -0.00139476186008109
"ufb399" 0.580896624887038 0.157301592170985 0.13177037662203 0.0923310308760481 0.0442169777506452 0.111343711999262
"ufb400" 0.64299038890466 0.167167224978488 0.190714575150324 0.111598241788019 0.0628676605085002 0.10824441708509
"ufb401" 0.740646779226081 0.189075440614271 0.426679520326047 0.134626336247563 0.0907813422413506 0.118398150742479
"ufb402" 0.60639245594594 0.165773216796477 0.169086624136316 0.0996112728782928 0.0561999054673088 0.119441422149892
"ufb403" 0.754713487307252 0.183768135684351 0.505686015455835 0.135313124408562 0.0823570478589537 0.0958484157619305
"ufb404" 0.56706102057122 0.143812133005023 0.200995058219561 0.0910416826332705 0.0466902481745863 0.0865627522315079
"ufb405" 0.642043739929055 0.171676001938945 0.194816465827033 0.113104941522499 0.0583173914810115 0.116100708796179
"ufb406" 0.605038161571506 0.160034298827053 0.3553431864256 0.109336610273352 0.0632979746305627 0.0795942898165771
"ufb407" 0.704267887665725 0.195322721683641 0.274203402783295 0.129794620805217 0.0712548512767542 0.141406885855476
"ufb408" 0.636529523646088 0.179458344909653 0.106397304065331 0.112703309872907 0.0548095058729893 0.134696486155015
"ufb409" 0.591561195014604 0.13625348534209 0.389004145094253 0.0931997806690184 0.0588988046050266 0.0610073942028565
"ufb410" 0.59600012288409 0.135582657700339 0.350232816863088 0.0902476223199542 0.0578246906794624 0.0660708436823916
"ufb411" 0.558168180516496 0.14815016416037 0.12995726938525 0.0890592679446672 0.0439642151127958 0.0998425448158691
"ufb412" 0.63500168401269 0.154688974529218 0.394668523446232 0.102691117072028 0.0721166194589615 0.0951150974004066
"ufb413" 0.760566093206679 0.186835136124322 0.493539601423748 0.137557027581473 0.0927832779085615 0.108963491763129
