1 1 1 1 1
1 1 1 1 1
1 1 1 1 1
1 1 1 1 1
1 1 1 1 1
0.7703179 1 1 1 1
1 0.7995597 0.6527954 1 1
1 1 0.7703179 0.6665096 0.8314489
1 0.728785 0.6747754 0.8182751 1
0.6665096 0.8573709 0.8715065 1 1
0.8182751 0.8412596 0.8635783 0.7703179 1
1 0.5740192 1 0.6666667 0.5406358
0.6666667 0.6516979 0.7373796 0.5706922 0.3496714
0.7373796 0.5943366 0.7748405 0.7024264 0.7024264
0.7703179 0.7226141 0.6293991 0.6665096 0.7872848
0.8745254 0.5579257 0.6060827 0.8715065 0.728785
0.563078 0.5875897 0.7373796 0.5943366 0.7226141
0.7388911 0.7703179 0.8296804 0.7184594 0.7995597
0.4375367 0.533435 0.3802179 0.4507448 0.7950347
0.728785 0.6722642 0.876682 0.4898692 0.3905518
0.7019699 0.5875897 0.8724438 0.5706922 0.6747754
0.4898692 0.7703179 0.7826194 0.5579257 0.7703179
0.7995597 0.7630034 1 0.8182751 0.6282113
0.6665096 0.7995597 0.8724438 0.8707993 0.599974
0.8486688 0.7199626 0.8296804 0.7630034 0.5892148
0.1553757 0.6536279 0.6406552 0.4898692 0.6527954
0.8715065 0.4962758 0.6516979 0.7981208 0.7245967
0.8314489 0.5706922 0.7024264 0.6153793 0.7512475
0.7952558 0.8573709 0.6227381 0.7703179 0.7748405
0.638397 0.8488371 0.7995597 0.4898692 1
0.7981208 0.876682 0.7995597 0.7872848 0.7184594
0.6590158 0.4310945 0.6516979 0.7510394 0.7995597
0.6665096 0.5706922 0.6722642 0.6227381 0.7981208
0.5182544 0.7024264 0.7512475 0.3093899 0.3093899
0.3517984 0.538134 0.7630034 0.7950347 0.7510394
0.8486688 0.7995597 0.8763352 0.6516979 0.6240165
0.6406552 0.7224835 0.6282113 0.4611778 0.402512
0.638397 0.6665096 0.3093899 0.6121825 0.6342884
0.6923665 0.7280482 0.6516979 0.4691288 0.8724438
0.6722642 0.193876 0.6227381 0.4024702 0.7950347
0.6293991 0.7510394 0.4024702 0.4024702 0.4898692
0.3905518 0.7024264 0.7001374 0.5501277 0.7024264
1 0.5406358 0.7226141 0.6747754 0.4024702
0.7019699 0.7703179 0.5133327 0.7334171 0.7644048
0.7995597 0.8370139 0.7981208 0.6767316 0.6153793
0.7024264 0.3905518 0.4649193 0.2056224 0.3093899
0.6060827 0.6590158 0.3802179 0.4507448 0.3093899
0.7373796 0.5579257 0.7024264 0.8296804 0.7950347
0.8412596 0.5943366 0.3517984 0.7184594 1
0.7024264 0.5892148 0.5022459 0.4686935 0.7644048
0.7280482 0.7201782 0.3804182 0.6767316 0.8715065
0.7826194 0.3230542 0.6715146 0.5785724 0.7184594
0.8488371 0.8745254 0.6767316 0.7373796 0.7510394
0.7024264 0.6516979 0.7919445 0.5367498 0.7287608
0.4898692 0.6227381 0.5785724 0.6227381 0.4898692
0.6406552 0.7995597 0.7950347 0.8763352 0.3496714
0.3093899 0.3905518 0.3808823 0.876682 0.4622648
0.6516979 0.5274537 0.5706922 0.6590158 0.7950347
0.728785 0.5091024 0.6227381 0.638397 0.5274537
0.5943366 0.6722642 0.6227381 0.7024264 0.5706922
0.8314489 0.7373796 0.7226141 0.8745254 0.5299818
0.4946223 0.3802179 0.4899757 0.1553757 0.40838
0.4507448 0.6227381 0.4622648 0.3808823 0.4898692
0.539319 0.6719991 0.876682 0.7388911 0.5875897
0.4255015 0.6516979 0.5785724 0.5386717 0.6516979
0.5785724 0.728785 0.8763352 0.4452281 0.4713447
0.4962758 0.8412596 0.6722642 0.4898692 0.8724438
0.4686935 0.7019699 0.7748405 0.2385712 0.533435
0.5386717 0.5022459 0.4926889 0.7512475 0.7944254
0.6719991 0.4686935 0.6121825 0.5943366 0.4255015
0.5022459 0.4255015 0.7024264 0.3707686 0.3351819
0.7880764 0.6130622 0.6121825 0.402512 0.6516979
0.4898692 0.638397 0.7019699 0.6293991 0.5809171
0.5706922 0.8486688 0.3986792 0.6468215 0.4968964
0.8724438 0.5740192 0.4375367 0.8745254 0.5706922
0.4622648 0.3802179 0.402512 0.3808823 0.728785
0.6227381 0.7226141 0.6516979 0.8486688 0.5501277
0.6005128 0.7981208 0.4024702 0.7981208 0.8715065
0.5706922 0.7199626 0.8296804 0.6665096 0.4255015
0.4686935 0.6767316 0.7944254 0.5022459 0.6153793
0.7995597 0.5952467 0.7872848 0.6516979 0.3905518
0.4255015 0.8412596 0.5740192 0.3905518 0.4622648
0.6227381 0.5386717 0.6227381 0.7950347 0.4310945
0.4686935 0.8635783 0.7630034 0.6666667 0.5972453
0.7995597 0.6060827
