1 1 1 1 1
1 1 1 1 1
1 1 1 1 1
1 1 1 1 1
1 1 1 1 1
1 1 1 1 1
1 0.8488371 0.7024264 0.5875897 1
1 1 1 1 0.7019699
1 1 0.7995597 0.6665096 0.638397
0.7703179 0.7995597 0.8635783 0.7024264 0.7826194
0.7748405 0.8486688 0.8724438 1 0.5706922
1 0.7512475 0.5182544 0.5706922 0.6665096
0.5875897 0.8488371 0.8724438 0.8488371 0.7995597
1 0.7373796 0.7748405 0.8635783 0.7019699
0.6516979 0.4588931 0.7512475 0.7995597 0.1553757
0.7703179 1 0.7226141 0.5740192 0.7512475
0.5406358 0.8486688 0.6516979 0.5706922 0.7024264
0.5501277 0.7512475 0.4962758 0.4588931 0.7703179
0.8412596 0.7880764 0.6747754 0.7510394 0.7944254
0.6665096 0.6516979 0.5706922 0.7024264 0.7703179
0.7024264 0.7201782 0.563078 0.4926889 0.8635783
0.8763352 0.8314489 0.8182751 0.8314489 0.4507448
0.5182544 0.4962758 0.8488371 0.7510394 0.6527954
0.193876 0.4926889 0.6665096 0.5809171 0.7981208
0.6516979 0.6665096 0.8715065 0.638397 1
0.7512475 0.5740192 0.8412596 0.7981208 0.728785
0.8763352 0.8488371 0.876682 0.6747754 0.6536279
0.6121825 0.6516979 0.7019699 0.6527954 0.7950347
0.563078 0.4926889 0.5972453 0.5593815 0.8486688
0.6516979 0.4649193 0.7981208 0.5706922 0.7995597
0.8724438 0.638397 0.7995597 0.7748405 0.8573709
0.7950347 0.6722642 0.533435 0.7001374 0.6012006
0.7388911 0.8715065 1 0.4588931 0.5274537
0.193876 0.7512475 0.8715065 0.5274537 0.2537769
0.3726694 0.6747754 0.4020439 0.4507448 0.4622648
0.7280482 0.4898692 0.7388911 0.7201782 0.5706922
0.6293991 0.8314489 0.4325839 0.5593815 0.6121825
0.5691792 0.7024264 0.6516979 0.4898692 0.3093899
0.7024264 0.6516979 0.3905518 0.1553757 0.4024702
0.728785 0.7703179 0.7880764 0.4020439 0.5022459
0.6628102 0.6130622 0.6715146 0.6536279 0.3496714
0.1935131 0.6516979 0.7630034 0.6516979 0.5892148
0.7490779 0.7950347 0.6293991 0.7703179 0.5283812
0.8573709 0.8763352 0.6715146 0.8182751 0.8412596
0.4452281 0.2741717 0.5875897 0.5478796 0.6516979
0.7630034 0.7981208 0.6767316 0.4624504 0.4691288
0.7748405 0.6747754 1 0.2056224 0.7024264
0.7280482 0.193876 0.1553757 0.189258 0.248536
0.8724438 0.6121825 0.7995597 0.6516979 0.7995597
0.8370139 0.3905518 0.3752814 0.4127387 0.349518
0.4673196 0.8767818 0.8488371 0.5892148 0.7823563
0.638397 0.7630034 0.6666667 0.6293991 0.7019699
0.5809171 0.7748405 0.7001374 0.5274537 0.7024264
0.7334171 0.5740192 0.6747754 0.6516979 0.7201782
0.6012006 0.1714216 0.4024702 0.4898692 0.6536279
0.7373796 0.6666667 0.876682 0.4325839 0.6516979
0.4020439 0.4325839 0.4649193 0.7280482 0.6715146
0.876682 0.728785 0.7703179 0.7373796 0.3905518
0.7280482 0.7226141 0.7981208 0.7024264 0.7512475
0.5283812 0.6767316 0.876629 0.7981208 0.7245967
0.7287608 0.4898692 0.3905518 0.876682 0.7630034
0.7826194 0.6516979 0.7981208 0.8707993 0.876629
0.6516979 0.7373796 0.7226141 0.6516979 0.7703179
0.2191448 0.5875897 0.4649193 0.7880764 0.7226141
