1 1 1 1 1
1 1 1 1 1
1 1 1 1 1
1 1 1 1 1
1 1 1 1 1
1 1 1 1 1
1 1 1 0.7703179 0.876682
0.8182751 0.8763352 0.7703179 1 1
1 1 1 0.5875897 0.7373796
1 0.7995597 1 0.8715065 0.563078
0.7995597 1 1 0.5875897 0.8182751
1 0.7995597 1 0.7630034 0.7995597
0.6550099 0.7995597 0.6665096 0.7826194 1
0.7826194 0.7703179 0.193876 0.6665096 0.6665096
0.876682 0.7373796 0.7826194 0.7950347 0.5706922
0.5889737 0.5593815 0.6121825 0.5691792 0.7981208
0.6767316 0.5952467 0.6665096 0.8724438 0.7880764
0.7201782 0.5889737 0.6536279 0.3496714 0.6527954
0.6666667 0.6719991 0.876629 0.6747754 0.5248206
0.8667781 0.7373796 0.6527954 0.8412596 0.4255015
0.4507448 0.7703179 0.7981208 0.6767316 0.8763352
0.8724438 0.2537769 0.5706922 0.3230542 0.7280482
0.1553757 0.7201782 0.5889737 0.6406552 0.5706922
0.6516979 0.7024264 0.8724438 0.6536279 0.7995597
0.4968964 0.6516979 0.5706922 0.7024264 0.5501277
0.3911885 0.7024264 0.8488371 0.8763352 0.7334171
0.2537769 0.7490779 0.8182751 0.535059 0.7024264
0.7512475 0.7512475 0.7024264 0.6550099 0.5478796
0.7226141 0.7630034 0.7995597 0.7373796 0.8370139
0.8296804 0.8314489 0.6516979 0.7950347 0.4898692
0.3905518 0.7201782 0.6516979 0.4898692 0.4367763
0.2191448 0.3905518 0.4898692 0.7703179 0.5773509
0.6220706 0.7703179 0.563078 0.7024264 0.6550099
0.4898692 0.8635783 0.7703179 0.3905518 0.6628102
0.2537769 0.7388911 0.8412596 0.5406358 0.7748405
0.6516979 0.7995597 0.5367498 0.5773509 0.4507448
0.4388372 0.3802179 0.7024264 0.5740192 0.6516979
0.7201782 0.4946223 0.8724438 0.535059 0.6516979
0.6130622 0.5691792 0.7024264 0.5501277 0.4507448
0.7510394 0.8486688 0.7512475 0.7024264 0.8488371
0.2056224 0.3806701 0.4926889 0.7703179 0.7981208
0.7001374 0.8182751 0.4255015 0.7981208 0.8488371
0.314432 0.538416 0.7001374 0.5367498 0.7024264
0.6516979 0.7512475 0.6468215 0.193876 0.7787606
0.3707686 0.7024264 0.6516979 0.4898692 0.3905518
0.7981208 0.6220706 0.8767818 0.8715065 0.6767316
0.8745254 0.6516979 0.2537769 0.8486688 0.4898692
0.4649193 0.8573709 0.6516979 0.6516979 0.6666667
0.5943366 0.876682 0.7024264 0.8763352 0.4622648
0.7001374 0.4024702 0.7703179 0.8724438 0.6121825
0.4210377 0.8763352 0.7086815 0.6468215 0.5943366
0.2537769 0.5875897 0.5706922 0.8724438 0.7880764
0.535059 0.7703179 0.8488371 0.4066235 0.5182544
0.7880764 0.7201782 0.6767316 0.1714216 0.7512475
0.7512475 0.6719991 0.7950789 0.5780744 0.6130622
0.6767316 0.7872848 0.7287608 0.7024264 0.3905518
0.6665096 0.4633064 0.7703179 0.4588931 0.6516979
0.8667781 0.7798877 0.2191448 0.5299818 0.7703179
0.728785 0.2741717 0.5501277 0.5501277 0.8314489
0.8724438 0.6516979 0.5022459 0.5023018 0.2537769
0.7880764 0.5367498 0.5593815 0.533435 0.3288505
0.4384205 0.6715146 0.7995597 0.8667781 0.7798877
0.7024264 0.5706922 0.5889737 0.4898692 0.728785
0.6516979 0.2947576 0.5023018 0.7630034 0.4946223
0.7512475 0.7703179 0.7630034 0.8707993 0.4926889
0.8486688 0.6665096 0.6516979 0.1553757 0.7334171
0.3911885 0.4507448 0.728785 0.6130622 0.5691792
0.6665096 0.3707686 0.4898692 0.5773509 0.5501277
0.4926889 0.6719991 0.3905518 0.6516979 0.4898692
0.4622648 0.6628102 0.4898692 0.3905518 0.7981208
0.8573709 0.3905518 0.1714216 0.8667781 0.3093899
0.8724438 0.6527954 0.7919445 0.7981208 0.6516979
0.3496714 0.6220706 0.4367763 0.3905518 0.8635783
0.5943366 0.5952467 0.7245967 0.7919445 0.4588931
0.5182544 0.5501277 0.5501277 0.7880764 0.8724438
0.7490779 0.4926889 0.6665096 0.7981208 0.6767316
0.6153793 0.7512475
