1 1 1 1 1
1 1 1 1 1
1 1 1 1 1
1 1 1 1 1
1 1 1 1 1
1 1 1 1 1
1 1 0.7512475 0.8573709 1
1 0.6665096 1 1 1
0.7995597 1 0.7024264 0.7981208 0.7703179
1 1 1 0.8182751 0.8182751
0.8635783 0.5875897 0.7373796 0.7981208 0.8488371
0.6665096 0.8715065 0.8488371 0.7512475 0.8488371
0.7995597 1 0.8715065 0.876682 0.7024264
0.728785 0.2537769 0.5706922 0.8763352 0.8488371
0.7630034 0.7995597 0.5406358 0.7748405 0.4898692
0.6722642 0.5367498 0.6220706 0.6665096 0.2537769
0.6767316 0.7919445 0.8745254 0.8724438 0.6536279
0.3093899 0.7226141 0.4588931 0.7334171 0.7512475
0.6444048 0.5740192 0.4898692 0.6747754 0.7512475
0.8314489 0.7703179 0.6527954 0.6516979 0.7826194
0.563078 0.6527954 0.7826194 0.6550099 0.8724438
0.876682 0.8724438 0.8763352 0.7019699 0.638397
0.7024264 0.8715065 0.7703179 0.2537769 0.8412596
0.876629 0.6516979 0.4898692 0.6536279 0.6406552
0.5182544 0.6550099 0.876629 0.7748405 0.5773509
0.7201782 0.7880764 0.8724438 0.7630034 0.5892148
0.3496714 0.8412596 0.476305 0.638397 0.7024264
0.5182544 0.7388911 0.6282113 0.7944254 0.7280482
0.8314489 0.728785 0.8486688 0.7880764 0.8370139
0.7630034 0.7703179 0.6665096 0.8763352 0.7512475
0.7981208 1 0.7703179 0.6747754 0.8635783
0.7373796 0.7950347 0.6722642 0.5084778 0.7334171
0.6665096 0.8745254 0.3986792 0.5706922 0.6747754
0.6406552 0.5501277 0.6485235 0.3726694 0.5773509
0.7995597 0.7224835 0.4588931 0.6665096 0.8573709
0.7952558 0.8488371 0.7981208 0.5875897 0.5182544
0.6130622 0.6516979 0.7024264 0.7944254 0.6227381
0.7981208 0.6767316 0.7919445 0.7019699 0.4898692
0.7944254 0.8486688 0.7703179 0.6220706 0.6130622
0.6767316 0.193876 0.6153793 0.7944254 0.8412596
0.8667781 0.7373796 0.193876 0.7950789 0.8767818
0.7995597 0.7950789 0.5706922 0.8724438 0.7880764
0.7950347 0.876682 0.7950347 0.6282113 0.6516979
0.3274721 0.7373796 0.7630034 0.7995597 0.1714216
0.8707993 0.7334171 0.6516979 0.4020439 0.4649193
0.5875897 0.7880764 0.7703179 0.4962758 0.7280482
0.6715146 0.7319184 0.8296804 0.533435 0.5182544
0.6516979 0.7024264 0.4898692 0.8635783 0.6536279
0.6666667 0.5972453 0.6516979 0.5398678 0.7703179
0.7995597 0.193876 0.8724438 0.4066235 0.2191448
0.6516979 0.1553757 0.535059 0.7024264 0.7630034
0.1553757 0.8707993 0.2537769 0.4507448 0.3457848
0.4435025 0.6910118 0.6301787 0.6153793 0.599974
0.4507448 1 0.3276307 0.4899757 0.5889737
0.5748701 0.7748405 0.8763352 0.7995597 0.6468215
0.6516979 0.6550099 0.3276307 0.4020439 0.4673196
0.5182544 0.5972453 0.5501277 0.2056224 0.563078
0.2537769 0.8688518 0.7226141 0.8314489 0.7388911
0.8488371 0.7995597 0.728785 0.8370139 0.7950347
0.2537769 0.6444048 0.7512475 0.8488371 0.4962758
0.5740192 0.7826194 0.538134 0.6719991 0.2537769
0.4898692 0.7510394 0.7373796 0.3802179 0.6444048
0.6767316 0.5875897 0.5299818 0.7024264 0.7950347
0.6516979 0.7981208 0.538134 0.7703179 0.5478796
0.7630034 0.728785 0.7880764 0.5809171 0.7981208
0.7245967 0.7919445 0.538134 0.4926889 0.7024264
0.6665096 0.876682 0.8296804 0.425639 0.7019699
0.7024264 0.7201782 0.4325839 0.6516979 0.7826194
0.5706922 0.8767818 0.638397 0.6227381 0.7024264
0.3276307 0.4898692 0.1553757 0.1714216 0.6666667
0.5943366 0.728785 0.6536279 0.7981208 0.6767316
0.6227381 0.5398678 0.6715146
