1 1 1 1 1
1 1 1 1 1
1 1 1 1 1
1 1 1 1 1
1 1 1 1 1
1 1 1 1 1
1 1 1 0.7703179 1
1 1 1 1 1
0.8182751 0.8763352 0.5706922 1 0.7995597
1 0.193876 0.7995597 1 1
0.6666667 1 0.8635783 0.8715065 0.6665096
0.7512475 0.6665096 0.6665096 0.7995597 0.7373796
0.8182751 0.8573709 0.7995597 0.7373796 0.7630034
0.876682 0.5740192 0.8488371 0.876682 0.7950347
0.7995597 0.7981208 0.7024264 0.8763352 0.7703179
0.6666667 0.8314489 0.7995597 0.5706922 0.5972453
0.7995597 0.6665096 0.8724438 0.7981208 0.5875897
0.5943366 0.8182751 0.6527954 0.7703179 0.6527954
0.7703179 0.7373796 0.7024264 0.5501277 0.7245967
0.8745254 0.6516979 0.193876 0.4507448 0.876682
0.7512475 0.8488371 0.5952467 0.7703179 0.876629
0.6665096 0.7019699 0.7024264 0.2179725 0.8715065
0.7024264 0.8667781 0.7024264 0.3093899 0.8296804
0.3496714 0.7024264 0.7995597 0.7826194 0.8715065
0.4507448 0.6550099 0.7512475 0.7826194 0.7024264
0.7703179 0.6227381 0.7919445 1 0.7995597
0.193876 0.7510394 0.7919445 0.7703179 0.7952558
0.8488371 0.8412596 0.8665742 0.5406358 0.876682
0.7995597 0.5182544 0.5501277 0.8488371 0.563078
0.4926889 0.6220725 0.7512475 0.8488371 0.5943366
0.8635783 0.7001374 0.876629 0.3802179 0.4926889
0.6153793 0.7024264 0.5706922 0.5501277 0.6282113
0.7630034 0.6719991 0.6665096 0.7748405 0.7703179
0.876629 0.7703179 0.7512475 0.6767316 0.7981208
0.8573709 0.7995597 0.4588931 0.193876 0.728785
0.3986792 0.6468215 0.6590158 0.7024264 0.7373796
0.728785 0.7981208 0.6767316 0.7826194 0.5579257
0.5706922 0.5706922 0.8635783 0.7630034 0.6747754
0.8635783 0.6700197 0.7703179 0.5952467 0.8486688
0.7024264 0.7490779 0.7880764 0.6665096 0.7950347
0.8573709 0.66539 0.5501277 0.6516979 0.6516979
0.7630034 0.7950347 0.7388911 0.4962758 0.8724438
0.7872848 0.4024702 0.7019699 0.876682 0.7826194
0.6665096 0.7024264 0.7703179 0.8724438 0.6665096
0.8412596 0.7798877 0.5773509 0.7748405 0.8745254
0.6516979 0.638397 0.7981208 0.8486688 0.7798877
0.8370139 0.7226141 0.8763352 0.7201782
