1 1 1 1 1
1 1 1 1 1
1 1 1 1 1
1 1 1 1 1
1 1 1 1 1
1 1 1 1 0.7703179
1 1 1 1 0.8573709
1 1 1 1 0.8486688
1 0.7995597 1 0.4898692 0.6527954
0.6516979 0.7995597 0.7512475 1 0.193876
0.8635783 0.6665096 0.7981208 1 0.6527954
0.8715065 0.5706922 0.5706922 0.7373796 0.7703179
0.7826194 1 0.7703179 0.6665096 0.7703179
0.7280482 0.8763352 1 0.8763352 0.4926889
0.4507448 0.4622648 0.8724438 0.6516979 0.5182544
0.4588931 0.5972453 0.6121825 0.5406358 0.638397
0.193876 0.6666667 0.6665096 0.7201782 0.6130622
0.7981208 0.6153793 0.8724438 0.7280482 0.7703179
0.7226141 0.7388911 0.8412596 0.8488371 0.6666667
0.6628102 0.5593815 0.3496714 0.5706922 0.7373796
0.5943366 0.7024264 0.6715146 0.6516979 0.7644048
0.7280482 0.6060827 0.3571927 0.8665742 0.5875897
0.7019699 0.7630034 0.7995597 0.3905518 0.7703179
0.5501277 0.5266293 0.569076 0.6153793 0.8745254
0.6590158 0.638397 0.6153793 1 0.8763352
0.8182751 0.7880764 0.3802179 0.5691792 0.5299818
0.7024264 0.6628102 0.6516979 0.8488371 0.5182544
0.6301787 0.7201782 0.7880764 0.6516979 0.5593815
0.7510394 0.6665096 0.5691792 0.4507448 0.3802179
0.3274721 0.3802179 0.8715065 0.8296804 0.7981208
0.8488371 0.4588931 0.5283812 0.7201782 0.6628102
0.476305 0.6516979 0.4898692 0.7024264 0.6747754
0.4058478 0.4898692 0.4691288 0.5023018 0.5579257
0.3351819 0.5266293 0.7245967 0.7199626 0.5706922
0.6527954 0.4962758 0.2537769 0.8745254 0.7373796
0.6747754 0.7024264 0.7644048 0.7880764 0.6767316
0.3093899 0.728785 0.6747754 0.8715065 0.7630034
0.5889737 0.5748701 0.7981208 0.7919445 0.7748405
0.7226141 0.5478796 0.7226141 0.8314489 0.7703179
0.4946223 0.7024264 0.7024264 0.7510394 0.8486688
0.4507448 0.3802179 0.8182751 0.5501277 0.4507448
0.8635783 0.7748405 0.3496714 0.7086815 0.3230542
0.2741717 0.2371541 0.4588931 0.8412596 0.6130622
0.6130622 0.538134 0.3230542 0.569076 0.876682
0.7981208 0.7184594 0.6590158 0.6282113 0.7373796
0.4507448 0.4507448 0.8724438 0.8314489 0.7024264
0.7512475 0.5501277 0.7388911 0.8715065 0.6153793
0.4691288 0.3093899 0.6516979 0.8296804 0.2537769
0.5706922 0.4899757 0.6121825 0.2947576 0.3802179
0.7001374 0.6516979 0.5691792 0.7703179 0.4624504
0.4946223 0.3574621 0.8412596 0.728785 0.6722642
0.5875897 0.6516979 0.4962758 0.6516979 0.5706922
0.7019699 0.5783448 0.578394 0.533519 0.8573709
0.6130622 0.8370139 0.8667781 0.7245967 0.578394
0.4367763 0.7334171 0.7703179 0.8724438 0.6767316
0.4058492 0.2179725 0.8745254 0.7880764 0.3802179
0.7024264 0.6282113 0.5022459 0.7024264 0.6715146
0.6666667 0.6628102 0.6130622 0.8715065 0.7872848
0.5706922 0.4024702 0.7024264 0.7880764 0.4898692
0.6767316 0.6153793 0.7201782 0.6153793 0.7995597
0.1553757 0.563078 0.4926889 0.3274721 0.7388911
0.6130622 0.5593815 0.6468215 0.569076 0.6767316
0.7024264 0.7880764 0.5182544 0.6767316 0.7201782
0.535059 0.8314489 0.8412596 0.4255015 0.7630034
0.7373796 0.5579257 0.7826194 0.7950347 0.6628102
0.7950347 0.8635783 0.8724438 0.8635783 0.7703179
0.638397 0.7226141 0.6516979 0.8488371 0.5133327
0.6628102 0.7001374 0.7086815 0.7184594 0.7872848
0.6130622 0.5943366 0.3093899 0.6121825 0.6719991
0.5740192 0.3905518 0.6767316 0.3905518 0.6516979
0.5809171 0.6468215 0.6590158 0.314432 0.7024264
0.6485235 0.7944254 0.7944254 0.5203948 0.6665096
0.6767316 0.7201782 0.6536279 0.5299818 0.8745254
0.7512475 0.3571927 0.8488371 0.5501277 0.7512475
0.8296804 0.7024264 0.535059 0.8667781 0.6516979
0.4898692 0.7490779 0.2056224 0.3828978 0.4507448
0.4255015 0.876682 0.7872848 0.3230542 0.314432
0.6227381 0.7748405 0.5740192 0.5706922 0.2947576
0.7024264 0.7981208 0.7644048 0.4066235 0.2680046
0.3905518 0.6516979 0.4066235 0.8767818 0.3726694
0.4452281 0.4058492 0.7024264 0.6665096 0.6767316
0.538134 0.5266293 0.7644048 0.6715146 0.6536279
0.5780744 0.3828978 0.2537769 0.7024264 0.7086815
0.6516979 0.227102 0.7919445 0.2947576 0.5501277
0.2537769 0.2191448 0.402512 0.8688518 0.6767316
0.2741717 0.6548575 0.6722642 0.728785 0.3802179
0.4898692 0.5283812 0.402512 0.6665096 0.7995597
0.4024702 0.3802179 0.4367763 0.427851 0.6715146
0.2371541 0.6628102 0.3905518 0.7995597 0.6130622
0.7995597 0.7024264 0.569076
