1 1 1 1 1
1 1 1 1 1
1 1 1 1 1
1 1 1 1 1
1 1 1 1 1
1 1 1 1 1
1 1 1 1 1
1 1 1 1 0.7748405
1 0.6527954 1 0.3093899 0.5406358
0.7995597 0.7995597 1 0.8296804 1
0.5706922 1 0.8715065 0.638397 0.8182751
0.7995597 0.8412596 0.8635783 0.6527954 0.8635783
0.8182751 0.8715065 0.5875897 1 0.7373796
0.8763352 0.8296804 0.5875897 0.8715065 0.7024264
0.6516979 0.3230542 0.563078 0.8724438 0.7880764
0.7995597 0.8488371 0.7703179 0.5809171 0.7024264
0.3905518 0.533435 0.4926889 0.1553757 0.7512475
0.7512475 0.7880764 0.8724438 0.7981208 0.7512475
0.7703179 0.7226141 0.8314489 0.8412596 0.7826194
0.6666667 0.7919445 0.8745254 0.876629 0.8715065
0.7872848 0.6665096 0.6130622 0.7703179 0.7512475
0.8488371 0.7024264 0.6516979 0.4507448 0.7823563
0.8665742 0.8763352 0.2056224 0.7373796 0.5943366
0.5579257 0.3905518 0.5274537 0.4898692 0.7024264
0.7512475 0.5952467 0.8573709 0.3726694 0.7019699
0.7024264 0.6767316 0.7981208 0.8724438 0.5579257
0.6527954 0.4898692 0.7280482 0.728785 0.876682
0.7826194 0.8488371 0.6516979 0.7245967 0.7748405
0.7019699 0.8488371 0.2191448 0.8486688 0.7703179
0.876682 0.5785724 0.6516979 0.4367763 0.4325839
0.7981208 0.5706922 0.3524933 0.3752814 0.6665096
0.5274537 0.5740192 0.6700197 0.7287608 0.7024264
0.563078 0.4926889 0.8488371 0.5748701 0.446928
0.7024264 0.7245967 0.7995597 0.8763352 0.7184594
0.7703179 0.8707993 0.7995597 0.5593815 0.193876
0.6516979 0.6516979 0.8767818 0.193876 0.8715065
0.4588931 0.7703179 0.3806701 0.8724438 0.7024264
0.3905518 0.6767316 0.5875897 0.4127387 0.8745254
0.7184594 0.6719991 0.7919445 0.7950789 0.8763352
0.7630034 0.6665096 0.4926889 0.8635783 0.7703179
0.3093899 0.7630034 0.8707993 0.2537769 0.7287608
0.4024702 0.193876 0.6516979 0.5706922 0.7388911
0.2325394 0.6747754 0.6227381 0.7334171 0.7287608
0.6747754 0.8412596 0.5501277 0.4507448 0.5270721
0.1553757 0.6516979 0.876682 0.7748405 0.3230542
0.4588931 0.7510394 0.4507448 0.3274721 0.4622648
0.4926889 0.4588931 0.1714216 0.876682 0.6722642
0.7019699 0.7630034 0.476305 0.638397 0.7703179
0.8688518 0.6747754 0.5706922 0.4898692 0.7510394
0.6666667 0.6719991 0.8296804 0.8182751 0.6767316
0.7981208 0.4507448 0.4024702 0.4058492 0.4330043
0.2179725 0.6220706 0.6719991 0.7950789 0.8486688
0.7510394 0.728785 0.310109 0.876682 0.6516979
0.8486688 0.3496714 0.5706922 0.876629 0.7872848
0.7798877 0.6715146 0.7880764 0.5943366 0.4926889
0.4367763 0.5299818 0.5691792 0.6130622 0.8745254
0.6227381 0.6722642 0.6628102 0.7950347 0.4367763
0.7880764 0.6060827 0.638397 0.5892148 0.6202529
0.7024264 0.7826194 0.3274721 0.7201782 0.3911885
0.8488371 0.5780744 0.6220725 0.6715146 0.6516979
0.4946223 0.6550099 0.7919445 0.5579257 0.6060827
0.6590158 0.8573709 0.7981208 0.563078 0.7703179
0.7919445 0.7630034 0.7950347 0.7388911 0.5367498
0.4962758 0.7950789 0.3726694 0.7373796 0.6628102
0.5182544 0.1553757 0.4926889 0.563078 0.4962758
0.8724438
