1 1 1 1 1
1 1 1 1 1
1 1 1 1 1
1 1 1 1 1
1 1 1 1 1
1 1 1 1 1
1 1 1 0.728785 1
0.7919445 0.6666667 0.7280482 1 0.7201782
1 0.8745254 0.6665096 0.8745254 0.7245967
0.6536279 0.6227381 0.6747754 1 0.6665096
0.7019699 0.8370139 0.8486688 0.7024264 0.7703179
0.6406552 0.3802179 1 0.6665096 0.4507448
0.7024264 0.6516979 0.8314489 0.7201782 0.2947576
0.8573709 0.314432 0.8412596 0.6516979 0.8182751
0.4968964 0.7995597 1 0.7880764 0.4066235
0.7630034 0.3905518 0.7388911 0.7995597 0.6665096
0.7512475 0.8488371 1 0.7024264 0.6628102
0.7245967 0.7995597 0.5406358 0.2056224 0.6722642
0.5785724 0.8635783 0.2056224 0.3351819 0.876629
1 0.6130622 0.7995597 0.3274721 0.6516979
0.3571927 0.3806701 0.4058492 0.876629 0.4898692
0.7630034 0.5706922 0.7024264 0.6516979 0.876629
0.8412596 0.7510394 0.5691792 0.7512475 0.5091024
0.7373796 0.7703179 0.8635783 0.7703179 0.7919445
0.7373796 0.6527954 0.3806701 0.2537769 0.8486688
0.6227381 0.3905518 0.7280482 0.8296804 0.4898692
0.3905518 0.4507448 0.5875897 0.6516979 0.7981208
0.7512475 0.8182751 0.6516979 0.2537769 0.6628102
0.3274721 0.7201782 0.193876 0.4024702 0.7981208
0.6153793 0.6666667 0.6767316 0.7995597 0.5706922
0.7703179 0.5785724 0.7703179 0.7024264 0.7748405
0.6715146 0.6516979 0.4962758 0.5501277 0.8715065
0.8635783 0.7630034 0.5501277 0.5593815 0.533435
0.6722642 0.7245967 0.7512475 0.7919445 0.8745254
0.7995597 0.6767316 0.4649193 1 0.7981208
0.6767316 0.4507448 0.4588931 0.8488371 0.6130622
0.3274721 0.6130622 0.8724438 0.5501277 0.4622648
0.3274721 0.2947576 0.8763352 0.4367763 0.638397
0.6516979 0.638397 0.6722642 0.2537769 0.8573709
0.7334171 0.5706922 0.6719991 0.3296431 0.3296431
0.8724438 0.5706922 0.8767818 0.3230542 0.6665096
0.6227381 0.7919445 0.5875897 0.5367498 0.7287608
0.7950789 0.2191448 0.6715146 0.6220725 0.4898692
0.7245967 0.193876 0.4898692 0.7024264 0.8763352
0.8296804 0.3332112 0.8767818 0.5691792 0.7703179
0.4898692 0.4255015 0.40838 0.7512475 0.3802179
0.314432 0.7024264 0.6628102 0.2537769 0.7226141
0.8635783 0.5091024 0.3296431 0.8488371 0.193876
0.876682 0.5091024 0.4898692 0.7995597 0.8724438
0.193876 0.5386717 0.5892148 0.3496714 0.274906
0.3276307 0.6153793 0.5706922 0.5943366 0.6516979
0.8724438 0.3093899 0.7880764 0.2537769 0.7319184
0.4255015 0.5889737 0.6715146 0.8488371 0.6130622
0.3618543 0.5501277 0.3274721 0.8745254 0.5691792
0.535059 0.7373796 0.3726694 0.4058492 0.6923665
0.7199626 0.6719991 0.7703179 0.6715146 0.4898692
0.5993186 0.314432 0.7995597 0.4255015 0.8370139
0.8724438 0.7880764 0.7373796 0.5501277 0.4507448
0.6665096 0.40838 0.7319184 0.7952558 0.5773509
0.8488371 0.6516979 0.5501277 0.40838 0.7019699
0.6767316 0.3905518 0.476305 0.4968964 1
0.7950789 0.6227381 0.7919445 0.3571927 0.7169172
0.5706922 0.6516979 0.2537769 0.4899757 0.6444048
0.7981208 0.5593815 0.5706922 0.6468215 0.5706922
0.8573709 0.7280482 0.638397 0.3274721 0.2947576
0.4624624 0.5386717 0.7373796 0.7703179 0.6666667
0.5299818 0.8412596 0.6628102 0.3905518 0.533435
0.4024702 0.6590158 0.3802179 0.3726694 0.2947576
0.5691792 0.7024264 0.3802179 0.4375367 0.6767316
0.6153793 0.5706922 0.4898692 0.6628102 0.8715065
0.4898692 0.5952467 0.8488371 0.4507448 0.5691792
0.4946223
