1 1 1 1 1
1 1 1 1 1
1 1 1 1 1
1 1 1 1 1
1 1 1 1 1
1 1 1 1 1
1 1 1 1 1
1 0.6665096 1 1 0.5875897
0.7024264 0.5952467 0.6665096 0.7995597 1
1 0.8182751 0.7512475 1 0.5875897
0.8314489 0.8488371 0.8486688 0.8488371 0.7703179
1 0.7703179 0.876682 0.8715065 1
0.7024264 0.7995597 0.8370139 0.8182751 0.8182751
0.5406358 0.8412596 0.7334171 0.7995597 0.7703179
0.7950347 0.7950347 0.6536279 0.6516979 0.193876
0.876682 0.8763352 0.7512475 0.7199626 0.8296804
0.7019699 0.7630034 0.7826194 0.6550099 0.6665096
0.8724438 0.7995597 0.8724438 0.193876 0.6665096
0.7995597 0.7510394 0.7334171 0.8370139 0.7880764
0.6747754 0.7995597 0.7024264 0.8488371 0.6516979
0.4898692 0.8763352 0.7280482 0.6406552 0.6516979
0.5706922 0.728785 0.7024264 0.7280482 0.8486688
0.7199626 0.8715065 0.8635783 0.5706922 0.7373796
0.5706922 0.4898692 0.728785 0.6747754 0.7001374
0.7703179 0.7226141 0.6722642 0.6227381 0.4898692
0.7512475 0.5706922 0.3496714 0.6767316 0.876629
0.8412596 0.8763352 0.8763352 0.2537769 0.7981208
0.7245967 0.8745254 0.6227381 0.8370139 0.6516979
0.6536279 0.8724438 0.5367498 0.6220706 0.7630034
0.6282113 0.7995597 0.2537769 0.8296804 0.6719991
0.7880764 0.8573709 0.6527954 0.4898692 0.7826194
0.193876 0.6550099 0.5952467 0.7373796 0.8314489
0.7373796 0.5943366 0.4968964 0.7512475 0.5706922
0.7373796 0.6282113 0.8667781 0.8635783 0.7630034
0.6282113 0.6516979 0.4898692 0.4507448 0.8724438
0.4898104 0.6516979 0.876629 0.6767316 0.6666667
0.3093899 0.5367498 0.7995597 0.3093899 0.5740192
0.3726694 0.6666667 0.4507448 0.7630034 0.7703179
0.8635783 0.7086815 0.5889737 0.6516979 0.6227381
0.638397 0.6468215 0.4622648 0.4926889 0.8724438
0.6516979 0.5706922 0.3905518 0.533435 0.5022459
0.6282113 0.4507448 0.7944254 0.6516979 0.638397
0.3905518 0.563078 0.4367763 0.6282113 0.7334171
0.6516979 0.5809171 0.7024264 0.7001374 0.6227381
0.7630034 0.7510394 0.8486688 0.7748405 0.5367498
0.476305 0.638397 0.8182751 0.5892148 0.7919445
0.8745254 0.876682 0.876682 0.7226141 0.2056224
0.7950789 0.728785 0.3496714 0.7981208 0.4968964
1 0.6516979 0.6715146 0.7024264 0.5943366
0.6516979 0.4898692 0.7748405 0.7944254 0.2056224
0.7981208 0.7981208 0.6282113 0.4622648 0.7630034
0.3496714 0.5740192 0.8412596 0.6665096 0.8296804
0.8665742 0.6665096 0.7001374 0.7024264 0.5943366
0.6747754 0.8724438 0.7280482 0.2537769 0.8573709
0.876682 0.6747754 0.7510394 0.7512475 0.7334171
0.7981208 0.7703179 0.6516979 0.425639 0.7880764
0.5593815 0.7024264 0.6516979 0.3230542 0.8488371
0.7024264 0.4898692 0.6767316 0.2191448 0.7201782
0.7995597 0.4898692 0.3905518 0.3618543 0.3911885
0.7373796 0.7024264 0.6153793 0.4588931 0.4375367
0.3808823 0.6516979 0.4898692 0.7944254 0.3905518
0.7334171 0.533435 0.6220725 0.6536279 0.7019699
0.638397 0.7919445 0.563078 0.3517984 0.6923665
0.8314489 0.5593815 0.5943366 0.4255015 0.4968964
0.3905518 0.4020439 0.6293991 0.8296804 0.7024264
0.8715065 0.4962758 0.5740192 0.6527954 0.7388911
0.6516979 0.5478796 0.6767316 0.6153793 0.6516979
0.7880764 0.5809171 0.7880764 0.4255015 0.6628102
0.6722642 0.5773509 0.5501277 0.1553757 0.7798877
0.6121825 0.4918391 0.4926889 0.3806701 0.6590158
0.6516979 0.4588931 0.6153793 0.7995597 0.7201782
0.3905518
