1 1 1 1 1
1 1 1 1 1
1 1 1 1 1
1 1 1 1 1
1 1 1 1 1
1 1 1 1 1
1 1 1 1 1
0.7995597 1 0.8573709 0.6665096 0.7630034
1 1 0.876682 1 0.7995597
1 0.7086815 0.6666667 1 0.7024264
0.8715065 0.7798877 1 0.8715065 1
1 0.8486688 0.7995597 0.6665096 0.6666667
0.8724438 0.7019699 1 0.7373796 0.7644048
0.7995597 0.7748405 0.6516979 0.4507448 0.5875897
0.7995597 0.7703179 0.6665096 0.8182751 0.7981208
0.538134 0.6060827 0.5706922 0.7630034 0.6282113
0.6550099 0.7981208 0.5706922 0.7995597 0.7373796
0.7024264 0.876682 0.8370139 0.7703179 0.8314489
0.7024264 0.7245967 0.8745254 0.7703179 0.6665096
0.6665096 0.7950347 0.7703179 0.6767316 0.6220706
0.876629 0.8767818 0.876682 0.5501277 0.7950347
0.1553757 0.4588931 0.8412596 0.7880764 0.7512475
0.5875897 0.7703179 0.6516979 0.3093899 0.6719991
0.5972453 0.8488371 0.7703179 0.5706922 0.8724438
0.6516979 0.7226141 0.8314489 0.6665096 0.5952467
0.7919445 0.8745254 0.7512475 0.6516979 0.6590158
0.8314489 0.6527954 0.7981208 0.7919445 0.8724438
0.6747754 0.3802179 0.3496714 0.638397 0.3496714
0.6516979 0.8182751 0.6153793 0.8667781 0.6468215
0.4024702 0.193876 0.8763352 0.8412596 0.6227381
0.8488371 0.4898692 0.6767316 0.6527954 0.6747754
0.7872848 0.4713447 0.5706922 0.7001374 0.5952467
0.7981208 0.7024264 0.4588931 0.4962758 0.7287608
0.4686935 0.5406358 0.8182751 0.7703179 0.728785
0.7201782 0.7184594 0.5943366 0.6590158 0.6516979
0.7826194 0.7703179 0.2537769 0.5952467 0.8488371
0.7334171 0.876682 0.5740192 0.6153793 0.7919445
0.6516979 0.5943366 0.6060827 0.193876 0.7826194
0.3905518 0.6516979 0.4898692 0.4375367 0.4507448
0.538134 0.5875897 0.4918391 0.7319184 0.7280482
0.6516979 0.8745254 0.7373796 0.7995597 0.7373796
0.7226141 0.7388911 0.6767316 0.7512475 0.7388911
0.5501277 0.6468215 0.6590158 0.7981208 0.6516979
0.2537769 0.4899757 0.8688518 0.8707993 0.7512475
0.7703179 0.7512475 0.7995597 0.1553757 0.7995597
0.5785724 0.3905518 0.3808823 0.6767316 0.6153793
0.7184594 0.3496714 0.7630034 0.563078 0.5740192
0.7001374 0.4898692 0.4310945 0.728785 0.6665096
0.7880764 0.8573709 0.876629 0.6722642 0.7001374
0.2537769 0.5501277 0.6665096 0.7388911 0.8412596
0.4962758 0.5706922 0.5182544 0.8182751 0.672433
0.8667781 0.8635783 0.7748405 0.7024264 0.4898692
0.6282113 0.6516979 0.4325839 0.8296804 0.8763352
0.7944254 0.6527954 0.8724438 0.4622648 0.5706922
0.6665096 0.6516979 0.6700197 0.6550099 0.8635783
0.3276307 0.193876 0.5501277 0.7024264 0.4926889
0.7201782 0.8296804 0.7880764 0.7024264 0.728785
0.3905518 0.5706922 0.5579257 0.7086815 0.4622648
0.6722642 0.5386717 0.7995597 0.5740192 0.7024264
0.6719991 0.6516979 0.8370139 0.7024264 0.533435
0.6138756 0.4926889 0.5943366 0.5943366 0.7373796
0.7995597 0.728785 0.6293991 0.7981208 0.7024264
0.6227381 0.6227476 0.4898692 0.3274721 0.7703179
0.5706922 0.5875897 0.4622648 0.6005128 0.8488371
0.7826194 0.5182544 0.7319184 0.8486688 0.5785724
0.6468215 0.5740192 0.6527954 0.7952558 0.5579257
0.5943366 0.3986792 0.4918391 0.1424664 0.539255
0.728785 0.6722642 0.7512475 0.6227381 0.4507448
0.8763352
