1 1 1 1 1
1 1 1 1 1
1 1 1 1 1
1 1 1 1 1
1 1 1 1 1
1 1 0.6665096 1 1
1 1 1 1 1
1 0.8573709 1 1 0.5706922
0.6665096 1 0.5706922 0.7086815 0.7512475
0.7995597 0.193876 1 0.7826194 1
0.7748405 0.7373796 0.7019699 0.7995597 0.7630034
0.8486688 0.8763352 0.6516979 1 0.876682
1 0.6516979 0.7981208 0.6527954 0.8667781
0.5478796 0.6536279 0.6747754 0.5875897 0.7388911
0.8412596 0.7995597 0.7703179 0.2537769 0.5706922
0.6550099 0.8370139 0.8314489 0.6666667 0.7201782
0.6628102 0.7024264 0.7703179 0.6516979 0.5943366
0.5952467 0.5182544 0.4691288 0.4918391 0.5400729
0.8724438 0.3496714 0.4691288 0.8724438 0.8715065
0.7981208 0.4588931 0.7703179 0.8412596 0.8488371
0.7798877 0.728785 0.8182751 0.193876 0.6666667
0.538134 0.4507448 0.728785 0.7981208 0.6527954
0.728785 0.6747754 0.6536279 0.7995597 0.7703179
0.8715065 0.3905518 0.4898692 0.5182544 0.6468215
0.5943366 0.7373796 0.6767316 0.8724438 0.8763352
0.7703179 0.5406358 0.6468215 0.7024264 0.3496714
0.7981208 0.6767316 0.6665096 0.6282113 0.5691792
0.4507448 0.8715065 0.4898692 0.7388911 0.4898692
0.7024264 0.7630034 0.7872848 0.7280482 0.7630034
0.6060827 0.3093899 0.3517984 0.7995597 0.8667781
0.7086815 0.7024264 0.7995597 0.4898692 0.5740192
0.8182751 0.8763352 0.7798877 0.7880764 0.8724438
0.7944254 0.7630034 0.5706922 0.7019699 0.7981208
0.6516979 0.638397 0.6130622 0.7510394 0.6516979
0.4898692 0.3905518 0.5501277 0.7512475 0.8667781
0.8370139 0.7995597 0.6516979 0.876682 0.8488371
0.7630034 0.3574621 0.5501277 0.6516979 0.6665096
0.7703179 0.7024264 0.5875897 0.6665096 0.876629
0.4898692 0.7880764 0.7280482 0.6527954 0.7388911
0.4918391 0.563078 0.6516979 0.6516979 0.7024264
0.5501277 0.6468215 0.5943366 0.7280482 0.8763352
0.7226141 0.7880764 0.6719991 0.7826194 0.7630034
0.7001374 0.2179725 0.6767316 0.6527954 0.3802179
0.5972453 0.8486688 0.8488371 0.7995597 0.5952467
0.8488371 0.7703179 0.7995597 0.5706922 0.6516979
0.6665096 0.8688518 0.7823563 0.8724438 0.5182544
0.4452281 0.7019699 0.638397 0.7981208 0.8745254
0.7001374 0.7512475 0.8488371 0.7373796 0.7880764
0.7024264 0.3274721 0.7995597 0.5501277 0.3802179
0.6715146 0.6715146 0.5023018 0.4962758 0.7995597
0.4624504 0.4898692 0.6220725 0.4588931 0.5972453
0.6527954 0.7703179 0.7880764 0.6536279 0.8635783
0.6665096 0.2537769 0.8745254 0.7086815 0.6468215
0.8314489 0.6516979 0.193876 0.6628102 0.5593815
0.5889737 0.7024264 0.7373796 0.7024264 0.5706922
0.6516979 0.5740192 0.3496714 0.5706922 0.5706922
0.4898692 0.7823563 0.7854488 0.7024264 0.8488371
0.6767316 0.4367763 0.5283812 0.7001374 0.8182751
0.6227381 0.672433 0.8635783 0.4898692 0.3496714
0.535059 0.7798877 0.7703179 0.5182544 0.7995597
0.5691792 0.6550099 0.7086815 0.7373796 0.6527954
0.8412596 0.7798877 0.6516979 0.8488371 0.6550099
0.7226141 0.8314489 0.8767818 0.6747754 0.876682
0.6516979 0.6550099 0.3905518 0.7201782 0.5299818
0.7952558
