1 1 1 1 1
1 1 1 1 1
1 1 1 1 1
1 1 1 1 1
1 0.7703179 1 1 0.7995597
1 1 1 0.5022459 1
1 0.876682 0.7512475 0.7703179 0.8724438
0.5501277 0.8763352 0.7024264 0.7630034 1
0.5875897 1 0.5182544 1 0.5386717
1 0.7995597 0.6516979 0.5706922 1
1 0.4622648 0.7981208 1 0.7950347
0.7995597 0.6722642 0.4686935 0.4622648 0.8488371
0.7024264 0.5875897 0.6665096 0.4686935 0.728785
0.533435 0.5182544 0.6282113 1 0.7703179
0.5706922 0.4375367 0.7024264 0.6665096 0.3905518
0.3574621 0.4898692 0.3905518 0.2191448 0.193876
0.6516979 0.3726694 0.4375367 0.5386717 0.3296431
0.4255015 0.40838 0.4375367 0.4686935 0.7024264
0.6516979 0.6747754 0.6227381 0.6516979 0.3296431
0.7995597 0.7880764 0.538416 0.4384205 0.3802179
0.4507448 0.7024264 0.7373796 0.538416 0.7512475
0.4375367 0.2537769 0.2191448 0.4024702 0.3085502
0.6715146 0.6516979 0.4507448 0.6666667 0.5706922
0.6665096 0.672433 0.6516979 0.8412596 0.8488371
0.728785 0.3905518 0.5785724 0.7995597 0.7944254
0.3905518 0.3547354 0.6715146 0.6536279 0.638397
0.4898692 0.8724438 0.6060827 0.5579257 0.4713447
0.5706922 0.6516979 0.7512475 0.533435 0.5785724
0.6516979 0.4968964 0.8488371 0.4898692 0.3802179
0.4898692 0.7703179 0.7703179 0.6282113 0.8707993
0.7880764 0.7201782 0.6628102 0.7981208 0.7950347
0.6516979 0.8182751 0.672433 0.8314489 1
0.5501277 0.6516979 0.4898692 0.5706922 0.3296431
0.7703179 0.4898692 0.3905518 0.7280482 1
0.6665096 0.7703179 0.193876 0.728785 0.5386717
0.7703179 0.7512475 0.7373796 0.7024264 0.3296431
0.4507448 0.3726694 0.533435 0.4507448 0.8724438
0.4024702 0.3085502 0.6227381 0.4622648 0.4330043
0.4624624 0.1553757 0.2537769 0.2537769 0.3296431
0.6516979 0.4375367 0.2056224 0.7880764 0.5406358
0.638397 0.6516979 0.4898692 0.6406552 0.4507448
0.5386717 0.6516979 0.4898692 0.3905518 0.7823563
0.476305 0.6406552 0.6516979 0.5386717 0.5785724
0.5022459 0.3093899 0.8763352 0.4024702 0.7703179
0.5706922 0.4024702 0.6516979 0.2537769 0.8763352
0.5952467 0.538416 0.3802179 0.3093899 1
0.4375367 0.6060827 0.4686935 0.6516979 0.3296431
0.3332112 0.3905518 0.3296431 0.6516979 0.538134
0.4058492 0.193876 0.7703179 0.5579257 0.4686935
0.6227381 0.4507448 0.533435 0.5091024 0.40838
0.3808823 0.3802179 0.5780744 0.4255015 0.4452281
0.3230542 0.4898692 0.3496714 0.638397 0.5809171
0.876682 0.7024264 0.538134 0.6516979 0.7630034
0.6722642 0.5022459 0.7981208 0.7703179 0.5133327
0.876682 0.5501277 0.2056224 0.7981208 0.6719991
0.7880764 0.8724438 0.4898692 0.4325839 0.728785
0.7024264 0.40838 0.5780744 0.5182544 0.3093899
0.6220725 0.6227381 0.5386717 0.6516979 0.5022459
0.6227381 0.6719991 0.4898692 0.7872848 0.5943366
0.6227381 0.728785 0.7024264 0.7201782 0.8763352
0.6282113 0.6665096 0.4375367 0.5386717 0.2423759
0.7024264 0.4898692 0.5409472 0.4952066 0.3547354
0.5579257 0.5182544 0.7944254 0.538134 0.8412596
0.3828978 0.5579257 0.5133327 0.3905518 0.8688518
0.4384205 0.6220725 0.3828978 0.6516979 0.3986792
0.7280482 0.4898692 0.5783448 0.7995597 0.7280482
0.4692372 0.409787 0.4507448 0.5501277 0.8488371
0.6220725 0.7995597 0.7290276 0.2872004 0.6227381
0.4375367 0.538416 0.7024264 0.4384205 1
0.7226141 0.4898692 0.4024702 0.7703179 0.4375367
0.3093899 0.5706922 0.6130622 0.7201782 0.3726694
0.4898692 0.3296431 0.7944254 0.3547354 0.4375367
0.6227381 0.3496714 0.2872004 0.3905518 0.6516979
0.4255015 0.6227381 0.4375367 0.5022459 0.6722642
0.6665096 0.4686935 0.4384205 0.7950347 0.7995597
0.5283812 0.40838 0.2423759 0.3802179 0.4384205
0.7019699 0.6227381 0.5780744 0.7944254 0.4898692
0.3905518 0.3230542 0.3332112 0.8745254 0.4375367
0.8665742 0.5022459 0.4255015 0.4968964 0.6722642
0.8767818 0.6130622 0.3905518 0.5780744 0.5579257
0.4898692 0.8635783 0.6468215 0.5022459 0.425639
0.3905518 0.3296431 0.6516979 0.7981208 0.4898692
0.5785724 0.7024264 0.4330043 0.6220725 0.3905518
0.5501277 0.4622648 0.3574621 0.6722642 0.7798877
0.7748405 0.3296431 0.6722642 0.5706922 0.5706922
0.3905518 0.5875897 0.4375367 0.3905518 0.7995597
0.3808823 0.3571927 0.6628102 0.4255015 0.6227381
0.4024702 0.7019699 0.538416 0.4898692 0.3905518
0.3808823 0.6220725 0.4898692 0.4375367 0.5691792
0.7024264 0.5780744 0.6220725 0.8715065 1
0.8763352 0.409787 0.3808823 0.6715146 0.5501277
0.7512475 0.6715146 0.5274537 0.6666667 0.4968964
0.6227381 0.6536279 0.4686935 0.3802179 0.5943366
0.3296431 0.5785724 0.3547354 0.5579257 0.7024264
0.4024702 0.2537769 0.5478796 0.3547354
