1 1 1 1 1
1 1 1 1 1
1 1 1 1 1
1 1 1 1 1
1 1 1 1 1
1 1 1 1 1
1 1 1 1 1
1 1 1 0.7703179 1
0.6666667 0.7995597 1 0.7024264 0.6665096
0.8182751 1 0.7703179 0.8724438 0.6516979
1 0.193876 0.6665096 0.6665096 0.8573709
1 0.6666667 0.8486688 0.8715065 0.7995597
0.7995597 1 0.5406358 0.7995597 0.7995597
0.6719991 0.7373796 0.2191448 0.5023018 0.5875897
0.672433 0.7373796 0.8412596 0.6527954 0.5740192
0.5875897 0.7995597 0.8688518 0.8724438 0.7950347
0.7001374 0.7512475 0.6665096 0.8635783 0.7995597
0.8182751 0.876682 0.876682 0.5785724 0.5386717
0.5022459 0.7226141 0.8314489 0.7880764 0.8667781
0.1553757 0.8370139 0.8296804 0.7748405 0.5501277
0.5706922 0.3574621 0.4691288 0.8763352 0.6516979
0.728785 0.8182751 0.7630034 0.6282113 0.5182544
0.7995597 0.7226141 0.5706922 0.6767316 0.5875897
0.7644048 0.7280482 0.5266293 0.6153793 0.6516979
0.189258 0.3230542 0.8573709 0.8715065 0.563078
0.7854488 0.8412596 0.6767316 0.6665096 0.7024264
0.4507448 0.5706922 0.7703179 0.7703179 0.4507448
0.7981208 0.6767316 0.6153793 0.3802179 0.4926889
0.7981208 0.876682 0.728785 0.5952467 0.4588931
0.5972453 0.4622648 0.7798877 0.5182544 0.6722642
0.6747754 0.7703179 0.8724438 0.3802179 0.3274721
0.4367763 0.6715146 0.7981208 0.5579257 0.4507448
0.6153793 0.3093899 0.8715065 0.569076 0.8665742
0.8688518 0.8707993 0.6516979 0.6536279 0.7024264
0.2056224 0.7880764 0.8724438 0.8314489 0.7201782
0.7024264 0.4020439 0.4325839 0.8573709 0.7872848
0.5501277 0.8296804 0.7826194 0.7981208 0.5785724
0.3496714 0.7630034 0.7290276 0.6527954 0.8488371
0.6665096 0.7512475 0.8488371 0.8635783 0.4898692
0.7373796 0.4507448 0.6516979 0.876682 0.6227381
0.3802179 0.3085502 0.7388911 0.4026931 0.7995597
0.8314489 0.7944254 0.193876 0.6516979 0.3905518
0.5943366 0.6550099 0.7024264 0.7854488 0.3496714
0.8486688 0.7995597 0.6767316 0.7169172 0.8707993
0.5579257 0.7245967 0.7510394 0.7981208 0.7245967
0.5501277 0.6767316 0.7024264 0.5501277 0.7024264
0.7024264 0.5773509 0.6550099 0.5785724 0.563078
0.8412596 0.7630034 0.5579257 0.533435 0.5809171
0.728785 0.8763352 0.3802179 0.2309917 0.3802179
0.6628102 0.3905518 0.638397 0.6767316 0.6282113
0.1553757 0.7512475 0.8665742 0.7703179 0.7748405
0.5785724 0.5023018 0.6130622 0.7950347 0.728785
0.4898692 0.4898692 0.4898692 0.5386717 0.4255015
0.7826194 0.5367498 0.7287608 0.7950347 0.7245967
0.6060827 0.3986792 0.6282113 0.6220706 0.8314489
0.6227381 0.5952467 0.3911885 1 0.5203578
0.5023018 0.538416 0.7981208 0.6301787 0.6282113
0.3905518 0.5706922 0.7024264 0.6468215 0.6590158
0.6722642 0.5182544 0.6516979 0.7644048 0.538134
0.5740192 0.8715065 0.7981208 0.5182544 0.4295689
0.7854488 0.6722642 0.5501277 0.876682 0.5706922
0.4968964 0.4255015 0.4686935 0.3802179 0.7024264
0.6715146 0.7201782 0.8724438 0.4871972 0.7024264
