1 1 1 1 1
1 1 1 1 1
1 1 1 1 1
1 1 1 1 1
1 1 1 1 1
1 1 1 1 1
1 1 0.8182751 0.5706922 0.7510394
1 1 0.6666667 1 1
0.6516979 1 1 1 0.7995597
0.7334171 0.8486688 0.6665096 1 0.193876
0.8370139 0.193876 0.7703179 0.7995597 0.7944254
0.7995597 1 0.7703179 0.6665096 0.8635783
0.6666667 0.7995597 1 0.193876 0.8296804
0.6665096 0.7630034 0.8573709 0.6665096 0.7280482
0.5406358 0.8763352 0.7373796 0.6282113 0.7630034
0.7703179 0.7981208 0.6153793 0.4024702 0.7995597
0.7373796 0.7024264 0.5706922 0.5706922 0.8314489
0.7001374 0.7226141 0.4968964 0.6719991 0.6536279
0.2537769 0.2191448 0.6665096 0.7995597 0.2537769
0.7201782 0.5691792 0.8763352 0.5875897 0.6220706
0.8724438 0.6715146 0.5706922 1 0.4375367
0.4686935 0.4622648 0.7630034 0.5952467 0.728785
0.7748405 0.6240165 0.4024702 0.5740192 0.7995597
0.6153793 0.8745254 0.6293991 0.8314489 0.7644048
0.8763352 0.533435 0.5943366 0.7995597 0.5809171
0.638397 0.5706922 0.3085502 0.5579257 0.7703179
0.7024264 0.8573709 0.7981208 0.6767316 0.2179725
0.7952558 0.2537769 0.4384205 0.409787 0.5972453
0.4507448 0.4622648 0.7981208 0.7245967 0.7748405
0.7019699 0.2385712 0.3085502 0.7944254 0.876682
0.533435 0.876682 0.7245967 0.6767316 0.7512475
0.8296804 0.6516979 0.3802179 0.7024264 0.672433
0.8370139 0.7748405 0.3085502 0.7630034 1
0.4898692 0.7334171 0.6665096 0.638397 0.8635783
0.6516979 0.2179725 0.4898692 0.6406552 0.6516979
0.6153793 0.6923665 0.3093899 0.4255015 0.6527954
0.6715146 0.5706922 0.4926889 0.7388911 0.2872004
0.4255015 0.533435 0.8745254 0.6005128 0.5501277
0.7001374 0.2191448 0.4692372 0.4384205 0.7880764
0.7199626 0.533435 0.7280482 0.7224835 0.7373796
1 0.876682 0.7950347 0.4255015 0.5283812
0.6700197 0.6153793 0.8182751 0.7703179 0.7024264
0.5501277 0.7024264 0.7512475 0.6767316 0.7024264
0.4024702 0.5706922 0.4898692 0.5501277 0.876629
0.3806701 0.2056224 0.8763352 0.4507448 0.4588931
0.8488371 0.274906 0.7019699 0.7703179 0.193876
0.409787 0.7995597 0.5706922 0.8573709 0.5478796
0.5501277 0.7024264 0.7995597 0.4024702 0.7019699
0.5501277 0.5706922 0.6767316 0.6220706 0.6153793
0.5972453 0.6227476 0.5367498 0.4398637 0.6722642
0.4898692 0.6719991 0.6138756 0.8767818 0.8724438
0.3802179 0.7024264 0.4507448 0.3905518 0.7703179
0.638397 0.5809171 0.7226141 0.7995597 0.7630034
0.6516979 0.8412596 0.8724438 0.6227381 0.3574621
0.5501277 0.4024702 0.533435 0.8182751 0.7630034
0.6342884 0.7981208 0.6220725 0.5780744 0.6005128
0.4729833 0.6301787 0.7880764 0.8763352 0.7373796
0.4946223 0.2423759 0.6536279 0.4143828 0.3828978
0.5943366 0.7703179 0.5706922 0.4024702 0.3828978
0.4255015 0.4968964 0.4106287 0.8488371 0.4686935
0.5706922 0.7798877 0.7024264 0.6282113 0.8763352
0.5943366 0.3986792 0.2423759 0.7644048 0.6220725
0.7748405 0.7373796 0.3905518 0.6282113 0.6282113
0.7280482 0.7024264 0.5501277 0.6628102 0.4024702
0.7703179 0.7024264 0.3808823 0.5943366 0.7024264
0.7373796 0.5773509 0.4926889 0.7630034 0.5501277
0.8314489 0.6282113 0.5780744 0.7024264 0.7024264
0.8488371 0.7224835 0.3905518 0.7024264 0.7388911
0.7944254 0.1553757 0.8182751 0.8724438 0.876629
0.3905518 0.876629 0.8767818 0.7019699 0.6227476
0.5501277 0.4898692 0.7950347 0.7024264 0.5706922
0.6516979 0.7024264 0.7226141 0.7995597 0.2423759
0.409787 0.4384205 0.7226141 0.193876 0.2191448
0.7024264 0.4899757 0.274906 0.4024702 0.4898692
0.8763352 0.6342884 0.6138756 0.5785724 0.8182751
0.6468215 0.6282113 0.5892148 0.7950347 0.8667781
0.2325394 0.728785 0.6715146 0.3085502 0.5299818
0.8724438 0.3806701 0.3905518 0.7944254 0.7703179
0.5809171 0.8635783 0.7703179
