1 1 1 1 1
1 1 1 1 1
1 1 1 1 1
1 1 1 1 1
1 1 1 1 1
1 1 1 1 1
1 1 1 1 1
0.876682 1 1 1 0.7703179
1 1 1 1 0.7703179
0.8182751 0.8763352 0.6527954 0.7373796 0.7630034
0.7995597 0.193876 0.6516979 0.8182751 0.7995597
0.8635783 0.6665096 0.7995597 0.7226141 0.6666667
0.7373796 0.7826194 0.6665096 0.8488371 0.5943366
0.2056224 0.7995597 0.6665096 0.5740192 0.4898692
0.6550099 0.8667781 0.7798877 0.7748405 0.7024264
0.7512475 0.6227381 0.4898692 1 0.3296431
0.7024264 0.7512475 0.6406552 0.6516979 0.7981208
0.6227381 0.3905518 0.193876 0.876682 0.7703179
0.7703179 0.7703179 0.5952467 0.5785724 0.7373796
0.5943366 0.6665096 0.6747754 0.8715065 0.7981208
0.8486688 1 0.6516979 0.7748405 0.7019699
0.5706922 0.2537769 0.6665096 0.8715065 0.8296804
0.4375367 0.2325394 0.6722642 0.2537769 0.8488371
0.7995597 0.6550099 0.7334171 0.6665096 0.4898692
0.6550099 0.5706922 0.6516979 0.4898692 0.7703179
0.7512475 0.6536279 0.638397 0.7995597 0.4968964
0.7981208 0.6153793 0.6220706 0.6719991 0.6722642
0.8296804 0.7703179 0.4255015 0.40838 0.8488371
0.6516979 0.5875897 0.7995597 0.5386717 0.7630034
0.4255015 0.6293991 0.728785 0.7001374 0.563078
0.8745254 0.7950347 0.728785 0.8314489 0.8573709
0.7950347 0.7024264 0.8724438 0.8412596 0.8745254
0.7981208 0.5182544 0.7334171 0.7703179 0.2325394
0.7950347 0.5706922 0.4452281 0.7388911 0.8412596
0.8763352 0.7086815 0.5274537 0.6227381 0.7226141
0.8745254 0.6227381 0.6516979 0.638397 0.5809171
0.5706922 0.6202529 0.8370139 0.8412596 0.8370139
0.8296804 0.8763352 0.7944254 0.7630034 0.6282113
0.6227381 0.5406358 0.6516979 0.7019699 0.638397
0.5943366 0.2056224 0.4375367 0.5785724 0.5579257
0.7373796 0.7981208 0.6153793 0.7995597 0.5386717
0.40838 0.6516979 0.3496714 0.4375367 0.40838
0.7373796 0.5875897 0.728785 0.8724438 0.533435
0.7630034 0.6767316 0.4255015 0.40838 0.7981208
0.4622648 0.8314489 0.3905518 0.4255015 0.40838
0.4375367 0.6227381 0.728785 0.7245967 0.7919445
0.3296431 0.7995597 0.7024264 0.5022459 0.5809171
0.4686935 0.6282113 0.5943366 0.3296431 0.4024702
0.3085502 0.3052981 0.7001374 0.8182751 0.6516979
0.3093899 0.4686935 0.4255015 0.40838 0.4375367
0.5892148 0.4686935 0.5022459 0.5785724 0.8665742
0.2056224 0.7512475 0.3496714 0.5022459 0.7019699
0.6282113 0.728785 0.6722642 0.7826194 0.6516979
0.5773509 0.40838 0.4898692 0.5785724 0.7995597
0.7373796 0.8715065 0.7703179 0.3905518 0.3296431
0.5706922 0.5386717 0.6227381 0.5785724 0.4622648
0.4375367 0.5809171 0.7024264 0.7919445 0.8745254
0.6722642 0.6468215 0.5912542 0.7024264 0.5274537
0.5809171 0.2056224 0.5785724 0.7024264 0.876682
1 0.6747754 0.4622648 0.4255015 0.4968964
0.4507448 0.638397 0.6227381 0.7872848 0.2537769
0.8767818 0.876682 0.6227381 0.7703179 0.7024264
0.7630034 0.4375367 0.6665096 0.6282113 0.5943366
0.876682 0.7950347 0.7184594 0.4962758 0.8667781
0.533435 0.8635783 0.5386717 0.3093899 0.2325394
0.7703179 0.6722642 0.7019699 0.5274537 0.8314489
0.6527954 0.4898692 0.5386717 0.7024264 0.6516979
0.6722642 0.6468215 0.7024264 0.6536279 0.6406552
0.6227381 0.728785 0.5386717 0.6923665 0.8745254
0.6516979 0.4898692 0.3230542 0.6516979 0.4962758
0.6715146 0.7388911 0.7919445 0.5706922 0.6516979
0.7512475 0.4898692 0.4507448 0.6767316 0.40838
0.4255015 0.533435 0.7630034 0.3093899 0.3496714
0.3905518 0.7024264 0.7334171 0.4686935 0.7880764
0.5579257 0.4686935 0.5022459 0.876682 0.3517984
0.5706922 0.4898692 0.2385712 0.3296431 0.8763352
0.6220725 0.5780744 0.2537769 0.5740192 0.4686935
0.5022459 0.3296431 0.8573709 0.4898692 0.5943366
0.5579257 0.5706922 0.4024702 0.5367498 0.7510394
0.7950347 0.5809171 0.7798877 0.7086815 0.6516979
0.7019699 0.3093899 0.8635783 0.3296431 0.5386717
0.6722642 0.876629 0.4686935 0.5943366 0.6590158
0.7512475 0.728785 0.4898692 0.5022459 0.6060827
0.7995597 0.876682 0.5809171 0.4255015 0.7950347
0.728785 0.5022459 0.6282113 0.4898692 0.4375367
0.5972453 0.2179725 0.6767316 0.5706922 0.4898692
0.5022459 0.5386717 0.3905518 0.533435 0.6227381
0.4106287 0.4977527 0.4127387 0.40838 0.6138756
0.6665096 0.7995597 0.4898692 0.8724438 0.5785724
0.7373796 0.4898692 0.7950347 0.5386717 0.6516979
0.5478796 0.7224835 0.4024702 0.4375367 0.2537769
0.6767316 0.4375367 0.7024264 0.7373796 0.4898692
0.3905518 0.5785724 0.6590158 0.7919445 0.7950347
0.7031896 0.402512 0.7950347 0.274906 0.6444048
0.5398678 0.672433 0.5022459 0.2573306 0.638397
0.876682 0.7950347 0.4686935 0.5386717 0.6665096
0.8488371 0.3905518 0.5386717 0.6282113 0.5943366
0.7226141 0.4622648 0.5478796 0.7630034
