1 1 1 1 1
1 1 1 1 1
1 1 1 1 1
1 1 1 1 1
1 1 1 1 1
1 1 1 1 1
1 1 1 1 1
1 0.7748405 1 0.6665096 0.7703179
0.3496714 1 0.8486688 1 1
0.7995597 0.5875897 0.8635783 0.7510394 0.7703179
0.7995597 1 0.8715065 0.8715065 0.8763352
1 0.193876 0.6060827 0.8488371 0.7512475
0.7512475 0.3986792 0.7630034 0.8667781 0.3496714
0.7826194 0.7995597 0.5706922 0.5691792 0.7630034
0.876682 1 0.638397 0.8667781 0.7373796
0.5943366 0.7373796 0.6282113 0.6527954 0.8182751
0.5943366 0.6220725 0.5943366 0.6550099 0.563078
0.8314489 0.7024264 0.5740192 0.7201782 0.7280482
0.7510394 0.193876 0.7373796 0.7024264 0.6719991
0.6715146 1 0.4310945 0.4691288 0.6715146
0.6628102 0.5406358 0.3517984 0.5706922 0.4713447
0.193876 0.2191448 0.3574621 0.3905518 0.538416
0.5299818 0.6665096 0.7512475 0.1424664 0.8724438
0.6665096 0.7995597 0.6130622 0.6516979 0.3905518
0.6012006 0.728785 0.6747754 0.7703179 0.7024264
0.6591556 0.7169172 0.5023018 0.4898692 0.7630034
0.6666667 0.4024702 0.7944254 0.7872848 0.7226141
0.4255015 0.6767316 0.5579257 0.5133327 0.5892148
0.6767316 0.8745254 0.7826194 0.7981208 0.8715065
0.7798877 0.7019699 0.2537769 0.5706922 0.7373796
0.4024702 0.7024264 0.7981208 0.6153793 0.7512475
0.8724438 0.876682 0.4507448 0.7201782 0.5133327
0.6153793 0.5274537 0.4452281 0.7019699 0.8182751
0.7981208 0.6516979 0.4622648 0.8724438 0.3093899
0.5706922 0.6590158 0.6220725 0.5367498 0.409787
0.7024264 0.6719991 0.6767316 0.6121825 0.533435
0.7024264 0.8488371 0.6665096 0.5785724 0.7703179
0.6282113 0.2872004 0.7995597 0.7981208 0.3517984
0.7024264 0.8573709 0.6468215 0.3916548 0.5447271
0.6767316 0.6516979 0.8724438 0.309883 0.8573709
0.876629 0.3093899 0.2056224 0.6516979 0.6468215
0.5809171 0.6516979 0.4507448 0.5773509 0.3093899
0.8412596 0.4946223 0.5022459 0.5023018 0.7981208
0.6516979 0.5022459 0.4624624 0.7630034 0.193876
0.6550099 0.7880764 0.5706922 0.3093899 0.7630034
0.563078 0.1553757 0.4367763 0.4622648 0.7703179
0.6628102 0.3274721 0.3806701 0.4330043 0.6516979
0.4058492 0.6516979 0.7373796 0.5740192 0.7024264
0.7373796 0.6301787 0.7201782 0.7880764 0.8314489
0.4507448 0.7919445 0.8745254 0.6665096 0.6590158
0.5022459 0.7630034 0.6282113 0.1553757 0.7024264
0.8573709 0.6516979 0.8182751 0.5593815 0.4686935
0.6666667 0.7226141 0.7373796 0.5691792 0.7280482
0.5501277 0.3517984 0.7872848 0.5892148 0.4024702
0.535059 0.7024264 0.8715065 0.8296804 0.7184594
0.3517984 0.8486688 0.7184594 0.6590158 0.3707686
0.4898692 0.4952066 0.7287608 0.4926889 0.4384205
0.6628102 0.4898692 0.6153793 0.6666667 0.8724438
0.5593815 0.6293991 0.4622648 0.3052981 0.4926889
0.5892148 0.7981208 0.7184594 0.7880764 0.6516979
0.5299818 0.4058492 0.7184594 0.6516979 0.3802179
0.5706922 0.7280482 0.7880764 0.7995597 0.6293991
0.6722642 0.7880764 1 0.5501277 0.4375367
0.6153793 0.7245967 0.5652217 0.3274299 0.6282113
0.8488371 0.7024264 0.5706922 0.5012051 0.7703179
0.5875897 0.7630034 0.4918391 0.5706922 0.538416
0.5299818 0.5780744 0.7950789 0.876629 0.4691288
0.4384205 0.3905518 0.3230542 0.4926889 0.5889737
0.4713447 0.5593815 0.6227381 0.6130622 0.6516979
0.7995597 0.7872848 0.6715146 0.6220725 0.4898692
0.1607141 0.6550099 0.3707686 0.4624624 0.3806701
0.4384205 0.7703179 0.7001374 0.193876 0.8763352
0.6012006 0.8412596 0.7245967 0.476305 0.638397
0.6468215 0.7226141 0.7001374 0.2191448 0.6153793
0.7880764 0.5706922 0.7024264 0.3571927 0.7169172
0.4898692 0.5501277 0.5501277 0.6227381 0.6516979
0.538134 0.638397 0.5706922 0.6153793 0.7373796
0.3828978 0.7024264 0.6747754 0.6516979 0.4384205
0.8488371 0.3574621 0.4384205 0.3517984 0.3085502
0.5501277 0.6516979 0.7201782 0.6060827 0.4686935
0.4691288 0.6516979 0.7024264 0.7510394 0.4448638
0.7995597 0.7334171 0.8635783 0.7630034 0.7826194
0.4448638 0.8314489 0.7490779 0.7019699 0.5875897
0.3085502 0.4058492 0.3905518
