1 1 1 1 1
1 1 1 1 1
1 1 1 1 1
1 1 1 1 1
1 1 1 1 1
1 0.6665096 1 1 1
1 0.8724438 1 1 0.7995597
1 1 1 0.6666667 1
0.7703179 1 0.193876 1 1
1 0.7703179 0.8314489 1 0.7512475
0.6666667 0.7703179 0.7995597 0.8573709 0.1553757
0.7995597 0.8724438 0.5706922 0.6665096 1
0.6747754 0.8486688 0.7880764 0.6516979 0.7373796
0.876682 0.6527954 0.6665096 0.5706922 0.3093899
0.7981208 0.4898692 0.3093899 0.6516979 0.533435
0.3230542 0.563078 0.3905518 0.7024264 0.7826194
0.7703179 0.8763352 0.7950347 0.2056224 0.7630034
0.533435 0.4622648 0.5952467 1 0.8724438
0.7880764 0.7854488 0.8370139 0.3905518 0.4622648
0.2537769 0.3618543 0.5875897 0.6665096 0.7703179
0.4898692 0.3905518 0.7024264 0.7995597 0.6516979
0.3905518 0.563078 0.5740192 0.7001374 0.3230542
0.2191448 0.7995597 0.6227381 0.5785724 0.8724438
0.6628102 0.3802179 0.8182751 0.7373796 0.2325394
1 0.876629 0.728785 0.6722642 0.6406552
1 0.7024264 0.3274721 0.4367763 0.3806701
0.4507448 0.7981208 0.8724438 0.4898692 0.7280482
0.8296804 0.7510394 0.6240165 0.5706922 0.8296804
0.6665096 0.4255015 0.4898692 0.5386717 0.7630034
0.7280482 0.4946223 0.4898692 0.3905518 0.7995597
0.5972453 0.6527954 0.5706922 0.5706922 0.8314489
0.6550099 0.6282113 0.7373796 0.5943366 0.4255015
0.6282113 0.4624624 0.7280482 0.6715146 0.8370139
0.8296804 0.533435 0.7630034 0.7826194 0.7748405
0.6516979 0.6536279 0.8715065 0.3905518 0.2179725
0.4968964 0.4255015 0.40838 0.2056224 0.4384205
0.5785724 0.7024264 0.7245967 0.5943366 0.7981208
0.538134 0.6516979 0.7630034 0.4066235 0.7919445
0.6516979 0.7373796 0.7226141 0.8412596 0.7245967
0.6282113 0.7373796 0.7024264 0.4588931 0.8488371
0.6747754 0.7703179 0.7703179 0.728785 0.7995597
0.4926889 0.7880764 0.7512475 0.876682 0.5943366
0.4926889 0.6516979 0.4898692 0.3905518 0.3296431
0.533435 0.8296804 0.8715065 0.6665096 0.5943366
0.4968964 0.5023018 0.6516979 0.7630034 0.6012006
0.4898692 0.3905518 0.3230542 0.5706922 0.2947576
0.3571927 0.3806701 0.4058492 0.4624624 0.5691792
0.8486688 0.4367763 0.4588931 0.5740192 0.876682
0.6719991 0.8182751 0.193876 0.6516979 0.5943366
0.3806701 0.7490779 0.667409 0.193876 0.8763352
0.5943366 0.4898692 0.3905518 0.1714216 0.6012006
0.5706922 0.3905518 0.4686935 0.6005128 0.7703179
0.6516979 0.4066235 0.4507448 0.5875897 0.7334171
0.2537769 0.7019699 0.3230542 0.6227381 0.6767316
0.7995597 0.6516979 0.7201782 0.6220725 0.6550099
0.4898692 0.4926889 0.6631929 0.3093899 0.5706922
0.7201782 0.8667781 0.7995597 0.5579257 0.4020439
0.7287608 0.5706922 0.4968964 0.4330043 0.7512475
0.8488371 0.4024702 0.7703179 0.5283812 0.6060827
0.7024264 0.4926889 0.7703179 0.563078 0.7981208
0.7245967 0.4622648 0.6767316 0.4058492 0.3618543
0.3230542 0.6536279 0.4898692 0.4367763 0.6715146
0.6282113 0.7644048 0.5691792 0.7919445 0.5691792
0.6130622 0.6536279 0.3524933 0.5501277 0.6220706
0.6153793 0.7245967 0.3905518 0.4066235 0.3230542
0.4325839 0.4649193 0.1935131 0.3276307 0.5780744
0.538416 0.5892148 0.6719991 0.7995597 0.3905518
0.6227381 0.3911885 0.7630034 0.4622648 0.5952467
0.6516979 0.7512475 0.728785 0.3618543 0.4952066
0.7919445 0.5706922 0.5406358 0.6767316 0.6536279
0.7224835 0.7748405 0.6516979 0.8715065 0.6282113
0.6550099 0.2191448 0.7944254 0.4968964 0.7981208
0.7280482 0.3618543 0.3911885 0.5889737 0.533435
0.6665096 0.6516979 0.8573709 0.3230542 0.8488371
0.6631929 0.4968964 0.3230542 0.3707686 0.3274299
0.8412596 0.4058492 0.4310945 0.4624624 0.1714216
0.4024702 0.6536279 0.4962758 0.5740192 0.7388911
0.8412596 0.7001374 0.4898692 0.6516979 0.638397
0.5809171 0.8488371 0.6153793 0.6550099 0.5780744
0.4898692 0.3296431 0.538416 0.4024702 0.2741717
0.3618543 0.2537769 0.7826194 0.7477613 0.8767818
0.7373796 0.6282113 0.7226141 0.3571927 0.3806701
0.1935131 0.189258 0.8488371 0.6130622 0.5691792
0.4024702 0.4898692 0.4898692 0.5706922 0.2537769
0.3905518 0.409787 0.8688518 0.8707993 0.7024264
0.7024264 0.6628102 0.7373796 0.7630034 0.8488371
0.8635783 0.3911885 0.7644048 0.4691288 0.7490779
0.4898692 0.7490779 0.3230542 0.7981208 0.4024702
0.8635783 0.4898692 0.6153793 0.8745254 0.6282113
0.533435 0.6767316 0.6293991 0.3905518 0.6153793
0.4066235 0.4507448 0.5780744 0.3230542 0.3332112
0.4743555 0.4899757 0.5133327 0.5501277 0.6516979
0.7630034 0.7510394 0.4898692 0.4375367 0.6527954
0.2537769 0.6550099 0.5943366 0.7630034 0.3274299
0.4066235 0.6293991 0.4622648 0.3230542 0.5447271
0.3571927 0.7630034 0.5706922 0.2759859 0.8745254
0.3296431 0.3230542 0.533435 0.4946223 0.4691288
0.533435 0.6282113 0.7201782 0.6227381 0.6220706
0.5447271 0.4024702 0.7950347 0.3274299 0.3806701
0.4058492 0.4066235 0.7944254 0.4899757 0.7334171
0.4330043 0.4066235 0.5740192 0.4330043 0.7880764
0.6282113 0.535059 0.4024702 0.4024702 0.5706922
0.4898692 0.6060827 0.672433 0.4024702 0.6590158
0.6516979 0.3496714 0.4367763 0.5943366 0.4330043
0.3571927 0.3806701 0.4058492 0.3085502 0.3806701
0.4898692 0.4926889 0.5972453 0.4898692 0.3905518
0.5299818 0.3905518 0.7512475 0.538134 0.5579257
0.2423759 0.5447271 0.3806701 0.4058492 0.6665096
0.4686935 0.7334171 0.7880764 0.4024702 0.4255015
0.6406552 0.6767316 0.7024264 0.5780744 0.4367763
0.1714216 0.7184594 0.4898692 0.6220725 0.6665096
0.4946223 0.4255015 0.40838 0.4375367 0.7024264
0.3496714 0.4024702 0.6527954 0.4898692 0.8665742
0.5501277 0.40838 0.4622648 0.3230542 0.2741717
0.3351819 0.193876 0.4624624 0.3806701 0.2325394
