1 1 1 1 1
1 1 1 1 1
1 1 1 1 1
1 1 1 1 1
1 1 1 1 1
1 0.7024264 1 1 1
1 0.7024264 0.7995597 1 1
1 1 1 1 1
0.8486688 0.5406358 0.7630034 0.638397 1
0.5875897 1 0.7226141 0.8370139 0.5706922
0.7995597 0.7995597 0.5691792 0.7995597 0.5875897
0.7373796 0.7373796 1 0.7201782 0.6666667
1 0.8182751 0.7512475 0.7798877 0.8715065
0.6516979 1 0.728785 0.8635783 0.7748405
0.7019699 0.638397 0.3802179 0.728785 0.535059
0.5706922 0.2537769 0.5501277 0.7024264 0.7024264
0.4588931 0.7944254 0.7510394 1 0.6516979
0.6722642 0.4898692 0.3802179 0.7024264 0.2537769
0.7512475 0.8488371 0.7280482 0.7334171 0.6665096
0.6130622 0.5892148 0.8724438 0.7201782 0.5406358
0.7226141 0.6628102 0.5299818 0.4507448 0.7703179
0.3093899 0.6516979 0.7024264 0.6665096 0.3986792
0.7981208 0.5182544 0.2537769 0.6516979 0.6628102
0.6722642 0.6227381 0.6527954 0.7703179 0.7169172
0.7024264 0.6628102 0.5299818 0.4507448 0.2537769
0.4946223 0.8715065 0.7981208 0.6767316 0.5299818
0.8573709 0.7952558 0.3274721 0.6665096 0.7880764
0.3093899 0.3496714 0.3916548 0.5501277 0.7981208
0.5706922 0.5593815 0.7748405 0.4024702 0.8763352
0.6722642 0.7703179 0.7981208 0.7995597 0.476305
0.5706922 0.4898692 0.6130622 0.5501277 0.6468215
0.3571927 0.4058492 0.4330043 0.6628102 0.6591556
0.6548575 0.649873 0.6301787 0.8314489 0.5501277
0.8412596 0.876682 0.8314489 0.5773509 0.7334171
0.8488371 0.4066235 0.6227381 0.4024702 0.3085502
0.8573709 0.6536279 0.1553757 0.7024264 0.6719991
0.728785 0.7995597 0.7512475 0.8635783 0.5593815
0.6665096 0.5740192 0.4898692 0.5706922 0.7024264
0.3496714 0.8488371 0.6130622 1 0.5501277
0.7854488 0.7950347 0.7854488 0.7950347 0.8724438
0.876682 0.6747754 0.8488371 0.7703179 0.7703179
0.6747754 0.6536279 0.7334171 0.7944254 0.2325394
0.728785 0.7995597 0.8745254 0.7995597 0.6227381
0.7024264 0.7880764 0.6130622 0.6527954 1
0.2056224 0.8715065 0.8296804 0.2573306 0.2813475
0.7630034 0.3806701 0.4898692 0.5182544 0.6130622
0.4024702 0.6665096 0.3806701 0.5299818 0.5691792
0.5182544 0.4898692 0.5501277 0.2537769 0.7630034
0.6516979 0.7703179 0.6536279 0.8370139 0.4058492
0.4898692 0.2325394 0.6767316 0.7510394 0.3093899
0.2325394 0.4624624 0.4058492 0.5809171 0.7880764
0.8724438 0.6722642 0.7995597 0.7823563 0.8667781
0.6227381 0.4507448 0.6536279 0.4448638 0.7981208
0.4507448 0.7981208 0.6153793 0.5501277 0.7512475
0.8488371 0.4024702 0.4729833 0.5299818 0.5706922
0.4058492 0.4624624 0.4946223 0.5691792 0.6130622
0.377802 0.4507448 0.3517984 0.5706922 0.7512475
0.7950347 0.8488371 0.4898692 0.4898692 0.4507448
0.7334171 0.5652217 0.5501277 0.7373796 0.5283812
0.4507448 0.7748405 0.5706922 0.5809171 0.7024264
0.7201782 0.7019699 0.5299818 0.5972453 0.5706922
0.7880764 0.5203948 0.1935131 0.4946223 0.5501277
0.5182544 0.4448638 0.5706922 0.5022459 0.6516979
0.4946223 0.6130622 0.6666667 0.6719991 0.2056224
0.8667781 0.6550099 0.728785 0.7388911 0.4686935
0.533435 0.2385712 0.7280482 0.7880764 0.3905518
0.563078 0.6665096 0.3276307 0.7950347 0.4507448
0.5691792 0.5706922 0.3802179 0.6516979 0.7880764
0.6516979 0.3274721 0.3618543 0.7199626 0.3093899
0.7872848 0.7388911 0.8412596 0.6060827 0.5012051
0.3802179 0.6130622 0.7512475 0.8763352 0.578394
0.1424664 0.4058492 0.7981208 0.6747754 0.5706922
0.7854488 0.7880764 0.7201782 0.6121825 0.535059
0.5889737 0.207698 0.8724438 0.193876 0.7024264
0.2056224 0.6516979 0.6722642 0.5299818 0.3274721
0.3448661 0.377802 0.4946223 0.3707686 0.7024264
0.2179725 0.7019699 0.5809171 0.7245967 0.7919445
0.8745254 0.6060827 0.3806701 0.533519 0.3274721
0.193876 0.3274721 0.5809171 0.4898692 0.6516979
0.5706922 0.7019699 0.2191448 0.3905518 0.6536279
0.7024264 0.4946223 0.5889737 0.7024264 0.6628102
0.7826194 0.7703179 0.7630034 0.8488371 0.7510394
0.7184594 0.8707993 0.7981208 0.6153793 0.8724438
0.3274721 0.6516979 0.4898692 0.3905518 0.3547354
0.4058492 0.3571927 0.3351819 0.5367498 0.6202529
0.7334171 0.6153793 0.193876 0.5691792 0.5299818
0.5943366 0.3905518 0.7919445 0.6091895 0.5691792
0.7334171 0.5740192 0.6747754 0.6715146 0.3802179
0.8182751 0.4507448 0.8486688 0.6767316 0.876682
0.6747754 0.4969965 0.6005128 0.7024264 0.7024264
0.7995597 0.7024264 0.7950347 0.7826194 0.4898692
0.389205 0.5706922 0.6516979 0.3351819 0.5022459
0.6628102 0.4946223 0.6767316 0.5875897 0.8767818
0.4624624 0.7880764 0.6130622 0.3496714 0.7477613
0.7981208 0.4588931 0.6767316 0.7019699 0.6767316
0.6516979 0.7169172 0.728785 0.7024264 0.8412596
0.5478796 0.5501277 0.6715146 0.4898692 0.6130622
0.578394 0.4507448 0.6227381 0.4507448 0.6138756
0.7644048 0.4588931 0.5283812 0.3802179 0.5501277
0.7024264 0.3618543 0.6516979 0.5691792 0.3802179
0.7373796 0.5943366 0.6282113 0.6767316 0.7703179
0.4588931 0.7169172 0.5691792 0.3448661 0.4024702
0.6293991 0.7201782 0.6293991 0.672433 0.7201782
0.4330043 0.4898692 0.6220706 0.4898692 0.7748405
0.335451 0.7226141 0.5084778 0.8707993 0.5691792
0.8370139 0.5501277 0.6516979 0.4898692 0.6130622
0.6715146 0.5579257
