1 1 1 1 1
1 1 1 1 1
1 1 1 1 1
1 1 1 1 1
1 1 1 1 1
1 1 1 1 1
1 1 1 0.6516979 0.7512475
1 1 1 1 0.7995597
0.6665096 0.7086815 1 0.8715065 0.7630034
0.7703179 0.7019699 0.7703179 1 0.876682
1 0.5182544 1 0.6665096 1
0.5182544 0.5706922 0.6665096 0.8715065 0.7995597
0.8182751 0.5875897 1 0.5022459 0.6516979
0.8486688 0.6665096 0.7981208 0.7703179 0.7995597
0.6516979 0.5972453 0.6516979 0.8573709 0.7373796
0.7630034 0.6282113 0.6527954 0.7024264 0.8488371
0.7981208 0.7981208 0.4691288 0.5023018 0.7373796
0.2056224 0.5875897 0.5706922 0.7373796 0.7373796
0.8488371 0.6747754 0.4898692 0.3496714 0.3986792
0.8488371 0.7024264 0.4588931 0.7703179 0.876682
0.6516979 0.7024264 0.5501277 0.7981208 0.8573709
0.7644048 0.8488371 0.7995597 0.7512475 0.6747754
0.7703179 0.6665096 0.7995597 0.6767316 0.8724438
0.6130622 0.7024264 0.4367763 0.3911885 0.3806701
0.5706922 0.6516979 1 0.7703179 0.8763352
0.8486688 0.533435 0.4622648 0.6590158 0.7024264
0.6715146 0.7280482 0.7944254 0.8763352 0.7630034
0.7703179 0.8763352 0.7944254 0.6527954 0.6516979
0.7826194 0.6550099 0.7703179 0.7024264 0.728785
0.7880764 0.7201782 0.5501277 0.4624624 0.4946223
0.7950347 0.8763352 0.7944254 0.5022459 0.6516979
0.7703179 0.8314489 0.8182751 0.7001374 0.5875897
0.2309917 0.193876 0.7510394 0.7644048 0.8763352
0.7280482 0.8182751 0.7703179 0.8314489 0.3726694
0.7748405 0.3093899 0.7995597 0.6468215 0.3496714
0.8635783 0.7373796 0.4375367 0.7644048 0.6665096
0.6293991 0.4024702 0.4672466 0.4713447 0.5875897
0.8767818 0.6282113 0.6550099 0.5740192 0.4898692
0.4898692 0.4713447 0.6715146 0.5943366 0.7226141
0.7512475 0.8488371 0.8667781 0.638397 0.7703179
0.7226141 0.8724438 0.7086815 0.377802 0.3911885
0.4330043 0.6767316 0.7630034 0.6536279 0.876682
0.193876 0.3905518 0.4058492 0.7995597 0.638397
0.8635783 0.7334171 0.3093899 0.4686935 0.6715146
0.5691792 0.7024264 0.7630034 0.3618543 0.5398678
0.6444048 0.5182544 0.5706922 0.4588931 0.8488371
0.6468215 0.3905518 0.4058492 0.3905518 0.7184594
0.6590158 0.6767316 0.7981208 0.4507448 0.8573709
0.6665096 0.4507448 0.4918391 0.5706922 0.4452281
0.7024264 0.8635783 0.8667781 0.1553757 0.8724438
0.4946223 0.5182544 0.7798877 0.5406358 0.7373796
0.4713447 0.5133327 0.5809171 0.4898692 0.8763352
0.7280482 0.4375367 0.5022459 0.4375367 0.728785
0.5478796 0.4898692 0.7872848 0.8314489 0.7995597
0.8724438 0.7798877 0.4686935 0.7201782 0.7201782
0.3802179 0.672433 0.7024264 0.2191448 0.8573709
0.7872848 0.5892148 0.4691288 0.5691792 0.538416
0.5706922 0.5875897 0.5706922 0.476305 0.4588931
0.7226141 0.7226141 0.7630034 0.563078 0.638397
0.4507448 0.2947576 0.4624504 0.4330043 0.8724438
0.4066235 0.4330043 0.6468215 0.638397 0.476305
0.8412596 0.8488371 0.6130622 0.6628102 0.7201782
0.4686935 0.6227381 0.7024264 0.4898692 0.193876
0.8635783 0.3093899 0.6516979 0.6666667 0.7024264
0.2537769 0.3496714 0.5274537 0.5400729 0.5274537
0.5299818 0.5691792 0.3547354 0.2179725 0.5943366
0.3806701 0.4452281 0.7880764 0.6227381 0.7024264
0.6468215 0.728785 0.8296804 0.4898692 0.563078
0.7184594 0.4686935 0.5022459 0.5785724 0.4713447
0.5133327 0.5943366 0.4918391 0.8488371 0.5501277
0.4452281 0.7952558 0.6516979 0.5501277 0.6767316
0.4164416 0.4946223 0.4024702 0.6468215 0.7334171
0.6715146 0.6536279 0.5943366 0.5892148 0.7981208
0.4622648 0.5809171 0.3093899 0.4106287 0.5706922
0.4926889 0.6516979 0.8715065 0.7512475 0.8488371
0.4624624 0.2537769
