1 1 1 1 1
1 1 1 1 1
1 1 1 1 1
1 1 1 1 1
1 1 1 1 1
1 1 1 1 1
1 1 1 0.6527954 0.7826194
1 1 1 1 1
0.8573709 0.7703179 0.7995597 1 0.8182751
1 0.8182751 0.7703179 0.8715065 0.5706922
1 0.5740192 0.7995597 0.6666667 0.7703179
0.6666667 0.7630034 1 0.6516979 1
1 0.6665096 1 0.7019699 0.6665096
0.7995597 0.8486688 0.4507448 0.5875897 0.4962758
0.3093899 0.7826194 0.6550099 0.8715065 0.8635783
0.7512475 0.7981208 0.4507448 0.3802179 0.4255015
0.6121825 0.5748701 0.193876 0.3726694 0.8763352
0.7880764 0.4898692 0.5889737 0.446928 0.7373796
0.7995597 0.7944254 0.6536279 0.6406552 0.5091024
0.3905518 0.3296431 0.4968964 0.8724438 0.876682
0.4898692 0.6550099 0.7630034 0.8314489 0.7995597
0.7703179 0.8767818 0.7388911 0.8412596 0.3296431
0.193876 0.4024702 0.6715146 0.7703179 0.4255015
0.3332112 0.4898692 0.6665096 0.8724438 0.7001374
0.5943366 0.8412596 0.876682 0.563078 0.4926889
0.6516979 0.7287608 0.7703179 0.425639 0.7019699
0.7703179 0.4507448 0.8724438 0.7995597 0.7280482
0.6516979 0.7630034 0.7981208 0.6767316 0.7919445
0.7981208 0.7245967 0.7919445 0.8745254 0.7024264
0.7950347 0.8635783 0.7644048 0.5091024 0.3093899
0.8296804 0.7373796 0.7280482 0.8296804 0.8488371
0.6747754 0.6550099 0.4588931 0.5972453 0.7981208
0.8573709 0.563078 0.8763352 0.7981208 0.7024264
0.7512475 0.8488371 0.7373796 0.638397 0.193876
0.7952558 0.6282113 0.7388911 0.7880764 0.6516979
0.8763352 0.4898692 0.4898692 0.5706922 0.7373796
0.6527954 0.7024264 0.8763352 0.8412596 0.728785
0.4367763 0.6227381 0.2056224 0.2537769 0.5785724
0.876629 0.7703179 0.638397 0.7703179 0.7981208
0.7201782 0.3802179 0.7703179 0.7944254 0.4962758
0.5706922 0.6153793 0.5022459 0.7995597 0.7024264
0.7512475 0.8707993 0.3274299 0.7024264 0.7826194
0.6220725 0.5943366 0.6767316 0.7024264 0.4926889
0.4898692 0.5133327 0.8715065 0.5023018 0.876682
0.6628102 0.4622648 0.5780744 0.5952467 0.7512475
0.5203948 0.6153793 0.8745254 0.7024264 0.40838
0.3905518 0.5780744 0.4898104 0.8573709 0.6301787
0.6130622 0.3496714 0.6060827 0.6060827 0.7748405
0.6060827 0.5773509 0.8488371 0.3726694 0.446928
0.6516979 0.4898692 0.6722642 0.6227381 0.7981208
0.7373796 0.5501277 0.5283812 0.2191448 0.3986792
0.4310945 0.5478796 0.6722642 0.6227381 0.4686935
0.3230542 0.6665096 0.7024264 0.8488371 0.4384205
0.6665096 0.7995597 0.7995597 0.2537769 0.7373796
0.5579257 0.5501277 0.4507448 0.2947576 0.5706922
0.8182751 0.5952467 0.3547354 0.4024702 0.5182544
0.5022459 0.7512475 0.7703179 0.402512 0.4255015
0.2191448 0.8763352 0.4926889 0.6590158 0.6468215
0.5706922 0.7630034 0.5889737 0.5748701 0.6767316
0.6153793 0.5478796 0.538134 0.4946223 0.3756931
0.3618543 0.6220725 0.7086815 0.538416 0.7373796
0.7024264 0.5478796 0.638397 0.7199626 0.5501277
0.7880764 0.5706922 0.8745254 0.6516979 0.5785724
0.7201782 0.8488371 0.538416 0.4310945 0.7995597
0.5706922 0.6722642 0.6060827 0.3707686 0.6516979
0.7630034 0.7280482 0.5406358 0.4588931 0.5299818
0.6153793 0.6719991 0.5785724 0.563078 0.6767316
0.4898692 0.3230542 0.4255015 0.7024264 0.3517984
0.4691288 0.4384205 0.6516979 0.6227381 0.7019699
0.7226141 0.8314489
