1 1 1 1 1
1 1 1 1 1
1 1 1 1 1
1 1 1 1 1
1 1 1 1 1
1 1 0.876682 1 1
1 1 1 1 0.6665096
1 0.7995597 1 0.7703179 1
0.7373796 1 0.6665096 0.7226141 0.8715065
1 0.7995597 1 1 0.6516979
1 0.7373796 0.7703179 0.6665096 0.6665096
1 0.8763352 0.8488371 0.5875897 0.8412596
0.3093899 0.8314489 0.7512475 0.5706922 1
0.8182751 0.8412596 0.8715065 0.4588931 0.5943366
0.4375367 0.4686935 0.6722642 0.728785 0.7950347
0.193876 0.2191448 0.6666667 0.7995597 0.5406358
0.638397 0.5706922 0.5875897 0.7995597 0.7703179
0.7510394 0.7630034 0.8573709 0.7024264 0.4507448
0.5785724 0.5386717 0.7024264 0.4507448 0.8486688
0.4918391 0.638397 0.7872848 0.6060827 0.5133327
0.7703179 0.5478796 0.6240165 0.4024702 0.7373796
0.7630034 0.8182751 0.6747754 0.7630034 0.8635783
0.7373796 1 0.6516979 0.2537769 0.7950347
0.5706922 0.5579257 0.5706922 0.5579257 0.5943366
0.728785 0.5133327 0.6060827 0.6665096 0.8486688
0.7748405 0.8296804 0.5406358 0.7226141 0.5785724
0.8667781 0.4622648 0.7630034 0.7024264 0.7981208
0.8635783 0.5501277 0.5579257 0.5501277 0.5501277
0.8724438 0.5943366 0.6060827 0.7981208 0.7995597
0.7024264 0.7512475 0.6406552 0.7995597 0.8763352
0.728785 0.5785724 0.5706922 0.7995597 0.7944254
0.6767316 0.8488371 0.3496714 0.6747754 0.5706922
0.3802179 0.5182544 0.6722642 0.4686935 0.5740192
0.5579257 0.7024264 0.8715065 0.4898692 0.6722642
0.7024264 0.7512475 0.6665096 0.7019699 0.7024264
0.7512475 0.4255015 0.4375367 0.3517984 0.2056224
0.7703179 0.8724438 0.8488371 0.5022459 0.6468215
0.6666667 0.7950347 0.7630034 0.7388911 0.6282113
0.4898692 0.8665742 0.8763352 0.3093899 0.4024702
0.7373796 0.7995597 0.7512475 0.7995597 0.728785
0.7703179 0.7950347 0.6527954 0.8573709 0.5400729
0.728785 0.7981208 0.7510394 0.5022459 0.4686935
0.7024264 0.8488371 0.3726694 0.7086815 0.5943366
0.7748405 1 0.8763352 0.4024702 0.4962758
0.5706922 0.7981208 0.5274537 0.6715146 0.6516979
0.8182751 0.7798877 0.6536279 0.6282113 0.5579257
0.5943366 0.4255015 0.40838 0.6719991 0.5706922
0.2537769 0.7798877 0.6516979 0.6516979 0.4898692
0.7995597 0.3517984 0.5943366 0.7373796 0.2056224
0.7826194 0.8715065 0.5943366 0.6516979 0.7388911
0.5943366 0.7995597 0.6227381 0.7630034 0.4020439
0.5706922 0.3726694 0.4962758 0.5706922 0.7001374
0.8488371 0.876682 0.4898692 0.6282113 0.3496714
0.7944254 0.2537769 0.6282113 0.6550099 0.3905518
0.4968964 0.7245967 0.4588931 0.5972453 0.7703179
0.5579257 0.8412596 0.5809171 0.7024264 0.6516979
0.4898692 0.3085502 0.7630034 0.7086815 0.7184594
0.8635783 0.8667781 0.7872848 0.3093899 0.4024702
0.3052981 0.6227381 0.6536279 0.4375367 0.5022459
0.7373796 0.5386717 0.6527954 0.4024702 0.7950347
0.4375367 0.6282113 0.7001374 0.7226141 0.5406358
0.7872848 0.5283812 0.3085502 0.3986792 0.2056224
0.533435 0.7224835 0.6666667 0.3085502 0.5386717
0.5785724 0.6293991 0.5943366 0.8724438 0.7024264
0.4968964 0.5386717
