1 1 1 1 1
1 1 1 1 1
1 1 1 1 1
1 1 1 1 1
1 1 1 1 1
1 1 1 1 1
1 1 1 1 1
1 0.7703179 1 0.6665096 1
0.5706922 0.5875897 0.7703179 0.8715065 1
1 1 0.7373796 0.8715065 1
0.7703179 1 1 0.7703179 1
0.8486688 0.7226141 0.8182751 0.7995597 0.5952467
0.7703179 0.6516979 0.7512475 0.6527954 0.5875897
0.6516979 0.6666667 0.728785 0.6665096 0.7703179
0.8314489 0.4588931 0.8296804 0.8635783 0.3093899
0.7995597 0.7995597 0.8296804 0.7510394 0.7748405
0.7995597 0.2537769 0.7826194 0.5182544 0.8667781
0.6719991 0.8182751 0.8763352 0.7880764 0.7826194
0.7703179 0.7287608 0.8182751 0.7373796 0.5478796
0.7630034 0.5952467 0.7995597 0.6665096 0.8488371
0.8724438 0.4962758 0.5943366 0.7919445 0.8314489
0.7287608 0.876629 0.7001374 0.8635783 0.8724438
0.8488371 0.7630034 0.7024264 0.7512475 0.8488371
0.6665096 0.7995597 0.7019699 0.7024264 0.7950789
0.8715065 0.6665096 0.6666667 0.7703179 0.8412596
0.6282113 0.7373796 0.5943366 0.7703179 0.5972453
0.7981208 0.6767316 0.8724438 0.5706922 0.7024264
0.7703179 0.7981208 0.4968964 0.563078 0.5740192
0.6527954 0.6700197 0.7995597 0.7826194 0.6550099
0.5972453 0.7981208 0.8412596 0.7280482 0.4588931
0.8488371 0.3496714 0.6747754 0.7854488 0.876682
0.5182544 0.8488371 0.8486688 0.7201782 0.876629
0.6719991 0.7024264 0.4926889 0.7024264 0.8488371
0.2056224 0.8724438 0.7630034 0.7703179 0.7001374
0.6516979 0.6722642 0.7630034 0.7880764 0.7334171
0.7630034 0.7019699 0.6516979 0.4622648 0.7024264
0.3496714 0.3905518 0.3729087 0.5952467 0.672433
0.6767316 0.5740192 0.5706922 0.8412596 0.8635783
0.6767316 0.6715146 0.6665096 0.7001374 0.6121825
0.7995597 0.876629 0.6527954 0.7388911 0.6516979
0.6665096 0.6722642 0.7024264 0.8412596 0.8314489
0.6153793 0.3496714 0.7981208 0.8314489 0.7880764
0.7388911 0.6516979 0.4898692 0.7024264 0.638397
0.7373796 0.7199626 0.876682 0.6527954 0.7995597
0.4898692 0.876682 0.5740192 0.7373796 0.7512475
0.7872848 0.6516979 0.6282113 0.4507448 0.7854488
0.4507448 0.7201782 0.6516979 0.4898692 0.6121825
0.1424664 0.7024264 0.7854488 0.7798877 0.4899757
0.193876 0.7512475 0.7226141 0.7224835 0.876629
0.5478796 0.6700197 0.8745254 0.7995597 0.563078
0.4367763 0.7001374 0.8488371 0.7512475 0.5706922
0.7245967 0.8667781 0.6516979 0.4898692 0.4507448
0.5740192 0.876629 0.7703179 0.6516979 0.5706922
0.4898692 0.193876 0.8763352 0.8370139 0.7995597
0.8412596 0.6282113 0.6747754 0.5706922 0.1553757
0.7512475 0.5706922 0.8707993
