1 1 1 1 1
1 1 1 1 1
1 1 1 1 1
1 1 1 1 1
1 1 1 1 1
0.7995597 1 1 1 1
1 0.8314489 1 1 1
1 1 1 0.193876 0.7703179
1 1 1 1 1
1 1 0.5875897 0.6665096 0.7748405
0.8763352 0.7019699 0.7024264 0.6665096 0.8763352
0.8486688 0.876682 0.7024264 0.8715065 0.5706922
0.2191448 0.5875897 0.8715065 1 0.8486688
0.7512475 0.7826194 0.876682 0.7703179 0.5023018
0.6220725 0.8763352 0.6516979 0.5952467 0.5182544
0.5706922 0.7201782 0.5691792 0.5593815 0.7024264
0.5501277 0.7703179 0.4691288 0.7201782 0.7512475
0.4962758 0.7995597 0.7995597 0.8488371 0.3905518
0.6220706 0.728785 0.8715065 0.876682 0.6550099
0.563078 0.6665096 0.2537769 0.7086815 0.7995597
0.2056224 0.8635783 0.6527954 0.8724438 0.6628102
0.5706922 0.7388911 0.7826194 0.7373796 0.8412596
0.7001374 0.7019699 0.5740192 0.6153793 0.7024264
0.5501277 0.6665096 0.876682 0.6719991 0.4898692
0.5780744 0.5706922 0.3905518 0.7703179 0.7001374
0.5706922 0.2056224 0.8296804 0.7748405 0.7226141
0.7024264 0.8724438 0.8763352 0.7226141 0.7024264
0.7995597 0.6666667 0.6628102 0.6527954 0.8573709
0.6715146 0.6665096 0.8182751 0.3574621 0.563078
0.4926889 0.7798877 0.5809171 0.7024264 0.7512475
0.8488371 0.7644048 0.7280482 0.4507448 0.6121825
0.5889737 0.8635783 0.3726694 0.7184594 0.6628102
0.5593815 0.672433 0.4926889 0.4024702 0.6550099
0.8488371 0.3496714 0.8724438 0.7630034 0.7981208
0.638397 0.7512475 0.6665096 0.7995597 0.6767316
0.8745254 0.4310945 0.8182751 0.8724438 0.3496714
0.8667781 0.4507448 0.7510394 0.7024264 0.563078
0.4926889 0.4507448 0.8412596 0.7201782 0.7630034
0.638397 0.5274537 0.7703179 0.6715146 0.3802179
0.5299818 0.3802179 0.5912542 0.876682 0.6747754
0.5706922 0.5706922 0.3802179 0.728785 0.7995597
0.4020439 0.8724438 0.7880764 0.8763352 0.7826194
0.7703179 0.2056224 0.7199626 0.7199626 0.4946223
0.2537769 0.4898692 0.5406358 0.6293991 0.6536279
0.5785724 0.6227476 1 0.7950347 0.5182544
0.7703179 0.4024702 0.3085502 0.3802179 0.349518
0.7512475 0.7995597 0.5501277 0.4452281 0.7019699
0.4686935 0.7950347 0.8412596 0.5274537 0.7880764
0.563078 0.7630034 0.533435 0.6516979 0.5706922
0.5875897 0.538416 0.5943366 0.7280482 0.7981208
0.7981208 0.8573709 0.4164416 0.6628102 0.7201782
0.7024264 0.5501277 0.5274537 0.638397 0.8488371
0.8314489 0.6767316 0.193876 0.8763352 0.7510394
0.7826194 0.6715146 0.6153793 0.6220706 0.6227476
0.6227381 0.2872004 0.5023018 0.7995597 0.8724438
0.2537769 0.8182751 0.7184594 0.7019699 0.7826194
0.6516979 0.5367498 0.3905518 0.3093899 0.6516979
0.5022459 0.5706922 0.476305 0.5274537 0.5809171
0.5274537 0.6747754 0.6719991 0.7944254 0.7950347
0.7226141 0.3905518 0.5706922 0.476305 0.638397
0.6130622 0.6536279 0.876629 0.7944254 0.4898692
0.8488371 0.7944254 0.7280482 0.7630034 0.7798877
0.5706922 0.6550099 0.6516979 0.4898692 0.8724438
0.7373796 0.6715146 0.6747754 0.7334171 0.4024702
0.7880764 0.8745254 0.8763352 0.5501277 0.7024264
0.3274721 0.5501277 0.5501277 0.4649193 0.5266293
0.7703179 0.4899757 0.8488371 0.6468215 0.4507448
0.7644048 0.5809171 0.7880764 0.6715146 0.5501277
0.638397 0.5809171 0.4686935 0.8486688 0.6628102
0.5785724 0.6227381 0.728785 0.7950347 0.5501277
0.7512475 0.5706922
