1 1 1 1 1
1 1 1 1 1
1 1 1 1 1
1 1 1 1 1
1 1 1 1 1
1 1 1 1 1
1 1 1 1 0.7024264
1 1 0.8488371 0.6527954 0.6516979
1 1 0.8635783 1 0.6665096
1 0.3496714 1 0.7826194 0.7703179
0.7512475 0.7024264 0.8182751 0.7703179 0.7373796
0.7995597 0.7512475 0.7280482 0.8486688 0.7703179
0.193876 0.8182751 0.5943366 0.6527954 0.7703179
0.6747754 0.7512475 0.4898692 0.7373796 0.8488371
1 0.728785 0.7024264 0.7373796 0.7630034
0.8296804 0.8715065 0.5875897 0.8412596 1
0.6665096 0.7001374 0.8412596 0.7703179 0.6665096
0.6444048 0.7981208 0.8573709 0.8724438 0.7995597
1 0.876682 0.7748405 0.5809171 0.3802179
0.4926889 0.8724438 0.5501277 0.4507448 0.7995597
0.8763352 0.8715065 0.8182751 0.7703179 0.7388911
0.8412596 1 0.5952467 0.7512475 0.6282113
0.1553757 0.4962758 0.8488371 0.5875897 0.8724438
0.7024264 0.3093899 0.193876 0.4622648 0.7995597
0.8763352 0.5706922 0.6665096 0.5406358 0.8745254
0.7798877 0.3093899 0.6153793 0.6666667 0.7512475
0.8763352 0.5740192 0.7880764 0.8635783 0.8314489
0.6550099 0.7981208 0.6767316 0.8182751 0.7981208
0.7981208 0.6550099 0.4962758 0.8314489 0.7944254
0.538416 0.7373796 0.6516979 0.6282113 0.7512475
0.8573709 0.6293991 0.7001374 0.6516979 0.7826194
0.563078 0.3093899 0.5706922 0.7388911 0.8667781
0.5706922 0.7024264 0.728785 0.7510394 0.6516979
0.2537769 0.6550099 0.8763352 0.5740192 0.7995597
0.7024264 0.8724438 0.8488371 0.3093899 0.7995597
0.7024264 0.6060827 0.8763352 0.7981208 0.638397
0.476305 0.5706922 0.7944254 0.3905518 0.6550099
0.6516979 0.402512 0.5943366 0.4367763 0.7024264
0.4507448 0.7373796 0.8314489 0.7245967 0.6715146
0.6516979 0.4898692 0.7995597 0.7981208 0.5740192
0.7184594 0.6590158 0.4898692 0.3905518 0.6516979
0.638397 0.7199626 0.7280482 0.6527954 0.7981208
0.6767316 0.7280482 0.5943366 0.3496714 0.3517984
0.6060827 0.7226141 0.5182544 0.7630034 0.7086815
0.6468215 0.7703179 0.7024264 0.7880764 0.7024264
0.8724438 0.5023018 0.7224835 0.4507448 0.2056224
0.6715146 0.6516979 0.876629 0.7024264 0.3517984
0.5706922 0.4024702 0.7388911 0.7510394 0.6767316
0.6719991 0.4918391 0.876682 0.7201782 0.7826194
0.6527954 0.5785724 0.4507448 0.8488371 0.6516979
0.4898692 0.4588931 0.7981208 0.7919445 0.4898692
0.8724438 0.7944254 0.5780744 0.7024264 0.4588931
0.7703179 0.7748405 0.7019699 0.5084778 0.8488371
0.6301787 0.6536279 0.3085502 0.3052981 0.8745254
0.6767316 0.6153793 0.3230542 0.4024702 0.8745254
0.6715146 0.8688518 0.6220725 0.2191448 0.2537769
0.4898692 0.8715065 0.8635783 0.8667781 0.638397
0.7373796 0.4020439 0.6516979 0.1553757 0.5706922
0.5133327 0.7226141 0.4691288 0.563078 0.5299818
0.5809171 0.3802179 0.6516979 0.4898692 0.6747754
0.6747754 0.5892148 0.6590158 0.7703179 0.5706922
0.5579257 0.6516979 0.5400729 0.5501277 0.7880764
0.6722642 0.6227381 0.8488371 0.7019699 0.638397
0.7184594 0.4106287 0.6516979 0.4898104 0.8724438
0.8667781 0.3517984 0.4452281 0.4367763 0.5182544
0.5780744 0.6220725 0.7490779 0.8724438 0.7880764
0.4624624 0.4330043 0.876629 0.5501277 0.2191448
0.876629 0.563078 0.7201782 0.6227381 0.5780744
0.876682 0.667409 0.6130622 0.3911885 0.5912542
0.3496714 0.4649193 0.2056224 0.4898692 0.6550099
0.7512475 0.5501277 0.2325394 0.5785724 0.6227381
0.3905518 0.8763352 0.8724438 0.7995597 0.4624504
0.6516979 0.5023018 0.6227381 0.7373796 0.876682
0.4024702 0.7280482 0.6153793
